2022-01-14T00:00:14 925.0 23.5 56.3
2022-01-14T00:01:14 925.1 23.4 56.8
2022-01-14T00:02:13 925.1 23.3 57.4
2022-01-14T00:03:14 925.2 23.2 58.3
2022-01-14T00:04:14 925.3 23.1 59.0
2022-01-14T00:05:14 925.3 23.1 60.0
2022-01-14T00:06:14 925.4 23.1 61.0
2022-01-14T00:07:14 925.4 23.0 61.7
2022-01-14T00:08:14 925.5 23.0 62.0
2022-01-14T00:09:14 925.5 22.9 63.1
2022-01-14T00:10:14 925.5 22.9 63.7
2022-01-14T00:11:14 925.5 22.9 64.1
2022-01-14T00:12:14 925.5 22.8 65.2
2022-01-14T00:13:13 925.6 22.7 66.1
2022-01-14T00:14:13 925.6 22.8 66.1
2022-01-14T00:15:13 925.6 22.6 66.6
2022-01-14T00:16:13 925.6 22.4 67.9
2022-01-14T00:17:13 925.6 22.1 68.9
2022-01-14T00:18:13 925.6 22.1 69.3
2022-01-14T00:19:13 925.6 22.0 70.0
2022-01-14T00:20:13 925.6 21.9 70.1
2022-01-14T00:21:13 925.6 21.9 70.3
2022-01-14T00:22:13 925.6 21.8 71.1
2022-01-14T00:23:13 925.6 21.8 71.3
2022-01-14T00:24:13 925.6 21.7 72.2
2022-01-14T00:25:13 925.6 21.6 72.7
2022-01-14T00:26:13 925.6 21.6 72.9
2022-01-14T00:27:13 925.6 21.5 73.1
2022-01-14T00:28:13 925.5 21.3 73.3
2022-01-14T00:29:13 925.5 21.2 73.6
2022-01-14T00:30:13 925.5 21.2 73.7
2022-01-14T00:31:13 925.5 21.2 73.7
2022-01-14T00:32:13 925.5 21.3 72.6
2022-01-14T00:33:13 925.5 21.3 72.7
2022-01-14T00:34:13 925.5 21.2 72.5
2022-01-14T00:35:13 925.5 21.2 72.6
2022-01-14T00:36:13 925.5 21.3 72.3
2022-01-14T00:37:13 925.5 21.3 72.1
2022-01-14T00:38:13 925.5 21.4 71.6
2022-01-14T00:39:13 925.4 21.4 71.5
2022-01-14T00:40:13 925.4 21.4 71.0
2022-01-14T00:41:13 925.4 21.5 70.8
2022-01-14T00:42:13 925.4 21.4 70.0
2022-01-14T00:43:13 925.4 21.4 70.0
2022-01-14T00:44:13 925.5 21.3 70.2
2022-01-14T00:45:13 925.5 21.3 70.2
2022-01-14T00:46:13 925.5 21.3 70.4
2022-01-14T00:47:13 925.5 21.3 70.5
2022-01-14T00:48:13 925.5 21.4 70.2
2022-01-14T00:49:13 925.5 21.5 69.8
2022-01-14T00:50:13 925.5 21.6 69.5
2022-01-14T00:51:13 925.5 21.6 69.2
2022-01-14T00:52:13 925.6 21.6 69.6
2022-01-14T00:53:13 925.6 21.6 69.0
2022-01-14T00:54:13 925.6 21.6 69.3
2022-01-14T00:55:13 925.6 21.6 69.0
2022-01-14T00:56:13 925.6 21.7 69.0
2022-01-14T00:57:13 925.6 21.7 68.8
2022-01-14T00:58:13 925.6 21.7 69.0
2022-01-14T00:59:13 925.5 21.8 68.7
2022-01-14T01:00:13 925.5 21.9 68.2
2022-01-14T01:01:13 925.5 21.9 68.4
2022-01-14T01:02:13 925.5 21.9 68.6
2022-01-14T01:03:13 925.4 22.0 68.2
2022-01-14T01:04:13 925.4 22.0 67.9
2022-01-14T01:05:13 925.4 22.1 67.7
2022-01-14T01:06:13 925.4 22.1 67.7
2022-01-14T01:07:13 925.5 22.1 67.8
2022-01-14T01:08:13 925.5 22.1 67.8
2022-01-14T01:09:13 925.5 22.2 67.6
2022-01-14T01:10:13 925.6 22.2 67.1
2022-01-14T01:11:13 925.6 22.2 67.4
2022-01-14T01:12:13 925.6 22.3 67.0
2022-01-14T01:13:13 925.6 22.3 67.0
2022-01-14T01:14:13 925.6 22.3 66.7
2022-01-14T01:15:13 925.6 22.3 66.1
2022-01-14T01:16:13 925.5 22.3 65.6
2022-01-14T01:17:13 925.5 22.2 65.5
2022-01-14T01:18:13 925.5 22.1 66.2
2022-01-14T01:19:13 925.5 22.1 66.0
2022-01-14T01:20:13 925.5 22.1 65.9
2022-01-14T01:21:13 925.5 22.1 66.1
2022-01-14T01:22:13 925.5 22.0 66.2
2022-01-14T01:23:13 925.5 22.0 66.2
2022-01-14T01:24:13 925.5 21.9 66.6
2022-01-14T01:25:13 925.5 21.9 66.9
2022-01-14T01:26:13 925.5 21.9 66.8
2022-01-14T01:27:13 925.5 21.9 66.8
2022-01-14T01:28:13 925.5 22.0 66.7
2022-01-14T01:29:13 925.4 21.9 66.9
2022-01-14T01:30:13 925.4 21.8 67.2
2022-01-14T01:31:13 925.4 21.8 67.7
2022-01-14T01:32:13 925.4 21.7 67.6
2022-01-14T01:33:13 925.4 21.7 68.1
2022-01-14T01:34:13 925.3 21.7 68.1
2022-01-14T01:35:13 925.3 21.8 67.8
2022-01-14T01:36:13 925.3 21.8 68.3
2022-01-14T01:37:13 925.3 21.8 68.1
2022-01-14T01:38:13 925.3 21.8 68.2
2022-01-14T01:39:13 925.3 21.7 68.5
2022-01-14T01:40:13 925.3 21.6 68.9
2022-01-14T01:41:13 925.2 21.6 69.1
2022-01-14T01:42:13 925.2 21.6 69.3
2022-01-14T01:43:13 925.2 21.6 69.5
2022-01-14T01:44:13 925.2 21.6 69.7
2022-01-14T01:45:13 925.2 21.6 69.8
2022-01-14T01:46:13 925.3 21.6 69.9
2022-01-14T01:47:13 925.3 21.6 70.1
2022-01-14T01:48:13 925.3 21.5 70.4
2022-01-14T01:49:13 925.3 21.6 70.2
2022-01-14T01:50:13 925.3 21.6 70.4
2022-01-14T01:51:13 925.2 21.5 70.7
2022-01-14T01:52:13 925.2 21.6 70.8
2022-01-14T01:53:13 925.2 21.7 70.2
2022-01-14T01:54:13 925.2 21.7 70.4
2022-01-14T01:55:13 925.2 21.8 70.0
2022-01-14T01:56:13 925.2 21.8 70.0
2022-01-14T01:57:13 925.2 21.8 69.9
2022-01-14T01:58:13 925.3 21.8 69.8
2022-01-14T01:59:13 925.2 21.7 70.3
2022-01-14T02:00:13 925.2 21.7 70.5
2022-01-14T02:01:13 925.3 21.7 70.5
2022-01-14T02:02:13 925.3 21.7 70.3
2022-01-14T02:03:13 925.3 21.6 70.5
2022-01-14T02:04:13 925.3 21.6 70.7
2022-01-14T02:05:13 925.3 21.6 70.9
2022-01-14T02:06:13 925.3 21.7 70.6
2022-01-14T02:07:13 925.3 21.7 70.5
2022-01-14T02:08:13 925.2 21.8 70.2
2022-01-14T02:09:13 925.2 21.7 70.3
2022-01-14T02:10:13 925.2 21.8 70.0
2022-01-14T02:11:13 925.2 21.8 69.7
2022-01-14T02:12:13 925.2 21.8 69.6
2022-01-14T02:13:13 925.2 21.8 69.5
2022-01-14T02:14:13 925.2 21.8 69.5
2022-01-14T02:15:13 925.2 21.8 69.3
2022-01-14T02:16:13 925.2 21.8 69.5
2022-01-14T02:17:13 925.2 21.8 69.6
2022-01-14T02:18:13 925.2 21.8 69.2
2022-01-14T02:19:13 925.2 21.8 69.6
2022-01-14T02:20:13 925.2 21.8 69.7
2022-01-14T02:21:13 925.2 21.9 69.4
2022-01-14T02:22:13 925.2 21.9 69.0
2022-01-14T02:23:13 925.2 21.9 68.7
2022-01-14T02:24:13 925.2 22.0 68.8
2022-01-14T02:25:13 925.2 22.0 68.6
2022-01-14T02:26:13 925.2 22.0 68.6
2022-01-14T02:27:13 925.2 22.0 68.3
2022-01-14T02:28:13 925.2 21.9 68.7
2022-01-14T02:29:13 925.2 22.0 68.5
2022-01-14T02:30:13 925.2 22.0 68.3
2022-01-14T02:31:13 925.2 21.9 68.4
2022-01-14T02:32:13 925.2 22.0 68.3
2022-01-14T02:33:13 925.2 22.0 68.3
2022-01-14T02:34:13 925.2 22.0 68.2
2022-01-14T02:35:13 925.2 22.0 67.7
2022-01-14T02:36:13 925.2 22.0 68.2
2022-01-14T02:37:13 925.2 22.0 67.9
2022-01-14T02:38:13 925.2 22.1 67.8
2022-01-14T02:39:13 925.2 22.1 67.5
2022-01-14T02:40:13 925.2 22.1 67.0
2022-01-14T02:41:13 925.1 22.1 67.5
2022-01-14T02:42:13 925.1 22.1 66.5
2022-01-14T02:43:13 925.1 22.2 66.6
2022-01-14T02:44:13 925.1 22.2 66.7
2022-01-14T02:45:13 925.0 22.2 66.6
2022-01-14T02:46:13 925.0 22.2 66.3
2022-01-14T02:47:13 925.0 22.1 66.7
2022-01-14T02:48:13 925.0 22.1 66.5
2022-01-14T02:49:13 924.9 22.1 67.2
2022-01-14T02:50:13 924.9 22.1 67.0
2022-01-14T02:51:13 924.9 22.2 66.8
2022-01-14T02:52:13 924.9 22.2 66.4
2022-01-14T02:53:13 924.9 22.2 66.3
2022-01-14T02:54:13 924.9 22.2 66.3
2022-01-14T02:55:13 924.9 22.2 66.0
2022-01-14T02:56:13 924.9 22.2 65.9
2022-01-14T02:57:13 924.8 22.2 64.1
2022-01-14T02:58:13 924.8 22.3 64.5
2022-01-14T02:59:13 924.8 22.3 64.5
2022-01-14T03:00:13 924.8 22.3 65.4
2022-01-14T03:01:13 924.7 22.3 64.9
2022-01-14T03:02:13 924.7 22.4 64.6
2022-01-14T03:03:13 924.7 22.4 64.0
2022-01-14T03:04:13 924.7 22.4 63.3
2022-01-14T03:05:13 924.7 22.5 63.2
2022-01-14T03:06:13 924.7 22.5 63.3
2022-01-14T03:07:13 924.7 22.5 63.5
2022-01-14T03:08:13 924.7 22.5 63.7
2022-01-14T03:09:13 924.7 22.5 63.1
2022-01-14T03:10:13 924.7 22.5 63.7
2022-01-14T03:11:13 924.6 22.5 62.7
2022-01-14T03:12:13 924.6 22.5 62.8
2022-01-14T03:13:13 924.6 22.5 62.3
2022-01-14T03:14:13 924.6 22.6 62.2
2022-01-14T03:15:13 924.6 22.6 62.5
2022-01-14T03:16:13 924.6 22.6 62.1
2022-01-14T03:17:13 924.6 22.6 62.0
2022-01-14T03:18:13 924.6 22.6 62.0
2022-01-14T03:19:13 924.7 22.6 62.0
2022-01-14T03:20:13 924.7 22.6 61.6
2022-01-14T03:21:13 924.7 22.7 61.6
2022-01-14T03:22:13 924.6 22.7 61.5
2022-01-14T03:23:13 924.6 22.7 61.6
2022-01-14T03:24:13 924.6 22.7 61.4
2022-01-14T03:25:13 924.6 22.7 61.2
2022-01-14T03:26:13 924.6 22.7 61.1
2022-01-14T03:27:13 924.6 22.7 61.0
2022-01-14T03:28:13 924.6 22.7 61.2
2022-01-14T03:29:13 924.6 22.7 61.1
2022-01-14T03:30:13 924.6 22.7 61.2
2022-01-14T03:31:13 924.6 22.7 61.2
2022-01-14T03:32:13 924.5 22.6 61.4
2022-01-14T03:33:13 924.5 22.6 61.0
2022-01-14T03:34:13 924.5 22.6 61.3
2022-01-14T03:35:13 924.5 22.6 61.3
2022-01-14T03:36:13 924.5 22.6 61.3
2022-01-14T03:37:13 924.5 22.6 61.3
2022-01-14T03:38:13 924.5 22.5 61.3
2022-01-14T03:39:13 924.5 22.5 61.2
2022-01-14T03:40:13 924.4 22.5 61.3
2022-01-14T03:41:13 924.4 22.5 61.6
2022-01-14T03:42:13 924.4 22.6 61.4
2022-01-14T03:43:13 924.4 22.5 61.5
2022-01-14T03:44:13 924.4 22.5 61.8
2022-01-14T03:45:13 924.4 22.5 61.5
2022-01-14T03:46:13 924.3 22.5 61.6
2022-01-14T03:47:13 924.3 22.5 61.7
2022-01-14T03:48:13 924.3 22.5 61.8
2022-01-14T03:49:13 924.3 22.5 61.7
2022-01-14T03:50:13 924.3 22.5 62.0
2022-01-14T03:51:13 924.2 22.5 61.4
2022-01-14T03:52:13 924.2 22.5 61.4
2022-01-14T03:53:13 924.2 22.6 61.5
2022-01-14T03:54:13 924.2 22.6 61.5
2022-01-14T03:55:13 924.2 22.6 61.2
2022-01-14T03:56:13 924.2 22.5 61.4
2022-01-14T03:57:13 924.2 22.5 61.4
2022-01-14T03:58:13 924.1 22.6 61.5
2022-01-14T03:59:13 924.1 22.6 61.4
2022-01-14T04:00:13 924.1 22.6 61.6
2022-01-14T04:01:13 924.1 22.5 61.6
2022-01-14T04:02:13 924.1 22.5 61.6
2022-01-14T04:03:13 924.1 22.5 61.2
2022-01-14T04:04:13 924.1 22.5 61.4
2022-01-14T04:05:13 924.1 22.5 61.3
2022-01-14T04:06:13 924.1 22.5 61.3
2022-01-14T04:07:13 924.1 22.5 61.5
2022-01-14T04:08:13 924.0 22.5 61.4
2022-01-14T04:09:13 924.0 22.4 61.6
2022-01-14T04:10:13 924.0 22.4 61.9
2022-01-14T04:11:13 924.0 22.4 61.7
2022-01-14T04:12:13 924.0 22.4 61.9
2022-01-14T04:13:13 924.0 22.4 62.0
2022-01-14T04:14:13 924.0 22.3 62.2
2022-01-14T04:15:13 924.0 22.3 62.3
2022-01-14T04:16:13 924.0 22.3 62.5
2022-01-14T04:17:13 924.0 22.3 62.5
2022-01-14T04:18:13 924.0 22.3 62.6
2022-01-14T04:19:13 924.0 22.3 63.3
2022-01-14T04:20:13 924.0 22.2 62.9
2022-01-14T04:21:13 924.0 22.2 63.0
2022-01-14T04:22:13 924.0 22.2 63.3
2022-01-14T04:23:13 924.0 22.2 63.1
2022-01-14T04:24:13 923.9 22.2 63.0
2022-01-14T04:25:13 923.9 22.3 63.0
2022-01-14T04:26:13 923.9 22.3 63.6
2022-01-14T04:27:13 923.9 22.3 62.8
2022-01-14T04:28:13 923.9 22.3 62.9
2022-01-14T04:29:13 923.9 22.3 63.1
2022-01-14T04:30:13 923.9 22.3 63.2
2022-01-14T04:31:13 923.9 22.3 63.3
2022-01-14T04:32:13 923.9 22.3 63.2
2022-01-14T04:33:13 924.0 22.3 63.6
2022-01-14T04:34:13 924.0 22.3 63.0
2022-01-14T04:35:13 923.9 22.3 63.1
2022-01-14T04:36:13 923.9 22.3 62.7
2022-01-14T04:37:13 923.9 22.3 63.0
2022-01-14T04:38:13 923.9 22.3 62.8
2022-01-14T04:39:13 923.9 22.3 62.8
2022-01-14T04:40:13 923.8 22.3 62.8
2022-01-14T04:41:13 923.8 22.3 63.2
2022-01-14T04:42:13 923.9 22.3 62.3
2022-01-14T04:43:13 923.9 22.3 62.5
2022-01-14T04:44:13 923.9 22.3 62.0
2022-01-14T04:45:13 923.9 22.3 61.8
2022-01-14T04:46:13 923.9 22.3 62.0
2022-01-14T04:47:13 923.9 22.3 61.9
2022-01-14T04:48:13 923.9 22.3 61.8
2022-01-14T04:49:13 923.9 22.3 61.8
2022-01-14T04:50:13 923.8 22.3 61.8
2022-01-14T04:51:13 923.8 22.3 61.7
2022-01-14T04:52:13 923.8 22.3 61.7
2022-01-14T04:53:13 923.8 22.3 61.6
2022-01-14T04:54:13 923.8 22.3 61.5
2022-01-14T04:55:13 923.8 22.3 61.5
2022-01-14T04:56:13 923.8 22.3 61.4
2022-01-14T04:57:13 923.8 22.3 61.4
2022-01-14T04:58:13 923.8 22.3 61.2
2022-01-14T04:59:13 923.8 22.3 61.3
2022-01-14T05:00:13 923.7 22.3 61.2
2022-01-14T05:01:13 923.7 22.3 61.1
2022-01-14T05:02:13 923.7 22.3 61.1
2022-01-14T05:03:13 923.7 22.3 61.1
2022-01-14T05:04:13 923.7 22.3 61.2
2022-01-14T05:05:13 923.7 22.3 61.1
2022-01-14T05:06:13 923.7 22.3 61.2
2022-01-14T05:07:13 923.7 22.3 61.1
2022-01-14T05:08:13 923.7 22.3 61.0
2022-01-14T05:09:13 923.7 22.3 61.1
2022-01-14T05:10:13 923.7 22.3 60.9
2022-01-14T05:11:13 923.7 22.3 61.0
2022-01-14T05:12:13 923.7 22.3 61.2
2022-01-14T05:13:13 923.6 22.3 61.0
2022-01-14T05:14:13 923.6 22.3 61.1
2022-01-14T05:15:13 923.6 22.3 60.8
2022-01-14T05:16:13 923.6 22.3 60.9
2022-01-14T05:17:13 923.6 22.3 60.8
2022-01-14T05:18:13 923.6 22.3 60.6
2022-01-14T05:19:13 923.5 22.3 60.8
2022-01-14T05:20:13 923.5 22.3 60.8
2022-01-14T05:21:13 923.5 22.3 60.9
2022-01-14T05:22:13 923.5 22.3 60.7
2022-01-14T05:23:13 923.5 22.3 60.7
2022-01-14T05:24:13 923.5 22.3 60.6
2022-01-14T05:25:13 923.5 22.3 60.5
2022-01-14T05:26:13 923.5 22.3 60.3
2022-01-14T05:27:13 923.5 22.3 60.1
2022-01-14T05:28:13 923.5 22.3 60.2
2022-01-14T05:29:13 923.5 22.3 59.9
2022-01-14T05:30:13 923.5 22.3 59.8
2022-01-14T05:31:13 923.5 22.4 60.0
2022-01-14T05:32:13 923.5 22.4 59.3
2022-01-14T05:33:13 923.5 22.4 59.3
2022-01-14T05:34:13 923.5 22.4 59.1
2022-01-14T05:35:13 923.5 22.4 58.9
2022-01-14T05:36:13 923.5 22.4 58.7
2022-01-14T05:37:13 923.5 22.4 58.7
2022-01-14T05:38:13 923.4 22.4 58.6
2022-01-14T05:39:13 923.4 22.4 58.4
2022-01-14T05:40:13 923.4 22.4 58.9
2022-01-14T05:41:13 923.4 22.4 58.8
2022-01-14T05:42:13 923.4 22.4 58.8
2022-01-14T05:43:13 923.4 22.4 58.7
2022-01-14T05:44:13 923.4 22.4 59.0
2022-01-14T05:45:13 923.4 22.4 59.1
2022-01-14T05:46:13 923.4 22.4 59.2
2022-01-14T05:47:13 923.5 22.4 59.3
2022-01-14T05:48:13 923.5 22.3 59.2
2022-01-14T05:49:13 923.5 22.4 59.3
2022-01-14T05:50:13 923.5 22.3 59.3
2022-01-14T05:51:13 923.5 22.3 59.2
2022-01-14T05:52:13 923.5 22.4 59.0
2022-01-14T05:53:13 923.5 22.4 59.1
2022-01-14T05:54:13 923.5 22.4 58.9
2022-01-14T05:55:13 923.5 22.4 58.9
2022-01-14T05:56:13 923.5 22.4 58.6
2022-01-14T05:57:13 923.4 22.4 58.5
2022-01-14T05:58:13 923.4 22.4 58.6
2022-01-14T05:59:13 923.4 22.4 58.6
2022-01-14T06:00:13 923.4 22.4 58.7
2022-01-14T06:01:13 923.4 22.4 58.6
2022-01-14T06:02:13 923.4 22.4 58.4
2022-01-14T06:03:13 923.4 22.4 58.4
2022-01-14T06:04:13 923.4 22.4 57.7
2022-01-14T06:05:13 923.4 22.5 57.5
2022-01-14T06:06:13 923.4 22.5 57.5
2022-01-14T06:07:13 923.4 22.5 57.6
2022-01-14T06:08:13 923.4 22.5 57.6
2022-01-14T06:09:13 923.4 22.5 57.2
2022-01-14T06:10:13 923.4 22.5 57.4
2022-01-14T06:11:13 923.4 22.5 57.5
2022-01-14T06:12:13 923.4 22.5 57.8
2022-01-14T06:13:13 923.4 22.5 57.2
2022-01-14T06:14:13 923.4 22.5 57.3
2022-01-14T06:15:13 923.4 22.5 57.5
2022-01-14T06:16:13 923.4 22.5 57.5
2022-01-14T06:17:13 923.5 22.5 57.4
2022-01-14T06:18:13 923.5 22.5 57.4
2022-01-14T06:19:13 923.5 22.5 57.4
2022-01-14T06:20:13 923.5 22.5 57.4
2022-01-14T06:21:13 923.5 22.5 57.7
2022-01-14T06:22:13 923.5 22.5 57.3
2022-01-14T06:23:13 923.5 22.5 57.4
2022-01-14T06:24:13 923.5 22.5 57.4
2022-01-14T06:25:13 923.5 22.4 57.7
2022-01-14T06:26:13 923.5 22.4 57.8
2022-01-14T06:27:13 923.5 22.4 57.6
2022-01-14T06:28:13 923.5 22.4 57.5
2022-01-14T06:29:13 923.5 22.4 57.5
2022-01-14T06:30:13 923.5 22.4 57.5
2022-01-14T06:31:13 923.5 22.4 57.7
2022-01-14T06:32:13 923.5 22.4 57.6
2022-01-14T06:33:13 923.5 22.4 57.8
2022-01-14T06:34:13 923.5 22.4 57.8
2022-01-14T06:35:13 923.5 22.4 57.9
2022-01-14T06:36:13 923.5 22.4 58.0
2022-01-14T06:37:13 923.5 22.4 58.0
2022-01-14T06:38:13 923.4 22.4 58.0
2022-01-14T06:39:13 923.4 22.3 57.9
2022-01-14T06:40:13 923.4 22.4 58.1
2022-01-14T06:41:13 923.4 22.3 58.2
2022-01-14T06:42:13 923.4 22.3 58.4
2022-01-14T06:43:13 923.4 22.3 58.4
2022-01-14T06:44:13 923.5 22.3 58.3
2022-01-14T06:45:13 923.5 22.3 58.2
2022-01-14T06:46:13 923.5 22.3 58.1
2022-01-14T06:47:13 923.5 22.4 58.1
2022-01-14T06:48:13 923.5 22.3 58.3
2022-01-14T06:49:13 923.5 22.3 58.3
2022-01-14T06:50:13 923.5 22.3 58.1
2022-01-14T06:51:13 923.5 22.3 58.0
2022-01-14T06:52:13 923.5 22.4 58.1
2022-01-14T06:53:13 923.5 22.4 58.3
2022-01-14T06:54:13 923.5 22.3 58.3
2022-01-14T06:55:13 923.5 22.3 58.7
2022-01-14T06:56:13 923.5 22.3 58.8
2022-01-14T06:57:13 923.5 22.3 59.1
2022-01-14T06:58:13 923.6 22.2 58.9
2022-01-14T06:59:13 923.6 22.2 59.0
2022-01-14T07:00:13 923.6 22.2 59.3
2022-01-14T07:01:13 923.6 22.2 59.2
2022-01-14T07:02:13 923.6 22.1 59.2
2022-01-14T07:03:13 923.6 22.1 59.3
2022-01-14T07:04:13 923.6 22.1 59.1
2022-01-14T07:05:13 923.6 22.1 59.1
2022-01-14T07:06:13 923.6 22.1 59.1
2022-01-14T07:07:13 923.6 22.1 59.5
2022-01-14T07:08:13 923.6 22.1 59.5
2022-01-14T07:09:13 923.6 22.1 59.7
2022-01-14T07:10:13 923.6 22.0 59.9
2022-01-14T07:11:13 923.6 22.0 60.4
2022-01-14T07:12:13 923.6 22.0 59.8
2022-01-14T07:13:13 923.6 22.0 59.9
2022-01-14T07:14:13 923.7 22.0 60.3
2022-01-14T07:15:13 923.7 21.9 60.7
2022-01-14T07:16:13 923.7 21.9 60.4
2022-01-14T07:17:13 923.7 21.9 60.8
2022-01-14T07:18:13 923.7 21.9 60.4
2022-01-14T07:19:13 923.7 22.0 59.8
2022-01-14T07:20:13 923.7 22.0 60.2
2022-01-14T07:21:13 923.7 21.9 60.0
2022-01-14T07:22:13 923.7 22.0 59.7
2022-01-14T07:23:13 923.7 22.0 60.1
2022-01-14T07:24:13 923.7 21.9 60.4
2022-01-14T07:25:13 923.7 21.9 60.4
2022-01-14T07:26:13 923.7 21.9 60.8
2022-01-14T07:27:13 923.7 21.8 61.2
2022-01-14T07:28:13 923.7 21.8 61.8
2022-01-14T07:29:13 923.7 21.7 62.5
2022-01-14T07:30:13 923.8 21.7 62.7
2022-01-14T07:31:13 923.8 21.6 63.2
2022-01-14T07:32:13 923.8 21.5 61.8
2022-01-14T07:33:13 923.8 21.7 61.1
2022-01-14T07:34:13 923.8 21.7 61.0
2022-01-14T07:35:13 923.8 21.7 61.4
2022-01-14T07:36:13 923.8 21.7 61.5
2022-01-14T07:37:13 923.9 21.6 62.1
2022-01-14T07:38:13 923.9 21.5 62.9
2022-01-14T07:39:13 923.9 21.5 63.2
2022-01-14T07:40:13 923.9 21.4 63.3
2022-01-14T07:41:13 923.9 21.4 63.5
2022-01-14T07:42:13 923.9 21.4 62.2
2022-01-14T07:43:13 923.9 21.5 61.4
2022-01-14T07:44:13 924.0 21.5 62.5
2022-01-14T07:45:13 924.0 21.4 62.5
2022-01-14T07:46:13 924.0 21.4 63.1
2022-01-14T07:47:13 924.0 21.3 62.8
2022-01-14T07:48:13 924.0 21.3 63.0
2022-01-14T07:49:13 923.9 21.3 62.7
2022-01-14T07:50:13 923.9 21.4 61.8
2022-01-14T07:51:13 923.9 21.4 62.2
2022-01-14T07:52:13 923.9 21.4 62.5
2022-01-14T07:53:13 923.9 21.4 62.4
2022-01-14T07:54:13 923.9 21.4 63.0
2022-01-14T07:55:13 923.9 21.3 63.4
2022-01-14T07:56:13 924.0 21.3 62.8
2022-01-14T07:57:13 924.0 21.4 62.5
2022-01-14T07:58:13 924.0 21.4 62.7
2022-01-14T07:59:13 924.0 21.3 62.8
2022-01-14T08:00:13 924.0 21.3 63.2
2022-01-14T08:01:13 924.0 21.3 62.6
2022-01-14T08:02:13 924.1 21.3 63.0
2022-01-14T08:03:13 924.1 21.3 62.8
2022-01-14T08:04:13 924.1 21.3 64.0
2022-01-14T08:05:13 924.1 21.2 64.0
2022-01-14T08:06:13 924.1 21.2 63.3
2022-01-14T08:07:13 924.1 21.2 63.7
2022-01-14T08:08:13 924.1 21.2 62.8
2022-01-14T08:09:13 924.1 21.4 61.9
2022-01-14T08:10:13 924.2 21.4 61.6
2022-01-14T08:11:13 924.2 21.5 62.1
2022-01-14T08:12:13 924.2 21.4 62.7
2022-01-14T08:13:13 924.2 21.4 62.7
2022-01-14T08:14:13 924.2 21.4 63.2
2022-01-14T08:15:13 924.3 21.3 64.2
2022-01-14T08:16:13 924.3 21.2 64.4
2022-01-14T08:17:13 924.3 21.1 63.9
2022-01-14T08:18:13 924.3 21.0 64.8
2022-01-14T08:19:13 924.3 21.0 65.0
2022-01-14T08:20:13 924.3 20.9 65.3
2022-01-14T08:21:13 924.3 20.9 64.6
2022-01-14T08:22:13 924.3 21.0 64.6
2022-01-14T08:23:13 924.4 21.0 65.4
2022-01-14T08:24:13 924.4 20.9 64.5
2022-01-14T08:25:13 924.4 21.0 64.2
2022-01-14T08:26:13 924.4 21.0 64.4
2022-01-14T08:27:13 924.4 21.0 64.3
2022-01-14T08:28:13 924.4 21.1 64.0
2022-01-14T08:29:13 924.4 21.1 64.3
2022-01-14T08:30:13 924.4 21.1 64.5
2022-01-14T08:31:13 924.4 21.1 64.3
2022-01-14T08:32:13 924.5 21.1 64.4
2022-01-14T08:33:13 924.5 21.0 65.0
2022-01-14T08:34:13 924.5 21.0 64.7
2022-01-14T08:35:13 924.5 21.0 64.9
2022-01-14T08:36:13 924.5 21.0 65.3
2022-01-14T08:37:13 924.5 20.9 65.9
2022-01-14T08:38:13 924.5 20.9 66.3
2022-01-14T08:39:13 924.5 20.8 65.8
2022-01-14T08:40:13 924.6 20.9 65.9
2022-01-14T08:41:13 924.6 20.9 65.7
2022-01-14T08:42:13 924.6 20.9 65.1
2022-01-14T08:43:13 924.6 20.9 65.9
2022-01-14T08:44:13 924.6 20.9 65.3
2022-01-14T08:45:13 924.6 21.0 65.1
2022-01-14T08:46:13 924.6 21.0 64.9
2022-01-14T08:47:13 924.6 21.1 64.5
2022-01-14T08:48:13 924.7 21.1 64.7
2022-01-14T08:49:13 924.7 21.1 65.1
2022-01-14T08:50:13 924.7 21.1 65.4
2022-01-14T08:51:13 924.7 21.0 66.3
2022-01-14T08:52:13 924.8 20.9 66.7
2022-01-14T08:53:13 924.8 20.8 67.0
2022-01-14T08:54:13 924.8 20.7 67.8
2022-01-14T08:55:13 924.8 20.7 67.6
2022-01-14T08:56:13 924.9 20.7 67.5
2022-01-14T08:57:13 924.9 20.7 67.6
2022-01-14T08:58:13 924.9 20.7 67.3
2022-01-14T08:59:13 924.9 20.7 66.6
2022-01-14T09:00:13 924.9 20.8 67.0
2022-01-14T09:01:13 925.0 20.8 67.2
2022-01-14T09:02:13 925.0 20.8 67.4
2022-01-14T09:03:13 925.0 20.9 67.5
2022-01-14T09:04:13 925.0 20.8 67.3
2022-01-14T09:05:13 925.1 20.9 67.5
2022-01-14T09:06:13 925.1 20.9 66.5
2022-01-14T09:07:13 925.1 20.9 67.3
2022-01-14T09:08:13 925.1 21.0 67.1
2022-01-14T09:09:13 925.1 21.0 67.1
2022-01-14T09:10:13 925.1 21.1 66.7
2022-01-14T09:11:13 925.1 21.1 66.2
2022-01-14T09:12:13 925.2 21.1 66.7
2022-01-14T09:13:13 925.2 21.2 67.4
2022-01-14T09:14:13 925.2 21.3 66.3
2022-01-14T09:15:13 925.2 21.5 66.0
2022-01-14T09:16:13 925.3 21.5 65.2
2022-01-14T09:17:13 925.3 21.5 65.5
2022-01-14T09:18:13 925.3 21.6 65.0
2022-01-14T09:19:13 925.3 21.8 64.0
2022-01-14T09:20:13 925.3 22.0 63.1
2022-01-14T09:21:13 925.3 22.0 63.0
2022-01-14T09:22:13 925.3 21.9 63.0
2022-01-14T09:23:13 925.3 22.0 62.6
2022-01-14T09:24:13 925.3 21.9 63.5
2022-01-14T09:25:13 925.4 21.9 63.3
2022-01-14T09:26:13 925.4 21.9 63.9
2022-01-14T09:27:13 925.4 21.9 63.8
2022-01-14T09:28:13 925.4 21.9 63.9
2022-01-14T09:29:13 925.4 21.9 64.3
2022-01-14T09:30:13 925.4 22.0 65.0
2022-01-14T09:31:13 925.4 22.0 65.1
2022-01-14T09:32:13 925.4 22.0 64.8
2022-01-14T09:33:13 925.4 22.0 64.3
2022-01-14T09:34:13 925.4 22.0 65.2
2022-01-14T09:35:13 925.5 22.1 63.9
2022-01-14T09:36:13 925.5 22.2 63.4
2022-01-14T09:37:13 925.5 22.3 63.4
2022-01-14T09:38:13 925.5 22.3 62.9
2022-01-14T09:39:13 925.5 22.4 63.1
2022-01-14T09:40:13 925.5 22.5 62.7
2022-01-14T09:41:13 925.5 22.5 62.8
2022-01-14T09:42:13 925.5 22.6 62.6
2022-01-14T09:43:13 925.6 22.6 62.5
2022-01-14T09:44:13 925.6 22.6 62.5
2022-01-14T09:45:13 925.6 22.7 62.6
2022-01-14T09:46:13 925.6 22.7 62.4
2022-01-14T09:47:13 925.7 22.8 62.0
2022-01-14T09:48:13 925.7 22.8 62.4
2022-01-14T09:49:13 925.7 22.9 62.4
2022-01-14T09:50:13 925.7 22.9 62.2
2022-01-14T09:51:13 925.7 22.9 62.1
2022-01-14T09:52:13 925.7 22.9 62.5
2022-01-14T09:53:13 925.7 22.9 62.2
2022-01-14T09:54:13 925.8 22.8 62.2
2022-01-14T09:55:13 925.8 22.8 62.2
2022-01-14T09:56:13 925.8 22.8 62.4
2022-01-14T09:57:13 925.8 22.8 62.8
2022-01-14T09:58:13 925.8 22.8 62.6
2022-01-14T09:59:13 925.8 22.9 62.8
2022-01-14T10:00:13 925.8 22.9 62.8
2022-01-14T10:01:13 925.8 22.9 62.9
2022-01-14T10:02:13 925.9 23.0 62.9
2022-01-14T10:03:13 925.9 23.1 62.4
2022-01-14T10:04:13 925.9 23.1 62.3
2022-01-14T10:05:13 925.9 23.1 62.4
2022-01-14T10:06:13 926.0 23.1 62.3
2022-01-14T10:07:13 926.0 23.1 63.0
2022-01-14T10:08:13 926.0 23.2 62.2
2022-01-14T10:09:13 926.0 23.2 62.3
2022-01-14T10:10:13 926.0 23.2 62.2
2022-01-14T10:11:13 926.0 23.2 62.5
2022-01-14T10:12:13 926.0 23.3 62.4
2022-01-14T10:13:13 926.0 23.4 62.0
2022-01-14T10:14:13 926.1 23.3 62.1
2022-01-14T10:15:13 926.0 23.3 62.3
2022-01-14T10:16:13 926.1 23.3 62.3
2022-01-14T10:17:13 926.1 23.2 62.6
2022-01-14T10:18:13 926.1 23.2 63.1
2022-01-14T10:19:13 926.1 23.2 63.3
2022-01-14T10:20:13 926.1 23.3 63.1
2022-01-14T10:21:13 926.1 23.3 63.1
2022-01-14T10:22:13 926.1 23.3 63.2
2022-01-14T10:23:13 926.2 23.3 63.3
2022-01-14T10:24:13 926.2 23.3 63.2
2022-01-14T10:25:13 926.2 23.3 63.4
2022-01-14T10:26:13 926.2 23.3 63.7
2022-01-14T10:27:13 926.2 23.4 63.3
2022-01-14T10:28:13 926.2 23.4 63.2
2022-01-14T10:29:13 926.2 23.5 63.0
2022-01-14T10:30:13 926.2 23.5 62.8
2022-01-14T10:31:13 926.2 23.6 62.8
2022-01-14T10:32:13 926.3 23.6 62.5
2022-01-14T10:33:13 926.3 23.7 62.6
2022-01-14T10:34:13 926.3 23.7 62.6
2022-01-14T10:35:13 926.3 23.8 62.9
2022-01-14T10:36:13 926.3 23.9 61.7
2022-01-14T10:37:13 926.3 23.9 62.5
2022-01-14T10:38:13 926.3 24.1 61.9
2022-01-14T10:39:13 926.3 24.2 61.3
2022-01-14T10:40:13 926.3 24.2 61.3
2022-01-14T10:41:13 926.3 24.3 61.5
2022-01-14T10:42:13 926.3 24.4 61.1
2022-01-14T10:43:13 926.3 24.4 61.3
2022-01-14T10:44:13 926.3 24.5 60.8
2022-01-14T10:45:13 926.3 24.5 60.9
2022-01-14T10:46:13 926.3 24.5 61.0
2022-01-14T10:47:13 926.4 24.5 61.1
2022-01-14T10:48:13 926.4 24.5 61.2
2022-01-14T10:49:13 926.4 24.6 61.0
2022-01-14T10:50:13 926.4 24.6 61.0
2022-01-14T10:51:13 926.4 24.6 61.0
2022-01-14T10:52:13 926.4 24.6 61.2
2022-01-14T10:53:13 926.4 24.6 61.5
2022-01-14T10:54:13 926.4 24.7 61.3
2022-01-14T10:55:13 926.5 24.9 60.6
2022-01-14T10:56:13 926.4 24.9 60.4
2022-01-14T10:57:13 926.4 25.0 60.5
2022-01-14T10:58:13 926.5 24.8 60.7
2022-01-14T10:59:13 926.5 24.7 61.5
2022-01-14T11:00:13 926.5 25.1 60.7
2022-01-14T11:01:13 926.5 25.1 60.3
2022-01-14T11:02:13 926.5 25.3 60.0
2022-01-14T11:03:13 926.5 25.1 60.4
2022-01-14T11:04:13 926.5 25.0 60.6
2022-01-14T11:05:13 926.5 25.1 60.5
2022-01-14T11:06:13 926.5 25.1 60.2
2022-01-14T11:07:13 926.5 25.0 60.8
2022-01-14T11:08:13 926.5 25.0 61.0
2022-01-14T11:09:13 926.5 25.1 60.6
2022-01-14T11:10:13 926.5 25.3 60.4
2022-01-14T11:11:13 926.5 25.4 60.1
2022-01-14T11:12:13 926.5 25.5 59.7
2022-01-14T11:13:13 926.5 25.6 60.1
2022-01-14T11:14:13 926.5 25.8 59.1
2022-01-14T11:15:13 926.6 25.8 59.2
2022-01-14T11:16:13 926.6 25.8 59.1
2022-01-14T11:17:13 926.6 25.7 59.1
2022-01-14T11:18:13 926.6 25.7 59.0
2022-01-14T11:19:13 926.6 25.6 58.9
2022-01-14T11:20:13 926.7 25.5 59.7
2022-01-14T11:21:13 926.7 25.6 59.0
2022-01-14T11:22:13 926.7 25.5 59.4
2022-01-14T11:23:13 926.7 25.4 60.0
2022-01-14T11:24:13 926.7 25.4 60.0
2022-01-14T11:25:13 926.7 25.5 60.1
2022-01-14T11:26:13 926.8 25.7 58.9
2022-01-14T11:27:13 926.8 25.6 59.4
2022-01-14T11:28:13 926.8 25.5 59.3
2022-01-14T11:29:13 926.8 25.7 59.8
2022-01-14T11:30:13 926.8 25.9 58.4
2022-01-14T11:31:13 926.8 25.7 59.3
2022-01-14T11:32:13 926.8 25.8 59.6
2022-01-14T11:33:13 926.8 25.8 58.7
2022-01-14T11:34:13 926.8 25.7 59.5
2022-01-14T11:35:13 926.8 25.7 59.8
2022-01-14T11:36:13 926.8 25.9 59.1
2022-01-14T11:37:13 926.9 25.9 58.9
2022-01-14T11:38:13 926.8 25.8 59.1
2022-01-14T11:39:13 926.9 25.8 58.8
2022-01-14T11:40:13 926.8 25.6 58.9
2022-01-14T11:41:13 926.8 25.7 59.7
2022-01-14T11:42:13 926.9 25.9 59.0
2022-01-14T11:43:13 926.9 26.0 58.2
2022-01-14T11:44:13 926.9 26.1 58.4
2022-01-14T11:45:13 926.9 26.0 57.1
2022-01-14T11:46:13 926.9 26.0 58.3
2022-01-14T11:47:13 926.9 26.0 58.5
2022-01-14T11:48:13 926.9 26.1 58.6
2022-01-14T11:49:13 926.9 26.3 57.0
2022-01-14T11:50:13 926.9 25.9 58.3
2022-01-14T11:51:13 926.9 25.9 59.4
2022-01-14T11:52:13 926.9 26.3 58.2
2022-01-14T11:53:13 926.9 26.5 57.2
2022-01-14T11:54:13 927.0 26.5 57.6
2022-01-14T11:55:13 927.0 26.3 57.4
2022-01-14T11:56:13 927.0 26.3 58.2
2022-01-14T11:57:13 927.0 26.2 57.6
2022-01-14T11:58:13 927.0 26.1 58.5
2022-01-14T11:59:13 926.9 26.0 59.1
2022-01-14T12:00:13 926.9 26.1 59.2
2022-01-14T12:01:13 927.0 26.4 56.8
2022-01-14T12:02:13 927.0 26.3 57.5
2022-01-14T12:03:13 927.0 26.2 57.4
2022-01-14T12:04:13 927.0 26.3 56.3
2022-01-14T12:05:13 927.0 26.2 57.5
2022-01-14T12:06:13 927.0 26.1 57.3
2022-01-14T12:07:13 927.0 26.0 57.3
2022-01-14T12:08:13 927.0 26.3 57.2
2022-01-14T12:09:13 926.9 26.3 57.0
2022-01-14T12:10:13 926.9 26.5 57.2
2022-01-14T12:11:13 926.9 26.9 56.5
2022-01-14T12:12:13 927.0 26.8 56.1
2022-01-14T12:13:13 927.0 26.8 55.6
2022-01-14T12:14:13 927.0 26.6 56.6
2022-01-14T12:15:13 927.0 26.7 57.0
2022-01-14T12:16:13 927.0 26.9 56.6
2022-01-14T12:17:13 927.0 26.9 56.8
2022-01-14T12:18:13 927.0 27.1 54.7
2022-01-14T12:19:13 927.0 27.1 55.9
2022-01-14T12:20:13 927.0 27.0 54.5
2022-01-14T12:21:13 927.0 26.8 55.1
2022-01-14T12:22:13 927.0 27.1 54.0
2022-01-14T12:23:13 927.0 27.3 53.2
2022-01-14T12:24:13 927.0 27.4 52.7
2022-01-14T12:25:13 927.0 27.4 52.6
2022-01-14T12:26:13 927.0 27.3 53.5
2022-01-14T12:27:13 927.0 27.0 54.7
2022-01-14T12:28:13 927.0 26.9 54.1
2022-01-14T12:29:13 927.0 26.6 55.8
2022-01-14T12:30:13 927.0 26.8 55.3
2022-01-14T12:31:13 927.0 26.8 55.6
2022-01-14T12:32:13 927.0 27.0 55.7
2022-01-14T12:33:13 927.0 27.0 55.0
2022-01-14T12:34:13 927.0 27.1 54.4
2022-01-14T12:35:13 927.0 27.1 54.4
2022-01-14T12:36:13 927.0 27.1 54.6
2022-01-14T12:37:13 927.0 27.4 54.0
2022-01-14T12:38:13 927.2 27.5 53.5
2022-01-14T12:39:13 927.1 27.3 54.4
2022-01-14T12:40:13 927.1 27.0 54.8
2022-01-14T12:41:13 927.1 27.0 54.7
2022-01-14T12:42:13 927.1 27.0 55.0
2022-01-14T12:43:13 927.1 27.4 54.6
2022-01-14T12:44:13 927.2 27.3 55.7
2022-01-14T12:45:13 927.2 27.4 54.4
2022-01-14T12:46:13 927.2 27.2 55.0
2022-01-14T12:47:13 927.2 27.7 54.1
2022-01-14T12:48:13 927.2 27.9 53.6
2022-01-14T12:49:13 927.2 27.8 51.8
2022-01-14T12:50:13 927.2 27.3 52.1
2022-01-14T12:51:13 927.2 27.2 52.0
2022-01-14T12:52:13 927.2 26.9 53.6
2022-01-14T12:53:13 927.2 27.0 53.5
2022-01-14T12:54:13 927.2 27.1 52.7
2022-01-14T12:55:13 927.2 27.0 52.8
2022-01-14T12:56:13 927.2 27.0 52.8
2022-01-14T12:57:13 927.2 27.1 53.5
2022-01-14T12:58:13 927.2 27.0 53.6
2022-01-14T12:59:13 927.2 27.1 54.3
2022-01-14T13:00:13 927.2 27.1 54.3
2022-01-14T13:01:13 927.2 27.1 54.9
2022-01-14T13:02:13 927.2 27.3 55.1
2022-01-14T13:03:13 927.3 27.7 54.3
2022-01-14T13:04:13 927.2 27.5 54.0
2022-01-14T13:05:13 927.3 27.4 54.7
2022-01-14T13:06:13 927.3 27.4 54.5
2022-01-14T13:07:13 927.3 26.9 54.6
2022-01-14T13:08:13 927.3 26.9 54.5
2022-01-14T13:09:13 927.3 26.9 54.6
2022-01-14T13:10:13 927.3 26.8 54.1
2022-01-14T13:11:13 927.2 27.0 54.4
2022-01-14T13:12:13 927.3 26.9 54.5
2022-01-14T13:13:13 927.2 26.8 54.5
2022-01-14T13:14:13 927.2 27.0 54.8
2022-01-14T13:15:13 927.2 27.3 53.3
2022-01-14T13:16:13 927.2 27.1 53.9
2022-01-14T13:17:13 927.2 27.1 54.3
2022-01-14T13:18:13 927.2 27.2 54.2
2022-01-14T13:19:13 927.2 27.4 54.3
2022-01-14T13:20:13 927.2 27.3 54.4
2022-01-14T13:21:13 927.2 27.2 53.9
2022-01-14T13:22:13 927.2 27.1 55.2
2022-01-14T13:23:13 927.2 27.0 56.0
2022-01-14T13:24:13 927.2 27.1 55.9
2022-01-14T13:25:13 927.2 27.0 55.8
2022-01-14T13:26:13 927.2 27.1 55.7
2022-01-14T13:27:13 927.2 27.2 55.8
2022-01-14T13:28:13 927.2 27.3 56.1
2022-01-14T13:29:13 927.2 27.6 54.8
2022-01-14T13:30:13 927.2 27.9 54.4
2022-01-14T13:31:13 927.2 28.0 53.8
2022-01-14T13:32:13 927.2 28.0 52.9
2022-01-14T13:33:13 927.2 27.9 53.0
2022-01-14T13:34:13 927.2 27.8 50.5
2022-01-14T13:35:13 927.1 28.0 51.0
2022-01-14T13:36:13 927.1 28.6 49.9
2022-01-14T13:37:13 927.1 28.3 50.1
2022-01-14T13:38:13 927.1 28.6 50.0
2022-01-14T13:39:13 927.1 28.8 50.0
2022-01-14T13:40:13 927.1 29.6 49.1
2022-01-14T13:41:13 927.1 29.7 49.2
2022-01-14T13:42:13 927.0 29.7 48.2
2022-01-14T13:43:13 927.0 29.6 48.9
2022-01-14T13:44:13 927.0 30.1 48.8
2022-01-14T13:45:13 927.0 30.6 47.7
2022-01-14T13:46:13 927.0 30.3 47.2
2022-01-14T13:47:13 927.0 30.0 46.5
2022-01-14T13:48:13 927.0 29.4 48.4
2022-01-14T13:49:13 927.0 29.0 49.0
2022-01-14T13:50:13 927.0 28.6 50.1
2022-01-14T13:51:13 927.0 28.1 51.6
2022-01-14T13:52:13 927.0 27.9 52.7
2022-01-14T13:53:13 927.0 27.9 53.3
2022-01-14T13:54:13 927.0 28.0 53.8
2022-01-14T13:55:13 927.0 28.3 53.2
2022-01-14T13:56:13 926.9 28.4 52.8
2022-01-14T13:57:13 926.9 28.5 52.4
2022-01-14T13:58:13 927.0 28.7 50.8
2022-01-14T13:59:13 927.0 28.6 50.7
2022-01-14T14:00:13 926.9 28.4 50.2
2022-01-14T14:01:13 926.9 28.4 49.7
2022-01-14T14:02:13 926.9 28.5 49.9
2022-01-14T14:03:13 926.9 28.7 50.5
2022-01-14T14:04:13 926.9 28.7 50.1
2022-01-14T14:05:13 926.9 28.6 50.3
2022-01-14T14:06:13 926.9 28.5 49.0
2022-01-14T14:07:13 926.9 28.7 49.0
2022-01-14T14:08:13 926.9 28.4 48.7
2022-01-14T14:09:13 926.9 28.3 50.5
2022-01-14T14:10:13 926.9 28.6 50.2
2022-01-14T14:11:13 926.9 28.7 50.1
2022-01-14T14:12:13 926.9 28.5 51.0
2022-01-14T14:13:13 926.9 28.9 50.2
2022-01-14T14:14:13 926.9 28.6 51.0
2022-01-14T14:15:13 926.9 28.9 50.4
2022-01-14T14:16:13 926.9 29.3 49.7
2022-01-14T14:17:13 926.8 29.7 48.5
2022-01-14T14:18:13 926.8 29.6 48.9
2022-01-14T14:19:13 926.8 29.9 47.4
2022-01-14T14:20:13 926.8 29.3 48.4
2022-01-14T14:21:13 926.8 29.5 48.5
2022-01-14T14:22:13 926.8 29.6 48.2
2022-01-14T14:23:13 926.8 29.8 47.6
2022-01-14T14:24:13 926.8 30.1 46.7
2022-01-14T14:25:13 926.8 29.9 46.4
2022-01-14T14:26:13 926.8 29.2 47.9
2022-01-14T14:27:13 926.8 28.6 49.4
2022-01-14T14:28:13 926.8 28.5 50.0
2022-01-14T14:29:13 926.8 29.0 49.5
2022-01-14T14:30:13 926.8 29.9 48.4
2022-01-14T14:31:13 926.8 30.5 46.5
2022-01-14T14:32:13 926.8 30.0 45.7
2022-01-14T14:33:13 926.8 29.1 48.5
2022-01-14T14:34:13 926.8 28.7 48.8
2022-01-14T14:35:13 926.8 28.4 49.9
2022-01-14T14:36:13 926.7 28.5 49.9
2022-01-14T14:37:13 926.7 28.6 50.5
2022-01-14T14:38:13 926.7 29.2 48.4
2022-01-14T14:39:13 926.7 29.8 48.1
2022-01-14T14:40:13 926.7 29.9 47.1
2022-01-14T14:41:13 926.7 29.5 47.3
2022-01-14T14:42:13 926.7 29.1 48.6
2022-01-14T14:43:13 926.7 28.9 49.4
2022-01-14T14:44:13 926.7 28.4 50.8
2022-01-14T14:45:13 926.7 28.5 51.1
2022-01-14T14:46:13 926.7 28.6 51.1
2022-01-14T14:47:13 926.7 28.6 49.8
2022-01-14T14:48:13 926.6 29.0 49.5
2022-01-14T14:49:13 926.6 29.6 47.4
2022-01-14T14:50:13 926.6 29.9 46.0
2022-01-14T14:51:13 926.6 29.6 47.9
2022-01-14T14:52:13 926.6 29.0 48.7
2022-01-14T14:53:13 926.6 28.8 49.9
2022-01-14T14:54:13 926.6 29.1 49.3
2022-01-14T14:55:13 926.6 29.2 48.6
2022-01-14T14:56:13 926.6 28.9 49.6
2022-01-14T14:57:13 926.5 29.3 48.8
2022-01-14T14:58:13 926.5 30.2 47.6
2022-01-14T14:59:13 926.5 30.5 45.5
2022-01-14T15:00:13 926.5 30.1 46.4
2022-01-14T15:01:13 926.5 29.9 46.9
2022-01-14T15:02:13 926.5 30.0 47.5
2022-01-14T15:03:13 926.4 29.9 46.9
2022-01-14T15:04:13 926.4 29.9 47.3
2022-01-14T15:05:13 926.4 30.2 46.5
2022-01-14T15:06:13 926.5 30.3 45.5
2022-01-14T15:07:13 926.4 29.9 46.1
2022-01-14T15:08:13 926.4 29.9 46.5
2022-01-14T15:09:13 926.4 29.7 46.5
2022-01-14T15:10:13 926.4 29.6 46.4
2022-01-14T15:11:13 926.4 29.4 46.4
2022-01-14T15:12:12 926.4 29.5 46.2
2022-01-14T15:13:12 926.4 29.6 46.0
2022-01-14T15:14:12 926.4 29.5 46.3
2022-01-14T15:15:12 926.4 29.4 47.1
2022-01-14T15:16:12 926.4 29.5 47.2
2022-01-14T15:17:12 926.4 29.5 47.8
2022-01-14T15:18:12 926.4 29.7 47.0
2022-01-14T15:19:12 926.4 30.0 47.0
2022-01-14T15:20:12 926.4 30.0 46.1
2022-01-14T15:21:12 926.4 29.9 46.7
2022-01-14T15:22:12 926.4 29.5 47.5
2022-01-14T15:23:12 926.4 29.6 48.1
2022-01-14T15:24:12 926.4 29.6 48.4
2022-01-14T15:25:12 926.4 29.3 47.6
2022-01-14T15:26:12 926.3 29.2 49.1
2022-01-14T15:27:12 926.3 29.4 48.1
2022-01-14T15:28:12 926.4 29.6 47.6
2022-01-14T15:29:12 926.3 29.9 46.8
2022-01-14T15:30:12 926.4 29.9 47.1
2022-01-14T15:31:12 926.3 30.0 45.5
2022-01-14T15:32:12 926.4 30.1 45.0
2022-01-14T15:33:12 926.3 30.7 44.2
2022-01-14T15:34:12 926.3 31.2 42.6
2022-01-14T15:35:12 926.4 31.3 42.0
2022-01-14T15:36:12 926.4 30.2 43.2
2022-01-14T15:37:12 926.3 29.8 44.7
2022-01-14T15:38:12 926.3 30.0 44.2
2022-01-14T15:39:12 926.3 29.7 43.6
2022-01-14T15:40:12 926.3 29.3 43.7
2022-01-14T15:41:12 926.3 29.4 43.8
2022-01-14T15:42:12 926.3 29.5 45.0
2022-01-14T15:43:12 926.2 29.4 46.8
2022-01-14T15:44:12 926.2 29.5 45.9
2022-01-14T15:45:12 926.3 29.4 46.7
2022-01-14T15:46:12 926.3 29.1 47.2
2022-01-14T15:47:12 926.2 29.1 47.0
2022-01-14T15:48:12 926.2 29.1 47.6
2022-01-14T15:49:12 926.2 29.2 46.8
2022-01-14T15:50:12 926.2 29.0 47.1
2022-01-14T15:51:12 926.2 29.5 47.0
2022-01-14T15:52:12 926.1 30.0 46.1
2022-01-14T15:53:12 926.1 30.2 43.8
2022-01-14T15:54:12 926.1 30.9 43.4
2022-01-14T15:55:12 926.0 31.4 42.7
2022-01-14T15:56:12 926.0 31.3 42.9
2022-01-14T15:57:12 926.0 31.6 41.9
2022-01-14T15:58:12 926.1 31.2 40.8
2022-01-14T15:59:12 926.0 30.6 42.1
2022-01-14T16:00:12 926.1 30.4 42.9
2022-01-14T16:01:12 926.0 30.1 42.2
2022-01-14T16:02:12 926.0 29.7 44.4
2022-01-14T16:03:12 926.0 30.3 43.6
2022-01-14T16:04:12 926.0 30.6 43.4
2022-01-14T16:05:12 926.0 30.8 42.6
2022-01-14T16:06:12 925.9 31.1 43.5
2022-01-14T16:07:12 925.9 31.4 40.9
2022-01-14T16:08:12 925.9 31.2 41.8
2022-01-14T16:09:12 925.9 30.8 41.9
2022-01-14T16:10:12 925.8 30.5 42.9
2022-01-14T16:11:12 925.9 30.4 43.4
2022-01-14T16:12:12 925.8 30.4 43.3
2022-01-14T16:13:12 925.8 30.6 42.6
2022-01-14T16:14:12 925.7 30.8 40.8
2022-01-14T16:15:12 925.7 30.9 40.2
2022-01-14T16:16:12 925.7 30.6 40.7
2022-01-14T16:17:12 925.7 30.7 41.2
2022-01-14T16:18:12 925.7 30.5 42.7
2022-01-14T16:19:12 925.7 30.5 43.7
2022-01-14T16:20:12 925.7 30.6 42.8
2022-01-14T16:21:12 925.7 30.3 43.1
2022-01-14T16:22:12 925.7 30.5 43.6
2022-01-14T16:23:12 925.6 30.2 43.0
2022-01-14T16:24:12 925.6 30.4 43.9
2022-01-14T16:25:12 925.6 31.2 42.7
2022-01-14T16:26:12 925.6 31.7 42.2
2022-01-14T16:27:12 925.5 31.9 40.1
2022-01-14T16:28:12 925.5 31.7 39.5
2022-01-14T16:29:12 925.5 31.8 40.2
2022-01-14T16:30:12 925.5 31.7 39.7
2022-01-14T16:31:12 925.4 32.5 39.3
2022-01-14T16:32:12 925.5 32.2 37.4
2022-01-14T16:33:12 925.4 31.8 38.0
2022-01-14T16:34:12 925.4 31.5 37.4
2022-01-14T16:35:12 925.4 31.0 38.5
2022-01-14T16:36:12 925.4 30.8 39.9
2022-01-14T16:37:12 925.4 30.9 39.6
2022-01-14T16:38:12 925.3 30.8 39.7
2022-01-14T16:39:12 925.3 31.4 38.4
2022-01-14T16:40:12 925.3 31.3 38.1
2022-01-14T16:41:12 925.2 30.5 39.0
2022-01-14T16:42:12 925.1 30.6 39.6
2022-01-14T16:43:12 925.1 31.2 39.4
2022-01-14T16:44:12 925.1 31.4 36.9
2022-01-14T16:45:12 925.0 30.9 38.0
2022-01-14T16:46:12 925.0 30.8 38.6
2022-01-14T16:47:12 925.0 31.1 38.5
2022-01-14T16:48:12 925.0 31.9 39.1
2022-01-14T16:49:12 925.0 32.1 36.3
2022-01-14T16:50:12 925.0 32.0 36.6
2022-01-14T16:51:12 925.0 32.1 36.8
2022-01-14T16:52:12 924.9 31.9 35.5
2022-01-14T16:53:12 924.9 32.2 34.8
2022-01-14T16:54:12 924.9 32.0 33.9
2022-01-14T16:55:12 924.9 31.8 35.1
2022-01-14T16:56:12 924.9 32.0 34.5
2022-01-14T16:57:12 924.9 32.0 34.8
2022-01-14T16:58:12 924.9 32.8 34.2
2022-01-14T16:59:12 924.9 33.4 33.8
2022-01-14T17:00:12 924.9 33.4 32.4
2022-01-14T17:01:12 924.9 33.8 31.0
2022-01-14T17:02:12 925.0 33.6 31.5
2022-01-14T17:03:12 925.0 33.5 31.9
2022-01-14T17:04:12 924.9 33.7 31.4
2022-01-14T17:05:12 924.9 33.6 31.7
2022-01-14T17:06:12 925.0 32.9 32.8
2022-01-14T17:07:12 924.9 32.5 34.5
2022-01-14T17:08:12 925.0 32.7 33.4
2022-01-14T17:09:12 924.9 32.1 34.7
2022-01-14T17:10:12 924.9 32.0 35.8
2022-01-14T17:11:12 924.9 32.1 34.6
2022-01-14T17:12:12 925.0 32.1 34.4
2022-01-14T17:13:12 925.0 31.7 35.4
2022-01-14T17:14:12 925.0 31.6 35.2
2022-01-14T17:15:12 925.0 31.7 35.1
2022-01-14T17:16:12 924.9 31.8 35.7
2022-01-14T17:17:12 924.9 31.9 34.4
2022-01-14T17:18:12 925.0 32.0 34.3
2022-01-14T17:19:12 925.0 31.6 34.5
2022-01-14T17:20:12 925.0 31.4 35.5
2022-01-14T17:21:12 925.0 31.2 37.2
2022-01-14T17:22:12 925.0 31.1 38.4
2022-01-14T17:23:12 925.0 30.8 38.5
2022-01-14T17:24:12 925.0 30.9 39.2
2022-01-14T17:25:12 925.0 30.7 40.2
2022-01-14T17:26:12 925.1 30.6 41.1
2022-01-14T17:27:12 925.0 30.5 41.2
2022-01-14T17:28:12 925.0 30.5 41.6
2022-01-14T17:29:12 925.1 30.4 41.7
2022-01-14T17:30:12 925.0 30.3 42.2
2022-01-14T17:31:12 925.1 30.3 42.2
2022-01-14T17:32:12 925.2 30.5 41.0
2022-01-14T17:33:12 925.1 30.2 40.9
2022-01-14T17:34:12 925.1 30.1 42.2
2022-01-14T17:35:12 925.1 30.0 42.6
2022-01-14T17:36:12 925.2 29.7 42.4
2022-01-14T17:37:12 925.1 29.6 43.2
2022-01-14T17:38:12 925.1 29.6 43.6
2022-01-14T17:39:12 925.1 29.8 43.5
2022-01-14T17:40:12 925.1 29.9 43.4
2022-01-14T17:41:12 925.2 30.0 42.7
2022-01-14T17:42:12 925.2 30.0 42.5
2022-01-14T17:43:12 925.2 29.9 43.1
2022-01-14T17:44:12 925.2 30.0 42.9
2022-01-14T17:45:12 925.1 29.9 42.7
2022-01-14T17:46:12 925.1 29.8 43.4
2022-01-14T17:47:12 925.1 29.9 43.3
2022-01-14T17:48:12 925.1 29.9 43.3
2022-01-14T17:49:12 925.0 29.8 43.3
2022-01-14T17:50:12 925.0 29.8 43.5
2022-01-14T17:51:12 925.0 29.8 43.6
2022-01-14T17:52:12 925.0 29.7 43.9
2022-01-14T17:53:12 924.9 29.9 43.6
2022-01-14T17:54:12 924.9 30.0 42.9
2022-01-14T17:55:12 924.8 30.0 43.0
2022-01-14T17:56:12 924.7 29.9 43.2
2022-01-14T17:57:12 924.7 29.8 44.1
2022-01-14T17:58:12 924.7 29.9 44.0
2022-01-14T17:59:12 924.7 29.9 43.8
2022-01-14T18:00:12 924.8 29.7 44.6
2022-01-14T18:01:12 924.8 29.7 44.7
2022-01-14T18:02:12 924.8 29.8 44.7
2022-01-14T18:03:12 924.8 29.8 44.2
2022-01-14T18:04:12 924.8 29.7 44.8
2022-01-14T18:05:12 924.8 29.6 44.9
2022-01-14T18:06:12 924.8 29.5 45.8
2022-01-14T18:07:12 924.7 29.5 46.4
2022-01-14T18:08:12 924.7 29.6 47.0
2022-01-14T18:09:12 924.7 29.9 47.0
2022-01-14T18:10:12 924.7 29.8 48.0
2022-01-14T18:11:12 925.0 29.6 49.2
2022-01-14T18:12:12 924.9 29.0 50.5
2022-01-14T18:13:12 924.9 28.1 53.8
2022-01-14T18:14:12 925.0 27.9 54.2
2022-01-14T18:15:12 924.9 27.5 55.5
2022-01-14T18:16:12 925.0 27.5 55.7
2022-01-14T18:17:12 924.9 27.4 56.1
2022-01-14T18:18:12 925.0 27.4 55.9
2022-01-14T18:19:12 925.1 27.4 56.1
2022-01-14T18:20:12 925.1 27.1 56.0
2022-01-14T18:21:12 925.1 27.0 56.4
2022-01-14T18:22:12 925.1 26.9 56.8
2022-01-14T18:23:12 925.1 26.9 57.0
2022-01-14T18:24:12 925.1 27.0 56.4
2022-01-14T18:25:12 925.0 26.9 55.5
2022-01-14T18:26:12 925.0 26.7 56.5
2022-01-14T18:27:12 925.1 26.7 55.6
2022-01-14T18:28:12 925.0 26.6 55.7
2022-01-14T18:29:12 924.9 26.6 56.1
2022-01-14T18:30:12 925.0 26.6 56.0
2022-01-14T18:31:12 924.9 26.6 56.2
2022-01-14T18:32:12 924.9 26.6 55.6
2022-01-14T18:33:12 925.1 26.5 55.6
2022-01-14T18:34:12 925.1 26.3 56.0
2022-01-14T18:35:12 925.2 26.1 56.4
2022-01-14T18:36:12 925.2 26.0 57.2
2022-01-14T18:37:12 925.2 26.0 57.5
2022-01-14T18:38:12 925.2 26.1 57.7
2022-01-14T18:39:12 925.3 26.1 57.4
2022-01-14T18:40:12 925.2 26.1 57.1
2022-01-14T18:41:12 925.1 26.1 57.1
2022-01-14T18:42:12 925.1 25.9 57.0
2022-01-14T18:43:12 925.2 25.8 57.5
2022-01-14T18:44:12 925.2 25.8 57.4
2022-01-14T18:45:12 925.3 25.9 57.3
2022-01-14T18:46:12 925.3 25.9 57.0
2022-01-14T18:47:12 925.4 26.0 56.3
2022-01-14T18:48:12 925.4 26.0 56.8
2022-01-14T18:49:12 925.5 26.1 56.3
2022-01-14T18:50:12 925.5 26.2 57.2
2022-01-14T18:51:12 925.6 26.4 56.2
2022-01-14T18:52:12 925.6 26.5 55.5
2022-01-14T18:53:12 925.6 26.4 55.8
2022-01-14T18:54:12 925.6 26.3 56.3
2022-01-14T18:55:12 925.5 26.2 56.8
2022-01-14T18:56:12 925.5 26.0 56.8
2022-01-14T18:57:12 925.4 25.9 57.0
2022-01-14T18:58:12 925.4 25.9 57.2
2022-01-14T18:59:12 925.4 26.0 57.1
2022-01-14T19:00:12 925.4 26.0 57.2
2022-01-14T19:01:12 925.4 26.0 57.1
2022-01-14T19:02:12 925.5 26.0 57.2
2022-01-14T19:03:12 925.5 26.1 56.6
2022-01-14T19:04:12 925.5 26.0 56.7
2022-01-14T19:05:12 925.5 26.0 57.0
2022-01-14T19:06:12 925.4 26.0 57.1
2022-01-14T19:07:12 925.4 26.0 57.2
2022-01-14T19:08:12 925.4 25.9 57.0
2022-01-14T19:09:12 925.4 25.8 57.3
2022-01-14T19:10:12 925.3 25.8 56.9
2022-01-14T19:11:12 925.3 25.7 57.5
2022-01-14T19:12:12 925.3 25.7 57.2
2022-01-14T19:13:12 925.3 25.6 57.7
2022-01-14T19:14:12 925.4 25.6 57.5
2022-01-14T19:15:12 925.4 25.7 57.8
2022-01-14T19:16:12 925.4 25.7 58.0
2022-01-14T19:17:12 925.4 25.8 58.2
2022-01-14T19:18:12 925.5 25.9 57.7
2022-01-14T19:19:12 925.5 25.6 58.1
2022-01-14T19:20:12 925.4 25.6 58.7
2022-01-14T19:21:12 925.4 25.5 58.4
2022-01-14T19:22:12 925.4 25.6 58.4
2022-01-14T19:23:12 925.3 25.7 58.1
2022-01-14T19:24:12 925.3 25.7 57.4
2022-01-14T19:25:12 925.2 25.6 58.2
2022-01-14T19:26:12 925.2 25.7 57.9
2022-01-14T19:27:12 925.2 25.7 57.8
2022-01-14T19:28:12 925.2 25.7 58.2
2022-01-14T19:29:12 925.2 25.6 58.2
2022-01-14T19:30:12 925.1 25.4 59.3
2022-01-14T19:31:12 925.1 25.4 59.7
2022-01-14T19:32:12 925.1 25.4 59.8
2022-01-14T19:33:12 925.0 25.4 59.9
2022-01-14T19:34:12 925.0 25.4 59.8
2022-01-14T19:35:12 925.0 25.4 59.7
2022-01-14T19:36:12 924.9 25.4 59.8
2022-01-14T19:37:12 924.9 25.4 59.8
2022-01-14T19:38:12 924.9 25.4 59.5
2022-01-14T19:39:12 924.8 25.2 60.4
2022-01-14T19:40:12 924.8 25.1 60.5
2022-01-14T19:41:12 924.8 25.1 60.7
2022-01-14T19:42:12 924.7 25.1 60.7
2022-01-14T19:43:12 924.7 25.2 60.5
2022-01-14T19:44:12 924.7 25.4 59.8
2022-01-14T19:45:12 924.6 25.4 60.5
2022-01-14T19:46:12 924.6 25.3 60.3
2022-01-14T19:47:12 924.5 25.2 60.4
2022-01-14T19:48:12 924.5 25.2 60.5
2022-01-14T19:49:12 924.4 25.3 60.5
2022-01-14T19:50:12 924.4 25.3 60.3
2022-01-14T19:51:12 924.3 25.3 59.9
2022-01-14T19:52:12 924.3 25.4 60.7
2022-01-14T19:53:12 924.2 25.6 59.6
2022-01-14T19:54:12 924.2 25.6 59.4
2022-01-14T19:55:12 924.2 25.7 58.4
2022-01-14T19:56:12 924.2 25.8 58.2
2022-01-14T19:57:12 924.2 25.9 57.9
2022-01-14T19:58:12 924.2 26.1 57.5
2022-01-14T19:59:12 924.2 26.3 56.7
2022-01-14T20:00:12 924.2 26.4 56.3
2022-01-14T20:01:12 924.2 26.5 55.8
2022-01-14T20:02:12 924.2 26.4 56.0
2022-01-14T20:03:12 924.3 26.4 56.2
2022-01-14T20:04:12 924.3 26.4 56.0
2022-01-14T20:05:12 924.3 26.4 55.6
2022-01-14T20:06:12 924.3 26.5 55.8
2022-01-14T20:07:12 924.3 26.5 55.2
2022-01-14T20:08:12 924.3 26.5 55.4
2022-01-14T20:09:12 924.3 26.5 55.5
2022-01-14T20:10:12 924.3 26.5 55.6
2022-01-14T20:11:12 924.3 26.6 55.7
2022-01-14T20:12:12 924.2 26.5 55.1
2022-01-14T20:13:12 924.2 26.6 55.2
2022-01-14T20:14:12 924.2 26.6 55.4
2022-01-14T20:15:12 924.2 26.8 56.8
2022-01-14T20:16:12 924.2 26.8 56.2
2022-01-14T20:17:12 924.3 26.8 55.8
2022-01-14T20:18:12 924.3 26.8 56.4
2022-01-14T20:19:12 924.3 26.9 56.1
2022-01-14T20:20:12 924.3 26.9 56.1
2022-01-14T20:21:12 924.4 26.9 56.6
2022-01-14T20:22:12 924.4 27.0 56.2
2022-01-14T20:23:12 924.4 27.0 56.0
2022-01-14T20:24:12 924.4 27.0 54.5
2022-01-14T20:25:12 924.5 27.1 55.0
2022-01-14T20:26:12 924.5 27.1 54.9
2022-01-14T20:27:12 924.5 27.0 55.5
2022-01-14T20:28:12 924.5 26.9 55.8
2022-01-14T20:29:12 924.5 27.0 56.0
2022-01-14T20:30:12 924.5 26.8 56.1
2022-01-14T20:31:12 924.4 26.9 56.3
2022-01-14T20:32:12 924.4 26.9 55.8
2022-01-14T20:33:12 924.4 26.9 55.9
2022-01-14T20:34:12 924.4 26.9 55.4
2022-01-14T20:35:12 924.4 27.0 55.5
2022-01-14T20:36:12 924.4 26.9 55.2
2022-01-14T20:37:12 924.4 26.9 55.2
2022-01-14T20:38:12 924.3 27.1 55.3
2022-01-14T20:39:12 924.3 27.1 54.4
2022-01-14T20:40:12 924.3 27.2 54.8
2022-01-14T20:41:12 924.3 27.3 54.3
2022-01-14T20:42:12 924.3 27.4 54.3
2022-01-14T20:43:12 924.3 27.4 53.7
2022-01-14T20:44:12 924.3 27.4 54.1
2022-01-14T20:45:12 924.3 27.4 53.5
2022-01-14T20:46:12 924.4 27.1 54.1
2022-01-14T20:47:12 924.4 27.1 54.9
2022-01-14T20:48:12 924.5 27.1 54.8
2022-01-14T20:49:12 924.5 27.3 53.4
2022-01-14T20:50:12 924.5 27.4 53.7
2022-01-14T20:51:12 924.5 27.5 53.6
2022-01-14T20:52:12 924.5 27.5 52.0
2022-01-14T20:53:12 924.5 27.5 53.7
2022-01-14T20:54:12 924.5 27.5 53.9
2022-01-14T20:55:12 924.5 27.4 53.9
2022-01-14T20:56:12 924.6 27.3 52.7
2022-01-14T20:57:12 924.6 27.3 49.8
2022-01-14T20:58:12 924.6 27.3 52.2
2022-01-14T20:59:12 924.6 27.3 52.6
2022-01-14T21:00:12 924.7 27.3 51.6
2022-01-14T21:01:12 924.7 27.3 51.7
2022-01-14T21:02:12 924.7 27.3 52.7
2022-01-14T21:03:12 924.7 27.3 52.3
2022-01-14T21:04:12 924.7 27.3 52.8
2022-01-14T21:05:12 924.7 27.2 52.7
2022-01-14T21:06:12 924.6 27.2 53.2
2022-01-14T21:07:12 924.6 27.1 53.5
2022-01-14T21:08:12 924.6 27.1 54.3
2022-01-14T21:09:12 924.6 27.1 54.9
2022-01-14T21:10:12 924.6 27.1 55.5
2022-01-14T21:11:12 924.6 27.1 55.9
2022-01-14T21:12:12 924.6 27.0 56.4
2022-01-14T21:13:12 924.6 27.0 56.7
2022-01-14T21:14:12 924.7 26.9 56.9
2022-01-14T21:15:12 924.7 26.9 56.9
2022-01-14T21:16:12 924.7 26.9 56.8
2022-01-14T21:17:12 924.7 26.8 56.9
2022-01-14T21:18:12 924.7 26.9 56.9
2022-01-14T21:19:12 924.8 26.8 57.0
2022-01-14T21:20:12 924.8 26.9 57.0
2022-01-14T21:21:12 924.8 26.8 57.0
2022-01-14T21:22:12 924.8 26.7 57.0
2022-01-14T21:23:12 924.8 26.8 56.9
2022-01-14T21:24:12 924.8 26.9 57.1
2022-01-14T21:25:12 924.8 26.9 56.7
2022-01-14T21:26:12 924.8 26.9 57.2
2022-01-14T21:27:12 924.9 26.9 57.2
2022-01-14T21:28:12 924.9 26.9 56.6
2022-01-14T21:29:12 924.9 26.9 57.2
2022-01-14T21:30:12 924.9 26.9 56.4
2022-01-14T21:31:12 924.9 26.9 56.0
2022-01-14T21:32:12 924.9 26.8 56.8
2022-01-14T21:33:12 924.9 26.8 57.3
2022-01-14T21:34:12 924.9 26.8 57.2
2022-01-14T21:35:12 924.9 26.7 58.1
2022-01-14T21:36:12 924.9 26.7 58.5
2022-01-14T21:37:12 924.9 26.7 58.2
2022-01-14T21:38:12 924.9 26.7 58.3
2022-01-14T21:39:12 924.9 26.7 58.2
2022-01-14T21:40:12 924.9 26.7 58.6
2022-01-14T21:41:12 924.9 26.6 59.0
2022-01-14T21:42:12 924.9 26.5 59.2
2022-01-14T21:43:12 924.9 26.5 59.5
2022-01-14T21:44:12 924.9 26.5 59.0
2022-01-14T21:45:12 924.9 26.4 59.2
2022-01-14T21:46:12 924.9 26.3 60.0
2022-01-14T21:47:12 924.9 26.2 60.3
2022-01-14T21:48:12 924.9 26.1 60.3
2022-01-14T21:49:12 925.0 26.1 60.4
2022-01-14T21:50:12 925.0 26.0 60.8
2022-01-14T21:51:12 925.0 26.0 60.8
2022-01-14T21:52:12 925.0 26.0 60.9
2022-01-14T21:53:12 925.0 26.0 61.5
2022-01-14T21:54:12 925.0 26.0 61.5
2022-01-14T21:55:12 925.0 25.9 62.0
2022-01-14T21:56:12 925.0 25.8 62.3
2022-01-14T21:57:12 925.0 25.7 62.4
2022-01-14T21:58:12 925.0 25.6 62.4
2022-01-14T21:59:12 925.1 25.6 62.5
2022-01-14T22:00:12 925.1 25.6 62.6
2022-01-14T22:01:12 925.2 25.6 62.3
2022-01-14T22:02:12 925.2 25.7 62.5
2022-01-14T22:03:12 925.2 25.6 63.0
2022-01-14T22:04:12 925.2 25.5 63.6
2022-01-14T22:05:12 925.2 25.5 64.0
2022-01-14T22:06:12 925.2 25.4 64.4
2022-01-14T22:07:12 925.2 25.4 64.7
2022-01-14T22:08:12 925.2 25.4 65.0
2022-01-14T22:09:12 925.2 25.4 65.0
2022-01-14T22:10:12 925.2 25.4 65.2
2022-01-14T22:11:12 925.2 25.4 65.1
2022-01-14T22:12:12 925.2 25.4 64.9
2022-01-14T22:13:12 925.2 25.5 65.0
2022-01-14T22:14:12 925.3 25.4 65.2
2022-01-14T22:15:12 925.3 25.4 65.0
2022-01-14T22:16:12 925.3 25.4 65.2
2022-01-14T22:17:12 925.4 25.4 65.3
2022-01-14T22:18:12 925.4 25.4 65.1
2022-01-14T22:19:12 925.5 25.4 65.4
2022-01-14T22:20:12 925.5 25.4 65.7
2022-01-14T22:21:12 925.5 25.4 65.7
2022-01-14T22:22:12 925.5 25.3 65.9
2022-01-14T22:23:12 925.5 25.3 66.3
2022-01-14T22:24:12 925.5 25.2 66.7
2022-01-14T22:25:12 925.5 25.1 67.0
2022-01-14T22:26:12 925.5 25.0 67.5
2022-01-14T22:27:12 925.5 25.0 66.8
2022-01-14T22:28:12 925.5 25.0 67.3
2022-01-14T22:29:12 925.5 25.0 66.7
2022-01-14T22:30:12 925.5 25.0 67.2
2022-01-14T22:31:12 925.5 25.0 67.3
2022-01-14T22:32:12 925.5 25.0 67.0
2022-01-14T22:33:12 925.4 25.1 66.8
2022-01-14T22:34:12 925.4 25.1 64.6
2022-01-14T22:35:12 925.4 25.2 65.0
2022-01-14T22:36:12 925.4 25.2 64.7
2022-01-14T22:37:12 925.4 25.2 64.3
2022-01-14T22:38:12 925.5 25.2 64.0
2022-01-14T22:39:12 925.5 25.2 64.3
2022-01-14T22:40:12 925.5 25.2 63.6
2022-01-14T22:41:12 925.5 25.2 64.4
2022-01-14T22:42:12 925.5 25.2 64.3
2022-01-14T22:43:12 925.5 25.2 65.3
2022-01-14T22:44:12 925.5 25.1 65.0
2022-01-14T22:45:12 925.5 25.1 64.2
2022-01-14T22:46:12 925.5 25.0 64.8
2022-01-14T22:47:12 925.5 25.0 63.5
2022-01-14T22:48:12 925.5 25.0 64.7
2022-01-14T22:49:12 925.5 24.9 64.3
2022-01-14T22:50:12 925.5 24.9 64.8
2022-01-14T22:51:12 925.5 24.9 64.2
2022-01-14T22:52:12 925.5 24.9 64.7
2022-01-14T22:53:12 925.5 24.9 64.5
2022-01-14T22:54:12 925.5 24.9 64.4
2022-01-14T22:55:12 925.5 24.9 64.3
2022-01-14T22:56:12 925.5 24.9 64.5
2022-01-14T22:57:12 925.5 24.9 64.4
2022-01-14T22:58:12 925.5 24.9 64.3
2022-01-14T22:59:12 925.5 24.9 64.3
2022-01-14T23:00:12 925.5 24.9 64.1
2022-01-14T23:01:12 925.5 24.8 64.2
2022-01-14T23:02:12 925.5 24.8 64.0
2022-01-14T23:03:12 925.5 24.8 64.0
2022-01-14T23:04:12 925.5 24.8 64.3
2022-01-14T23:05:12 925.5 24.8 64.4
2022-01-14T23:06:12 925.6 24.8 64.7
2022-01-14T23:07:12 925.6 24.8 65.2
2022-01-14T23:08:12 925.6 24.7 64.7
2022-01-14T23:09:12 925.6 24.7 64.8
2022-01-14T23:10:12 925.6 24.7 64.6
2022-01-14T23:11:12 925.6 24.7 65.0
2022-01-14T23:12:12 925.7 24.7 65.2
2022-01-14T23:13:12 925.7 24.7 64.7
2022-01-14T23:14:12 925.7 24.7 64.8
2022-01-14T23:15:12 925.7 24.6 64.8
2022-01-14T23:16:12 925.7 24.6 65.0
2022-01-14T23:17:12 925.7 24.6 64.7
2022-01-14T23:18:12 925.7 24.6 64.2
2022-01-14T23:19:12 925.7 24.6 64.5
2022-01-14T23:20:12 925.7 24.6 64.4
2022-01-14T23:21:12 925.7 24.6 64.3
2022-01-14T23:22:12 925.7 24.6 64.0
2022-01-14T23:23:12 925.7 24.7 64.0
2022-01-14T23:24:12 925.7 24.7 63.5
2022-01-14T23:25:12 925.6 24.7 63.0
2022-01-14T23:26:12 925.6 24.8 63.1
2022-01-14T23:27:12 925.6 24.7 63.1
2022-01-14T23:28:12 925.6 24.8 62.4
2022-01-14T23:29:12 925.6 24.8 62.4
2022-01-14T23:30:12 925.6 24.8 62.6
2022-01-14T23:31:12 925.6 24.8 62.9
2022-01-14T23:32:12 925.6 24.8 62.8
2022-01-14T23:33:12 925.6 24.8 63.2
2022-01-14T23:34:12 925.6 24.8 63.0
2022-01-14T23:35:12 925.6 24.8 63.0
2022-01-14T23:36:12 925.6 24.8 62.9
2022-01-14T23:37:12 925.6 24.8 62.5
2022-01-14T23:38:12 925.6 24.8 62.3
2022-01-14T23:39:12 925.6 24.9 62.2
2022-01-14T23:40:12 925.6 24.9 62.0
2022-01-14T23:41:12 925.6 24.9 61.9
2022-01-14T23:42:12 925.6 24.9 61.9
2022-01-14T23:43:12 925.6 24.9 61.7
2022-01-14T23:44:12 925.6 24.9 61.4
2022-01-14T23:45:12 925.6 24.9 61.2
2022-01-14T23:46:12 925.6 24.9 61.4
2022-01-14T23:47:12 925.6 24.9 61.3
2022-01-14T23:48:12 925.6 25.0 60.8
2022-01-14T23:49:12 925.6 25.0 61.1
2022-01-14T23:50:12 925.6 25.0 60.4
2022-01-14T23:51:12 925.6 25.1 60.1
2022-01-14T23:52:12 925.7 25.1 59.5
2022-01-14T23:53:12 925.7 25.2 59.6
2022-01-14T23:54:12 925.7 25.1 59.3
2022-01-14T23:55:12 925.7 25.2 59.5
2022-01-14T23:56:12 925.7 25.2 59.4
2022-01-14T23:57:12 925.7 25.2 59.8
2022-01-14T23:58:12 925.7 25.1 59.4
2022-01-14T23:59:12 925.7 25.2 59.7
