2022-01-16T00:00:10 925.9 20.2 88.7
2022-01-16T00:01:10 926.0 20.2 88.5
2022-01-16T00:02:10 926.3 20.2 88.5
2022-01-16T00:03:10 926.0 20.1 88.3
2022-01-16T00:04:10 925.9 20.1 88.5
2022-01-16T00:05:10 926.2 20.1 89.5
2022-01-16T00:06:10 926.3 20.1 90.2
2022-01-16T00:07:10 926.2 20.1 90.4
2022-01-16T00:08:10 926.2 20.1 90.8
2022-01-16T00:09:10 926.4 20.1 90.7
2022-01-16T00:10:10 926.0 20.1 89.8
2022-01-16T00:11:10 925.9 20.1 89.1
2022-01-16T00:12:10 926.3 20.2 89.7
2022-01-16T00:13:10 926.3 20.1 89.6
2022-01-16T00:14:10 926.5 20.1 90.3
2022-01-16T00:15:10 926.4 20.0 90.2
2022-01-16T00:16:10 926.7 20.1 92.0
2022-01-16T00:17:10 926.5 20.2 94.9
2022-01-16T00:18:10 926.7 20.3 95.5
2022-01-16T00:19:10 926.6 20.2 95.6
2022-01-16T00:20:10 926.6 20.1 95.4
2022-01-16T00:21:10 926.5 20.1 95.3
2022-01-16T00:22:10 925.5 19.8 94.0
2022-01-16T00:23:10 926.0 19.8 91.0
2022-01-16T00:24:10 925.6 19.8 91.1
2022-01-16T00:25:10 925.7 19.7 92.1
2022-01-16T00:26:10 925.6 19.7 92.5
2022-01-16T00:27:10 925.7 19.6 94.5
2022-01-16T00:28:10 925.7 19.6 95.2
2022-01-16T00:29:10 926.4 19.8 95.7
2022-01-16T00:30:10 926.6 19.9 96.2
2022-01-16T00:31:10 926.0 19.6 96.2
2022-01-16T00:32:10 925.9 19.7 96.3
2022-01-16T00:33:10 925.8 19.6 96.3
2022-01-16T00:34:10 925.4 19.4 96.1
2022-01-16T00:35:10 926.0 19.7 96.0
2022-01-16T00:36:10 926.5 19.6 95.9
2022-01-16T00:37:10 926.5 19.6 95.8
2022-01-16T00:38:10 926.7 19.6 95.5
2022-01-16T00:39:10 926.7 19.8 95.4
2022-01-16T00:40:10 926.7 19.7 95.0
2022-01-16T00:41:10 926.5 19.8 95.0
2022-01-16T00:42:10 926.6 19.7 95.0
2022-01-16T00:43:10 926.3 19.7 95.0
2022-01-16T00:44:10 926.5 19.8 95.4
2022-01-16T00:45:10 926.2 19.7 95.5
2022-01-16T00:46:10 926.2 19.8 95.9
2022-01-16T00:47:10 926.1 19.7 96.0
2022-01-16T00:48:10 926.3 19.7 95.9
2022-01-16T00:49:10 925.6 19.4 95.4
2022-01-16T00:50:10 925.8 19.5 93.7
2022-01-16T00:51:10 926.0 19.5 92.1
2022-01-16T00:52:10 926.2 19.6 94.3
2022-01-16T00:53:10 926.1 19.4 94.7
2022-01-16T00:54:10 926.2 19.4 95.5
2022-01-16T00:55:10 926.0 19.5 95.8
2022-01-16T00:56:10 926.4 19.6 96.0
2022-01-16T00:57:10 926.3 19.6 96.3
2022-01-16T00:58:10 926.4 19.6 96.4
2022-01-16T00:59:10 926.3 19.5 96.5
2022-01-16T01:00:10 926.3 19.4 96.4
2022-01-16T01:01:10 926.3 19.4 96.4
2022-01-16T01:02:10 926.2 19.2 96.3
2022-01-16T01:03:10 926.1 19.1 96.3
2022-01-16T01:04:10 926.0 19.1 96.2
2022-01-16T01:05:10 926.2 19.4 96.4
2022-01-16T01:06:10 926.2 19.1 96.3
2022-01-16T01:07:10 926.1 19.1 95.8
2022-01-16T01:08:10 926.0 19.0 94.8
2022-01-16T01:09:10 926.1 19.1 93.8
2022-01-16T01:10:10 926.1 19.0 91.1
2022-01-16T01:11:10 925.9 18.9 90.7
2022-01-16T01:12:10 926.2 18.9 91.1
2022-01-16T01:13:10 926.1 18.9 91.8
2022-01-16T01:14:10 926.1 18.8 90.7
2022-01-16T01:15:10 926.0 18.9 91.8
2022-01-16T01:16:10 926.2 18.9 93.8
2022-01-16T01:17:10 926.2 19.0 95.3
2022-01-16T01:18:10 926.3 19.1 95.6
2022-01-16T01:19:10 926.3 19.2 95.8
2022-01-16T01:20:10 926.4 19.3 96.1
2022-01-16T01:21:10 926.4 19.4 96.2
2022-01-16T01:22:10 926.4 19.5 96.4
2022-01-16T01:23:10 926.2 19.4 96.3
2022-01-16T01:24:10 926.4 19.4 96.1
2022-01-16T01:25:10 926.3 19.5 96.0
2022-01-16T01:26:10 926.4 19.5 96.0
2022-01-16T01:27:10 926.4 19.5 96.1
2022-01-16T01:28:10 926.5 19.5 96.0
2022-01-16T01:29:10 926.3 19.5 95.8
2022-01-16T01:30:10 926.3 19.5 95.7
2022-01-16T01:31:10 926.3 19.5 95.2
2022-01-16T01:32:10 926.2 19.5 93.4
2022-01-16T01:33:10 926.2 19.5 92.0
2022-01-16T01:34:10 926.3 19.6 93.1
2022-01-16T01:35:10 926.5 19.6 93.7
2022-01-16T01:36:10 926.3 19.6 92.8
2022-01-16T01:37:10 926.3 19.6 92.4
2022-01-16T01:38:10 926.3 19.5 90.6
2022-01-16T01:39:10 925.9 19.4 89.3
2022-01-16T01:40:10 926.1 19.5 89.9
2022-01-16T01:41:10 926.1 19.5 89.6
2022-01-16T01:42:10 926.3 19.6 90.9
2022-01-16T01:43:10 926.2 19.5 90.8
2022-01-16T01:44:10 926.2 19.4 90.5
2022-01-16T01:45:10 926.0 19.4 89.6
2022-01-16T01:46:10 926.1 19.4 89.8
2022-01-16T01:47:10 926.1 19.4 89.7
2022-01-16T01:48:10 926.1 19.4 90.3
2022-01-16T01:49:10 926.1 19.4 90.6
2022-01-16T01:50:10 926.2 19.4 91.2
2022-01-16T01:51:10 926.2 19.4 91.3
2022-01-16T01:52:10 926.3 19.4 91.5
2022-01-16T01:53:10 926.2 19.4 91.6
2022-01-16T01:54:10 926.2 19.4 91.6
2022-01-16T01:55:10 926.2 19.4 92.0
2022-01-16T01:56:10 926.0 19.3 90.6
2022-01-16T01:57:10 926.0 19.3 90.6
2022-01-16T01:58:10 926.2 19.3 91.1
2022-01-16T01:59:10 926.1 19.2 90.8
2022-01-16T02:00:10 926.1 19.3 91.0
2022-01-16T02:01:10 926.1 19.3 91.5
2022-01-16T02:02:10 926.0 19.2 90.7
2022-01-16T02:03:10 926.0 19.2 90.2
2022-01-16T02:04:10 925.9 19.2 90.2
2022-01-16T02:05:10 926.0 19.2 90.1
2022-01-16T02:06:10 925.9 19.3 90.9
2022-01-16T02:07:10 925.8 19.3 90.2
2022-01-16T02:08:10 925.7 19.1 88.9
2022-01-16T02:09:10 925.9 19.2 89.7
2022-01-16T02:10:10 925.9 19.3 90.5
2022-01-16T02:11:10 925.8 19.2 90.0
2022-01-16T02:12:10 925.6 19.2 89.6
2022-01-16T02:13:10 925.6 19.1 89.6
2022-01-16T02:14:10 925.4 19.1 88.7
2022-01-16T02:15:10 925.4 19.1 88.8
2022-01-16T02:16:10 925.6 19.1 89.2
2022-01-16T02:17:10 925.7 19.1 89.6
2022-01-16T02:18:10 925.7 19.1 90.0
2022-01-16T02:19:10 925.4 19.1 89.7
2022-01-16T02:20:10 925.4 19.1 89.7
2022-01-16T02:21:10 925.6 19.2 90.5
2022-01-16T02:22:10 925.6 19.2 90.5
2022-01-16T02:23:10 925.5 19.1 89.7
2022-01-16T02:24:10 925.4 19.1 89.3
2022-01-16T02:25:10 925.3 19.3 89.8
2022-01-16T02:26:10 925.0 19.2 88.4
2022-01-16T02:27:10 924.9 19.1 87.7
2022-01-16T02:28:10 925.0 19.1 87.2
2022-01-16T02:29:10 924.8 19.1 87.9
2022-01-16T02:30:10 924.7 19.0 87.5
2022-01-16T02:31:10 924.8 19.1 87.8
2022-01-16T02:32:10 924.7 19.1 87.9
2022-01-16T02:33:10 924.6 19.1 88.1
2022-01-16T02:34:10 924.7 19.0 87.8
2022-01-16T02:35:10 924.5 19.0 87.5
2022-01-16T02:36:10 924.7 19.0 88.1
2022-01-16T02:37:10 924.6 19.0 88.2
2022-01-16T02:38:10 924.7 18.9 88.1
2022-01-16T02:39:10 924.5 18.9 88.0
2022-01-16T02:40:10 924.3 18.9 87.3
2022-01-16T02:41:10 924.3 18.9 87.3
2022-01-16T02:42:10 924.6 18.9 87.6
2022-01-16T02:43:10 924.3 19.0 87.7
2022-01-16T02:44:10 924.4 18.9 87.0
2022-01-16T02:45:10 924.5 19.0 87.5
2022-01-16T02:46:10 924.2 18.9 86.7
2022-01-16T02:47:10 924.2 18.9 86.2
2022-01-16T02:48:10 924.2 18.9 86.4
2022-01-16T02:49:10 924.6 18.9 87.0
2022-01-16T02:50:10 924.5 18.9 86.9
2022-01-16T02:51:10 924.4 18.9 87.8
2022-01-16T02:52:10 924.2 18.9 87.2
2022-01-16T02:53:10 924.2 18.9 86.5
2022-01-16T02:54:10 924.1 18.9 86.3
2022-01-16T02:55:10 924.4 18.9 86.6
2022-01-16T02:56:10 924.3 18.9 87.3
2022-01-16T02:57:10 924.1 18.9 87.1
2022-01-16T02:58:10 923.9 18.9 87.1
2022-01-16T02:59:10 924.0 18.9 88.1
2022-01-16T03:00:10 923.8 18.9 87.7
2022-01-16T03:01:10 923.7 18.9 87.2
2022-01-16T03:02:10 923.6 18.9 86.5
2022-01-16T03:03:10 923.6 18.9 86.8
2022-01-16T03:04:10 923.6 18.8 86.6
2022-01-16T03:05:10 923.6 18.9 86.1
2022-01-16T03:06:10 923.6 18.9 86.4
2022-01-16T03:07:10 923.5 18.9 86.2
2022-01-16T03:08:10 923.5 18.9 86.6
2022-01-16T03:09:10 923.5 18.9 86.9
2022-01-16T03:10:10 923.5 18.9 87.5
2022-01-16T03:11:10 923.5 18.9 87.3
2022-01-16T03:12:10 923.5 18.8 87.5
2022-01-16T03:13:10 923.5 18.9 87.6
2022-01-16T03:14:10 923.4 18.9 88.2
2022-01-16T03:15:10 923.4 18.9 88.6
2022-01-16T03:16:10 923.5 18.9 88.8
2022-01-16T03:17:10 923.5 18.9 88.6
2022-01-16T03:18:10 923.5 18.8 89.1
2022-01-16T03:19:10 923.5 18.8 89.0
2022-01-16T03:20:10 923.5 18.8 89.0
2022-01-16T03:21:10 923.5 18.8 89.4
2022-01-16T03:22:10 923.5 18.9 89.7
2022-01-16T03:23:10 923.5 18.9 89.4
2022-01-16T03:24:10 923.5 18.9 89.8
2022-01-16T03:25:10 923.4 18.9 89.9
2022-01-16T03:26:10 923.4 19.0 90.2
2022-01-16T03:27:10 923.5 18.9 89.4
2022-01-16T03:28:10 923.5 18.9 89.3
2022-01-16T03:29:10 923.5 19.0 89.2
2022-01-16T03:30:10 923.5 19.0 89.3
2022-01-16T03:31:10 923.4 19.1 89.7
2022-01-16T03:32:10 923.4 19.1 90.0
2022-01-16T03:33:10 923.4 18.9 89.1
2022-01-16T03:34:10 923.4 19.0 88.9
2022-01-16T03:35:10 923.4 18.9 88.9
2022-01-16T03:36:10 923.4 19.0 89.7
2022-01-16T03:37:10 923.6 18.9 89.4
2022-01-16T03:38:10 923.4 18.9 89.6
2022-01-16T03:39:10 923.4 18.9 89.4
2022-01-16T03:40:10 923.3 18.9 89.6
2022-01-16T03:41:10 923.1 18.9 90.0
2022-01-16T03:42:10 923.1 18.9 89.7
2022-01-16T03:43:10 923.1 18.9 89.4
2022-01-16T03:44:10 923.1 18.9 89.3
2022-01-16T03:45:10 923.1 18.9 88.7
2022-01-16T03:46:10 923.1 18.9 87.7
2022-01-16T03:47:10 923.6 19.0 87.8
2022-01-16T03:48:10 923.5 18.9 87.9
2022-01-16T03:49:10 923.5 18.9 86.7
2022-01-16T03:50:10 923.5 18.9 86.7
2022-01-16T03:51:10 923.5 18.9 86.5
2022-01-16T03:52:10 923.5 18.9 87.3
2022-01-16T03:53:10 923.5 18.9 86.1
2022-01-16T03:54:10 923.5 18.9 85.8
2022-01-16T03:55:10 923.5 18.9 86.8
2022-01-16T03:56:10 923.5 18.8 87.4
2022-01-16T03:57:10 923.5 18.8 87.6
2022-01-16T03:58:10 923.5 18.9 88.3
2022-01-16T03:59:10 923.5 18.8 88.8
2022-01-16T04:00:10 923.5 18.7 88.2
2022-01-16T04:01:10 923.5 18.7 86.3
2022-01-16T04:02:10 923.5 18.9 86.3
2022-01-16T04:03:10 923.5 18.9 86.1
2022-01-16T04:04:10 923.4 18.9 86.1
2022-01-16T04:05:10 923.4 18.9 87.0
2022-01-16T04:06:10 923.4 18.8 87.5
2022-01-16T04:07:10 923.3 18.8 87.4
2022-01-16T04:08:10 923.3 18.8 87.4
2022-01-16T04:09:10 923.3 18.8 87.3
2022-01-16T04:10:10 923.3 18.8 87.6
2022-01-16T04:11:10 923.3 18.8 87.6
2022-01-16T04:12:10 923.3 18.6 87.1
2022-01-16T04:13:10 923.3 18.6 87.1
2022-01-16T04:14:10 923.3 18.6 86.7
2022-01-16T04:15:10 923.3 18.6 86.0
2022-01-16T04:16:10 923.3 18.7 86.7
2022-01-16T04:17:10 923.3 18.7 86.8
2022-01-16T04:18:10 923.3 18.7 87.4
2022-01-16T04:19:10 923.2 18.8 87.1
2022-01-16T04:20:10 923.2 18.8 87.7
2022-01-16T04:21:10 923.2 18.8 88.0
2022-01-16T04:22:10 923.2 18.8 88.0
2022-01-16T04:23:10 923.2 18.8 88.3
2022-01-16T04:24:10 923.1 18.8 88.6
2022-01-16T04:25:10 923.1 18.8 89.0
2022-01-16T04:26:10 923.1 18.8 88.7
2022-01-16T04:27:10 923.1 18.8 88.6
2022-01-16T04:28:10 923.0 18.6 87.7
2022-01-16T04:29:10 923.0 18.7 87.0
2022-01-16T04:30:10 923.0 18.8 87.5
2022-01-16T04:31:10 922.9 18.7 87.4
2022-01-16T04:32:10 922.9 18.7 86.7
2022-01-16T04:33:10 922.9 18.7 85.4
2022-01-16T04:34:10 922.8 18.8 86.2
2022-01-16T04:35:10 922.8 18.8 87.1
2022-01-16T04:36:10 922.8 18.8 87.1
2022-01-16T04:37:10 922.8 18.8 87.3
2022-01-16T04:38:10 922.8 18.7 87.0
2022-01-16T04:39:10 922.8 18.8 87.2
2022-01-16T04:40:10 922.8 18.8 87.2
2022-01-16T04:41:10 922.8 18.7 86.4
2022-01-16T04:42:10 922.8 18.7 86.2
2022-01-16T04:43:10 922.8 18.7 86.6
2022-01-16T04:44:10 922.8 18.8 86.6
2022-01-16T04:45:10 922.7 18.9 86.8
2022-01-16T04:46:10 922.7 18.9 86.8
2022-01-16T04:47:10 922.7 18.8 86.9
2022-01-16T04:48:10 922.7 18.9 87.2
2022-01-16T04:49:10 922.7 18.9 87.1
2022-01-16T04:50:10 922.6 18.9 87.3
2022-01-16T04:51:10 922.6 18.9 87.4
2022-01-16T04:52:10 922.6 18.9 86.8
2022-01-16T04:53:10 922.6 18.9 86.4
2022-01-16T04:54:10 922.6 18.9 87.0
2022-01-16T04:55:10 922.6 18.9 86.7
2022-01-16T04:56:10 922.5 18.9 86.1
2022-01-16T04:57:10 922.5 19.0 86.6
2022-01-16T04:58:10 922.4 18.9 86.4
2022-01-16T04:59:10 922.4 18.9 85.9
2022-01-16T05:00:10 922.3 18.9 85.6
2022-01-16T05:01:10 922.3 18.9 85.1
2022-01-16T05:02:10 922.2 19.0 84.8
2022-01-16T05:03:10 922.2 19.0 84.4
2022-01-16T05:04:10 922.1 19.0 83.8
2022-01-16T05:05:10 922.1 19.0 83.6
2022-01-16T05:06:10 922.1 19.1 83.5
2022-01-16T05:07:10 922.0 19.0 83.5
2022-01-16T05:08:10 922.0 19.0 83.6
2022-01-16T05:09:10 921.9 19.0 83.6
2022-01-16T05:10:10 921.9 18.9 83.3
2022-01-16T05:11:10 921.9 18.9 83.8
2022-01-16T05:12:10 921.9 18.9 83.7
2022-01-16T05:13:10 921.9 19.0 83.5
2022-01-16T05:14:10 921.9 18.9 83.4
2022-01-16T05:15:10 922.0 18.9 82.8
2022-01-16T05:16:10 922.0 19.0 82.6
2022-01-16T05:17:10 922.1 19.0 82.1
2022-01-16T05:18:10 922.2 19.0 82.3
2022-01-16T05:19:10 922.2 19.0 81.6
2022-01-16T05:20:10 922.3 19.0 80.5
2022-01-16T05:21:10 922.4 19.1 81.2
2022-01-16T05:22:10 922.4 19.1 80.2
2022-01-16T05:23:10 922.5 19.1 81.3
2022-01-16T05:24:10 922.5 19.1 80.2
2022-01-16T05:25:10 922.6 19.1 81.5
2022-01-16T05:26:10 922.6 19.1 81.7
2022-01-16T05:27:10 922.6 19.1 81.8
2022-01-16T05:28:10 922.6 19.0 83.5
2022-01-16T05:29:10 922.6 18.9 84.6
2022-01-16T05:30:10 922.5 18.8 84.9
2022-01-16T05:31:10 922.5 18.7 84.5
2022-01-16T05:32:10 922.4 18.7 85.5
2022-01-16T05:33:10 922.3 18.6 85.2
2022-01-16T05:34:10 922.2 18.6 86.0
2022-01-16T05:35:10 922.1 18.6 86.7
2022-01-16T05:36:10 922.0 18.6 86.2
2022-01-16T05:37:10 921.9 18.6 83.7
2022-01-16T05:38:10 921.9 18.7 84.7
2022-01-16T05:39:10 921.9 18.7 84.7
2022-01-16T05:40:10 921.9 18.6 84.2
2022-01-16T05:41:10 921.9 18.7 83.7
2022-01-16T05:42:10 921.8 18.8 83.4
2022-01-16T05:43:10 921.8 18.9 84.4
2022-01-16T05:44:10 921.8 18.9 84.7
2022-01-16T05:45:10 921.8 18.8 83.9
2022-01-16T05:46:10 921.9 18.7 83.7
2022-01-16T05:47:10 922.0 18.7 82.8
2022-01-16T05:48:10 922.0 18.8 83.7
2022-01-16T05:49:10 922.1 18.9 84.3
2022-01-16T05:50:10 922.1 18.9 84.9
2022-01-16T05:51:10 922.2 18.9 85.2
2022-01-16T05:52:10 922.1 18.9 85.8
2022-01-16T05:53:10 922.1 18.8 85.0
2022-01-16T05:54:10 922.1 18.8 85.5
2022-01-16T05:55:10 922.1 18.9 85.6
2022-01-16T05:56:10 922.1 18.9 86.1
2022-01-16T05:57:10 922.1 18.9 86.5
2022-01-16T05:58:10 922.1 18.8 86.6
2022-01-16T05:59:10 922.1 18.9 86.2
2022-01-16T06:00:10 922.1 18.9 85.8
2022-01-16T06:01:10 922.1 18.8 85.9
2022-01-16T06:02:10 922.3 18.9 86.5
2022-01-16T06:03:10 922.4 18.9 86.3
2022-01-16T06:04:10 922.4 18.9 84.5
2022-01-16T06:05:10 922.3 19.0 85.4
2022-01-16T06:06:10 922.3 18.9 85.4
2022-01-16T06:07:10 922.3 18.9 84.9
2022-01-16T06:08:10 922.3 18.9 84.6
2022-01-16T06:09:10 922.3 18.9 84.8
2022-01-16T06:10:10 922.3 18.9 84.9
2022-01-16T06:11:10 922.2 18.9 85.5
2022-01-16T06:12:10 922.2 18.9 85.9
2022-01-16T06:13:10 922.2 18.9 85.6
2022-01-16T06:14:10 922.3 18.9 85.5
2022-01-16T06:15:10 922.4 18.8 85.1
2022-01-16T06:16:10 922.5 18.8 85.1
2022-01-16T06:17:10 922.5 18.8 84.5
2022-01-16T06:18:10 922.5 18.9 84.2
2022-01-16T06:19:10 922.4 19.0 85.7
2022-01-16T06:20:10 922.4 18.9 85.9
2022-01-16T06:21:10 922.3 18.8 86.2
2022-01-16T06:22:10 922.3 18.7 85.7
2022-01-16T06:23:10 922.3 18.7 84.7
2022-01-16T06:24:10 922.4 18.8 84.7
2022-01-16T06:25:10 922.4 18.9 85.7
2022-01-16T06:26:10 922.4 18.9 85.3
2022-01-16T06:27:10 922.4 18.9 85.2
2022-01-16T06:28:10 922.4 18.9 85.3
2022-01-16T06:29:10 922.5 18.9 85.6
2022-01-16T06:30:10 922.5 18.8 85.9
2022-01-16T06:31:10 922.5 18.8 86.0
2022-01-16T06:32:10 922.6 18.8 85.6
2022-01-16T06:33:10 922.6 18.9 85.8
2022-01-16T06:34:10 922.6 18.8 85.9
2022-01-16T06:35:10 922.5 18.8 85.6
2022-01-16T06:36:10 922.6 18.9 85.1
2022-01-16T06:37:10 922.6 18.9 85.2
2022-01-16T06:38:10 922.6 18.9 85.5
2022-01-16T06:39:10 922.6 18.9 85.8
2022-01-16T06:40:10 922.6 18.9 85.6
2022-01-16T06:41:10 922.6 18.9 85.8
2022-01-16T06:42:10 922.5 18.9 85.8
2022-01-16T06:43:10 922.5 18.9 85.4
2022-01-16T06:44:10 922.5 18.9 85.3
2022-01-16T06:45:10 922.5 18.9 85.6
2022-01-16T06:46:10 922.5 18.9 85.5
2022-01-16T06:47:10 922.5 18.9 85.0
2022-01-16T06:48:10 922.5 18.9 85.9
2022-01-16T06:49:10 922.5 18.9 84.3
2022-01-16T06:50:10 922.5 18.9 83.9
2022-01-16T06:51:10 922.5 19.0 83.9
2022-01-16T06:52:10 922.5 18.9 83.0
2022-01-16T06:53:10 922.5 19.0 82.2
2022-01-16T06:54:10 922.5 19.0 82.8
2022-01-16T06:55:10 922.5 19.0 82.3
2022-01-16T06:56:10 922.5 19.0 82.7
2022-01-16T06:57:10 922.5 19.0 82.2
2022-01-16T06:58:10 922.5 18.9 81.2
2022-01-16T06:59:10 922.6 19.0 80.7
2022-01-16T07:00:10 922.6 19.1 81.1
2022-01-16T07:01:10 922.5 19.1 81.2
2022-01-16T07:02:10 922.5 19.0 81.4
2022-01-16T07:03:10 922.5 19.0 81.6
2022-01-16T07:04:10 922.5 18.9 82.0
2022-01-16T07:05:10 922.5 18.8 82.1
2022-01-16T07:06:10 922.5 18.8 81.9
2022-01-16T07:07:10 922.5 18.9 81.8
2022-01-16T07:08:10 922.5 18.9 82.7
2022-01-16T07:09:10 922.5 18.9 82.2
2022-01-16T07:10:10 922.4 18.9 82.3
2022-01-16T07:11:10 922.4 18.8 81.8
2022-01-16T07:12:10 922.5 18.9 82.5
2022-01-16T07:13:10 922.5 18.8 82.5
2022-01-16T07:14:10 922.4 18.8 81.2
2022-01-16T07:15:10 922.4 18.9 80.6
2022-01-16T07:16:10 922.4 18.9 80.8
2022-01-16T07:17:10 922.4 18.8 80.6
2022-01-16T07:18:10 922.4 18.8 80.5
2022-01-16T07:19:10 922.4 18.8 80.6
2022-01-16T07:20:10 922.4 18.8 81.3
2022-01-16T07:21:10 922.4 18.7 81.1
2022-01-16T07:22:10 922.4 18.7 81.3
2022-01-16T07:23:10 922.4 18.6 81.8
2022-01-16T07:24:10 922.4 18.6 82.5
2022-01-16T07:25:10 922.4 18.6 83.2
2022-01-16T07:26:10 922.4 18.5 83.5
2022-01-16T07:27:10 922.3 18.4 84.3
2022-01-16T07:28:10 922.4 18.4 85.0
2022-01-16T07:29:10 922.4 18.3 85.5
2022-01-16T07:30:10 922.4 18.3 86.0
2022-01-16T07:31:10 922.4 18.3 86.5
2022-01-16T07:32:10 922.5 18.2 87.1
2022-01-16T07:33:10 922.5 18.2 87.6
2022-01-16T07:34:10 922.5 18.1 88.0
2022-01-16T07:35:10 922.5 18.1 88.3
2022-01-16T07:36:10 922.5 18.1 88.7
2022-01-16T07:37:10 922.5 18.1 88.8
2022-01-16T07:38:10 922.5 18.1 89.0
2022-01-16T07:39:10 922.5 18.1 89.3
2022-01-16T07:40:10 922.5 18.2 89.5
2022-01-16T07:41:10 922.5 18.1 89.5
2022-01-16T07:42:10 922.5 18.2 89.7
2022-01-16T07:43:10 922.5 18.2 89.8
2022-01-16T07:44:10 922.4 18.2 89.8
2022-01-16T07:45:10 922.4 18.2 90.0
2022-01-16T07:46:10 922.4 18.2 90.0
2022-01-16T07:47:10 922.4 18.3 90.0
2022-01-16T07:48:10 922.4 18.3 89.9
2022-01-16T07:49:10 922.4 18.3 89.8
2022-01-16T07:50:10 922.3 18.4 89.8
2022-01-16T07:51:10 922.3 18.4 89.8
2022-01-16T07:52:10 922.2 18.4 89.7
2022-01-16T07:53:10 922.2 18.4 89.5
2022-01-16T07:54:10 922.2 18.4 89.5
2022-01-16T07:55:10 922.2 18.5 89.7
2022-01-16T07:56:10 922.2 18.5 89.3
2022-01-16T07:57:10 922.2 18.5 89.2
2022-01-16T07:58:10 922.1 18.5 89.2
2022-01-16T07:59:10 922.1 18.6 89.2
2022-01-16T08:00:10 922.1 18.6 89.1
2022-01-16T08:01:10 922.1 18.6 89.1
2022-01-16T08:02:10 922.1 18.6 89.1
2022-01-16T08:03:10 922.1 18.6 89.1
2022-01-16T08:04:10 922.0 18.6 88.9
2022-01-16T08:05:10 922.0 18.6 88.9
2022-01-16T08:06:10 922.0 18.6 88.8
2022-01-16T08:07:10 922.0 18.7 88.8
2022-01-16T08:08:10 922.0 18.7 88.7
2022-01-16T08:09:10 922.0 18.7 88.7
2022-01-16T08:10:10 921.9 18.7 88.8
2022-01-16T08:11:10 922.0 18.7 88.7
2022-01-16T08:12:10 921.9 18.7 88.6
2022-01-16T08:13:10 921.9 18.7 88.5
2022-01-16T08:14:10 921.9 18.7 88.4
2022-01-16T08:15:10 921.8 18.8 88.3
2022-01-16T08:16:10 921.8 18.8 88.3
2022-01-16T08:17:10 921.8 18.8 88.3
2022-01-16T08:18:10 921.8 18.8 88.3
2022-01-16T08:19:10 921.8 18.8 88.3
2022-01-16T08:20:10 921.8 18.8 88.4
2022-01-16T08:21:10 921.7 18.8 88.3
2022-01-16T08:22:10 921.8 18.8 88.3
2022-01-16T08:23:10 921.7 18.8 88.3
2022-01-16T08:24:10 921.8 18.8 88.3
2022-01-16T08:25:10 921.7 18.8 88.3
2022-01-16T08:26:10 921.7 18.8 88.4
2022-01-16T08:27:10 921.7 18.8 88.5
2022-01-16T08:28:10 921.7 18.8 88.5
2022-01-16T08:29:10 921.8 18.8 88.5
2022-01-16T08:30:10 921.7 18.8 88.5
2022-01-16T08:31:10 921.7 18.8 88.6
2022-01-16T08:32:10 921.7 18.8 88.6
2022-01-16T08:33:10 921.7 18.8 88.7
2022-01-16T08:34:10 921.7 18.8 88.5
2022-01-16T08:35:10 921.8 18.8 88.6
2022-01-16T08:36:10 921.8 18.8 88.6
2022-01-16T08:37:10 921.8 18.8 88.7
2022-01-16T08:38:10 921.8 18.8 88.5
2022-01-16T08:39:10 921.8 18.8 88.6
2022-01-16T08:40:10 921.8 18.9 88.4
2022-01-16T08:41:10 921.8 18.9 88.4
2022-01-16T08:42:10 921.8 18.9 88.2
2022-01-16T08:43:10 921.8 18.9 88.0
2022-01-16T08:44:10 921.8 18.9 88.2
2022-01-16T08:45:10 921.9 18.9 88.2
2022-01-16T08:46:10 921.9 18.9 87.9
2022-01-16T08:47:10 921.9 18.9 87.9
2022-01-16T08:48:10 921.9 18.9 87.7
2022-01-16T08:49:10 921.9 18.9 87.5
2022-01-16T08:50:10 921.9 18.9 87.6
2022-01-16T08:51:10 921.9 18.9 87.3
2022-01-16T08:52:10 921.9 19.0 87.3
2022-01-16T08:53:10 921.9 19.0 87.4
2022-01-16T08:54:10 921.9 19.0 87.1
2022-01-16T08:55:10 921.9 19.0 86.8
2022-01-16T08:56:10 921.9 19.1 86.8
2022-01-16T08:57:10 921.9 19.0 86.5
2022-01-16T08:58:10 922.0 19.1 87.0
2022-01-16T08:59:10 922.0 19.1 86.5
2022-01-16T09:00:10 922.0 19.1 86.4
2022-01-16T09:01:10 922.0 19.1 86.3
2022-01-16T09:02:10 922.0 19.1 85.9
2022-01-16T09:03:10 922.0 19.1 85.6
2022-01-16T09:04:10 922.0 19.2 85.5
2022-01-16T09:05:10 922.0 19.2 85.1
2022-01-16T09:06:10 922.0 19.2 85.0
2022-01-16T09:07:10 922.0 19.2 85.0
2022-01-16T09:08:10 922.0 19.2 85.0
2022-01-16T09:09:10 922.0 19.2 84.8
2022-01-16T09:10:10 922.0 19.3 84.9
2022-01-16T09:11:10 922.0 19.2 84.7
2022-01-16T09:12:10 922.0 19.3 84.5
2022-01-16T09:13:10 922.0 19.3 84.7
2022-01-16T09:14:10 922.0 19.3 84.7
2022-01-16T09:15:10 922.0 19.3 84.4
2022-01-16T09:16:10 922.0 19.3 84.3
2022-01-16T09:17:10 922.1 19.3 84.2
2022-01-16T09:18:10 922.1 19.3 84.2
2022-01-16T09:19:10 922.1 19.4 84.7
2022-01-16T09:20:10 922.1 19.4 84.0
2022-01-16T09:21:10 922.1 19.4 83.6
2022-01-16T09:22:10 922.1 19.4 83.8
2022-01-16T09:23:10 922.1 19.4 84.1
2022-01-16T09:24:10 922.1 19.4 83.9
2022-01-16T09:25:10 922.1 19.4 84.3
2022-01-16T09:26:10 922.1 19.4 84.1
2022-01-16T09:27:10 922.1 19.4 83.5
2022-01-16T09:28:10 922.1 19.4 83.4
2022-01-16T09:29:10 922.1 19.5 82.9
2022-01-16T09:30:10 922.1 19.5 83.2
2022-01-16T09:31:10 922.1 19.5 82.8
2022-01-16T09:32:10 922.2 19.6 83.3
2022-01-16T09:33:10 922.2 19.6 82.9
2022-01-16T09:34:10 922.1 19.6 82.8
2022-01-16T09:35:10 922.1 19.6 82.3
2022-01-16T09:36:10 922.1 19.6 82.0
2022-01-16T09:37:10 922.1 19.6 81.8
2022-01-16T09:38:10 922.1 19.6 81.7
2022-01-16T09:39:10 922.1 19.6 81.1
2022-01-16T09:40:10 922.1 19.7 81.0
2022-01-16T09:41:10 922.1 19.7 80.9
2022-01-16T09:42:10 922.1 19.7 81.0
2022-01-16T09:43:10 922.1 19.8 81.2
2022-01-16T09:44:10 922.1 19.7 80.8
2022-01-16T09:45:10 922.1 19.8 80.7
2022-01-16T09:46:10 922.1 19.8 80.5
2022-01-16T09:47:10 922.1 19.8 80.4
2022-01-16T09:48:10 922.1 19.9 80.5
2022-01-16T09:49:10 922.1 19.9 79.5
2022-01-16T09:50:10 922.1 19.9 79.5
2022-01-16T09:51:10 922.1 20.0 79.8
2022-01-16T09:52:10 922.1 20.0 79.1
2022-01-16T09:53:10 922.0 19.9 78.4
2022-01-16T09:54:10 922.0 20.0 78.2
2022-01-16T09:55:10 922.0 20.0 78.1
2022-01-16T09:56:10 922.0 20.1 77.6
2022-01-16T09:57:10 922.0 20.1 77.6
2022-01-16T09:58:10 922.0 20.1 77.1
2022-01-16T09:59:10 922.0 20.1 77.4
2022-01-16T10:00:10 922.0 20.1 76.9
2022-01-16T10:01:10 922.0 20.2 77.4
2022-01-16T10:02:10 922.0 20.2 77.0
2022-01-16T10:03:10 922.0 20.2 76.6
2022-01-16T10:04:10 922.0 20.3 76.3
2022-01-16T10:05:10 922.0 20.3 76.8
2022-01-16T10:06:10 922.0 20.3 75.9
2022-01-16T10:07:10 922.1 20.3 76.2
2022-01-16T10:08:10 922.1 20.3 75.7
2022-01-16T10:09:10 922.1 20.3 76.0
2022-01-16T10:10:10 922.1 20.4 75.8
2022-01-16T10:11:10 922.1 20.4 75.0
2022-01-16T10:12:10 922.1 20.4 75.0
2022-01-16T10:13:10 922.1 20.4 75.1
2022-01-16T10:14:10 922.1 20.5 75.0
2022-01-16T10:15:10 922.2 20.5 75.0
2022-01-16T10:16:10 922.2 20.5 74.3
2022-01-16T10:17:10 922.2 20.6 74.9
2022-01-16T10:18:10 922.2 20.6 74.6
2022-01-16T10:19:10 922.3 20.6 74.3
2022-01-16T10:20:10 922.3 20.7 74.3
2022-01-16T10:21:10 922.3 20.7 73.1
2022-01-16T10:22:10 922.4 20.7 73.8
2022-01-16T10:23:10 922.4 20.7 74.3
2022-01-16T10:24:10 922.5 20.8 74.2
2022-01-16T10:25:10 922.5 20.8 74.3
2022-01-16T10:26:10 922.5 20.8 74.9
2022-01-16T10:27:10 922.5 20.8 74.9
2022-01-16T10:28:10 922.5 20.8 75.8
2022-01-16T10:29:10 922.6 20.7 76.1
2022-01-16T10:30:10 922.6 20.7 75.8
2022-01-16T10:31:10 922.6 20.6 76.6
2022-01-16T10:32:10 922.5 20.6 76.3
2022-01-16T10:33:10 922.6 20.6 76.8
2022-01-16T10:34:10 922.5 20.6 76.5
2022-01-16T10:35:10 922.5 20.6 76.2
2022-01-16T10:36:10 922.5 20.7 76.2
2022-01-16T10:37:10 922.5 20.7 75.3
2022-01-16T10:38:10 922.4 20.8 75.0
2022-01-16T10:39:10 922.4 20.9 75.5
2022-01-16T10:40:10 922.4 20.9 74.6
2022-01-16T10:41:10 922.4 20.9 74.8
2022-01-16T10:42:10 922.4 21.0 74.7
2022-01-16T10:43:10 922.4 21.1 73.7
2022-01-16T10:44:10 922.4 21.1 73.8
2022-01-16T10:45:10 922.4 21.1 73.1
2022-01-16T10:46:10 922.4 21.1 72.9
2022-01-16T10:47:10 922.4 21.2 72.5
2022-01-16T10:48:10 922.4 21.2 72.0
2022-01-16T10:49:10 922.4 21.2 72.5
2022-01-16T10:50:10 922.5 21.2 73.1
2022-01-16T10:51:10 922.5 21.2 73.1
2022-01-16T10:52:10 922.5 21.2 72.3
2022-01-16T10:53:10 922.5 21.2 72.3
2022-01-16T10:54:10 922.5 21.3 73.2
2022-01-16T10:55:10 922.5 21.4 72.1
2022-01-16T10:56:10 922.5 21.3 70.8
2022-01-16T10:57:10 922.5 21.3 71.0
2022-01-16T10:58:10 922.5 21.3 71.8
2022-01-16T10:59:10 922.6 21.3 72.0
2022-01-16T11:00:10 922.6 21.3 71.4
2022-01-16T11:01:10 922.6 21.3 70.2
2022-01-16T11:02:10 922.6 21.4 70.8
2022-01-16T11:03:10 922.6 21.4 70.7
2022-01-16T11:04:10 922.6 21.4 68.9
2022-01-16T11:05:10 922.6 21.4 69.3
2022-01-16T11:06:10 922.6 21.4 70.2
2022-01-16T11:07:10 922.6 21.5 70.4
2022-01-16T11:08:10 922.6 21.4 70.2
2022-01-16T11:09:10 922.6 21.4 69.9
2022-01-16T11:10:10 922.6 21.4 70.0
2022-01-16T11:11:10 922.6 21.3 70.2
2022-01-16T11:12:10 922.6 21.4 70.8
2022-01-16T11:13:10 922.7 21.3 70.0
2022-01-16T11:14:10 922.7 21.3 70.5
2022-01-16T11:15:10 922.6 21.3 70.4
2022-01-16T11:16:10 922.7 21.3 70.7
2022-01-16T11:17:10 922.7 21.3 70.9
2022-01-16T11:18:10 922.7 21.3 71.0
2022-01-16T11:19:10 922.7 21.2 70.5
2022-01-16T11:20:10 922.7 21.2 71.5
2022-01-16T11:21:10 922.7 21.3 71.0
2022-01-16T11:22:10 922.8 21.3 71.2
2022-01-16T11:23:10 922.8 21.3 71.2
2022-01-16T11:24:10 922.8 21.3 71.2
2022-01-16T11:25:10 922.8 21.3 71.1
2022-01-16T11:26:10 922.9 21.2 71.2
2022-01-16T11:27:10 922.9 21.3 71.7
2022-01-16T11:28:10 922.9 21.3 71.8
2022-01-16T11:29:10 922.9 21.3 71.3
2022-01-16T11:30:10 922.9 21.3 71.9
2022-01-16T11:31:10 922.9 21.3 71.2
2022-01-16T11:32:10 922.9 21.3 71.5
2022-01-16T11:33:10 923.0 21.3 71.6
2022-01-16T11:34:10 923.0 21.3 71.8
2022-01-16T11:35:10 923.0 21.3 71.8
2022-01-16T11:36:10 922.9 21.3 71.7
2022-01-16T11:37:10 923.0 21.4 72.0
2022-01-16T11:38:10 923.0 21.4 71.8
2022-01-16T11:39:10 923.0 21.4 72.1
2022-01-16T11:40:10 923.0 21.4 71.6
2022-01-16T11:41:10 923.0 21.5 71.5
2022-01-16T11:42:10 923.0 21.5 71.9
2022-01-16T11:43:10 923.0 21.5 71.5
2022-01-16T11:44:10 923.0 21.5 72.0
2022-01-16T11:45:10 923.0 21.6 71.9
2022-01-16T11:46:10 923.0 21.7 71.9
2022-01-16T11:47:10 923.1 21.6 71.5
2022-01-16T11:48:10 923.1 21.6 71.5
2022-01-16T11:49:10 923.1 21.6 72.2
2022-01-16T11:50:10 923.1 21.7 71.7
2022-01-16T11:51:10 923.1 21.6 71.1
2022-01-16T11:52:10 923.1 21.6 71.2
2022-01-16T11:53:10 923.1 21.5 71.9
2022-01-16T11:54:10 923.2 21.6 71.6
2022-01-16T11:55:10 923.2 21.7 71.4
2022-01-16T11:56:10 923.2 21.8 71.5
2022-01-16T11:57:10 923.2 21.8 71.1
2022-01-16T11:58:10 923.2 21.8 70.8
2022-01-16T11:59:10 923.2 21.8 70.8
2022-01-16T12:00:10 923.3 21.8 71.3
2022-01-16T12:01:10 923.3 21.8 70.6
2022-01-16T12:02:10 923.3 21.8 71.3
2022-01-16T12:03:10 923.3 21.8 71.4
2022-01-16T12:04:10 923.3 21.8 70.7
2022-01-16T12:05:10 923.3 21.8 70.6
2022-01-16T12:06:10 923.3 21.8 70.8
2022-01-16T12:07:10 923.4 21.8 70.7
2022-01-16T12:08:10 923.4 21.8 70.9
2022-01-16T12:09:10 923.4 21.8 71.1
2022-01-16T12:10:10 923.5 21.7 71.5
2022-01-16T12:11:10 923.5 21.7 70.6
2022-01-16T12:12:10 923.4 21.7 71.1
2022-01-16T12:13:10 923.5 21.7 71.1
2022-01-16T12:14:10 923.5 21.7 71.1
2022-01-16T12:15:10 923.5 21.7 71.7
2022-01-16T12:16:10 923.5 21.7 71.6
2022-01-16T12:17:10 923.5 21.7 71.9
2022-01-16T12:18:10 923.5 21.8 72.2
2022-01-16T12:19:10 923.5 21.8 71.2
2022-01-16T12:20:10 923.5 21.7 70.8
2022-01-16T12:21:10 923.6 21.7 71.4
2022-01-16T12:22:10 923.6 21.8 70.9
2022-01-16T12:23:10 923.6 21.8 71.3
2022-01-16T12:24:10 923.6 21.8 71.8
2022-01-16T12:25:10 923.7 21.8 71.7
2022-01-16T12:26:10 923.7 21.9 72.1
2022-01-16T12:27:10 923.7 21.9 71.7
2022-01-16T12:28:10 923.7 21.9 72.4
2022-01-16T12:29:10 923.7 22.0 72.6
2022-01-16T12:30:10 923.7 22.0 71.2
2022-01-16T12:31:10 923.7 21.9 72.2
2022-01-16T12:32:10 923.7 21.9 71.5
2022-01-16T12:33:10 923.7 21.9 72.0
2022-01-16T12:34:10 923.7 21.9 72.2
2022-01-16T12:35:10 923.8 21.8 70.8
2022-01-16T12:36:10 923.8 21.8 72.8
2022-01-16T12:37:10 923.8 21.8 71.2
2022-01-16T12:38:10 923.8 21.7 71.5
2022-01-16T12:39:10 923.9 21.7 71.0
2022-01-16T12:40:10 923.9 21.6 72.0
2022-01-16T12:41:10 923.9 21.6 72.3
2022-01-16T12:42:10 923.9 21.6 72.2
2022-01-16T12:43:10 923.8 21.6 73.1
2022-01-16T12:44:10 923.9 21.6 71.7
2022-01-16T12:45:10 923.9 21.6 72.2
2022-01-16T12:46:10 923.9 21.6 72.5
2022-01-16T12:47:10 923.9 21.7 73.0
2022-01-16T12:48:10 923.9 21.7 71.3
2022-01-16T12:49:10 923.9 21.7 72.2
2022-01-16T12:50:10 923.9 21.7 72.1
2022-01-16T12:51:10 923.9 21.8 72.3
2022-01-16T12:52:10 923.9 21.8 72.0
2022-01-16T12:53:10 923.9 21.8 71.1
2022-01-16T12:54:10 924.0 21.8 71.2
2022-01-16T12:55:10 924.0 21.8 71.0
2022-01-16T12:56:10 924.0 21.8 70.3
2022-01-16T12:57:10 924.0 21.8 71.5
2022-01-16T12:58:10 924.0 21.9 73.7
2022-01-16T12:59:10 924.0 21.9 72.1
2022-01-16T13:00:10 924.0 21.9 73.3
2022-01-16T13:01:10 924.0 21.9 72.1
2022-01-16T13:02:10 924.0 21.8 72.1
2022-01-16T13:03:10 924.0 21.8 73.4
2022-01-16T13:04:10 924.0 21.9 72.4
2022-01-16T13:05:10 924.0 21.9 73.5
2022-01-16T13:06:10 924.1 21.9 72.5
2022-01-16T13:07:10 924.1 21.9 73.1
2022-01-16T13:08:10 924.1 22.1 72.5
2022-01-16T13:09:10 924.1 22.1 72.7
2022-01-16T13:10:10 924.1 22.1 72.0
2022-01-16T13:11:10 924.1 22.1 73.5
2022-01-16T13:12:10 924.1 22.2 73.4
2022-01-16T13:13:10 924.0 22.4 74.9
2022-01-16T13:14:10 924.0 22.3 73.0
2022-01-16T13:15:10 924.0 22.4 74.2
2022-01-16T13:16:10 924.0 22.4 72.0
2022-01-16T13:17:09 924.0 22.3 71.0
2022-01-16T13:18:10 924.0 22.3 71.0
2022-01-16T13:19:10 924.0 22.3 70.8
2022-01-16T13:20:10 923.9 22.2 71.0
2022-01-16T13:21:10 923.9 22.2 72.0
2022-01-16T13:22:10 923.9 22.2 73.0
2022-01-16T13:23:10 923.9 22.2 70.7
2022-01-16T13:24:10 923.9 22.2 72.2
2022-01-16T13:25:10 923.9 22.3 71.9
2022-01-16T13:26:10 923.9 22.3 71.7
2022-01-16T13:27:10 923.9 22.4 71.3
2022-01-16T13:28:09 923.9 22.4 72.6
2022-01-16T13:29:09 923.9 22.4 72.0
2022-01-16T13:30:09 924.0 22.5 72.8
2022-01-16T13:31:09 924.0 22.5 69.3
2022-01-16T13:32:09 924.0 22.5 68.9
2022-01-16T13:33:09 924.0 22.5 69.4
2022-01-16T13:34:09 924.0 22.5 69.6
2022-01-16T13:35:09 924.0 22.6 70.5
2022-01-16T13:36:09 924.0 22.6 72.0
2022-01-16T13:37:09 924.0 22.7 68.9
2022-01-16T13:38:09 924.0 22.7 71.4
2022-01-16T13:39:09 924.0 22.8 72.1
2022-01-16T13:40:09 924.0 22.6 68.9
2022-01-16T13:41:09 924.0 22.6 71.4
2022-01-16T13:42:09 924.0 22.8 73.3
2022-01-16T13:43:09 924.0 22.9 72.3
2022-01-16T13:44:09 924.0 23.1 72.8
2022-01-16T13:45:09 924.0 22.9 68.9
2022-01-16T13:46:09 924.0 22.9 71.6
2022-01-16T13:47:09 924.0 22.9 69.5
2022-01-16T13:48:09 924.0 22.9 69.4
2022-01-16T13:49:09 923.9 22.9 70.3
2022-01-16T13:50:09 923.9 22.9 69.4
2022-01-16T13:51:09 923.9 23.0 68.7
2022-01-16T13:52:09 923.9 23.0 70.5
2022-01-16T13:53:09 923.9 23.1 67.3
2022-01-16T13:54:09 923.9 23.3 67.6
2022-01-16T13:55:09 923.9 23.2 70.0
2022-01-16T13:56:09 923.9 23.1 67.2
2022-01-16T13:57:09 923.9 23.1 68.6
2022-01-16T13:58:09 923.9 23.2 69.2
2022-01-16T13:59:09 923.9 23.1 68.9
2022-01-16T14:00:09 923.9 23.1 68.6
2022-01-16T14:01:09 923.9 23.1 68.3
2022-01-16T14:02:09 923.9 23.1 68.3
2022-01-16T14:03:09 923.9 23.0 68.0
2022-01-16T14:04:09 923.9 23.1 67.4
2022-01-16T14:05:09 923.9 23.2 68.4
2022-01-16T14:06:09 923.9 23.4 70.0
2022-01-16T14:07:09 924.0 23.6 67.3
2022-01-16T14:08:09 924.0 23.5 69.0
2022-01-16T14:09:09 923.9 23.4 65.8
2022-01-16T14:10:09 923.9 23.6 68.7
2022-01-16T14:11:09 923.9 23.4 64.8
2022-01-16T14:12:09 923.9 23.3 67.2
2022-01-16T14:13:09 923.9 23.3 65.5
2022-01-16T14:14:09 923.8 23.3 66.0
2022-01-16T14:15:09 923.8 23.2 65.0
2022-01-16T14:16:09 923.8 23.2 64.8
2022-01-16T14:17:09 923.9 23.3 66.4
2022-01-16T14:18:09 923.9 23.3 66.9
2022-01-16T14:19:09 923.9 23.4 65.4
2022-01-16T14:20:09 923.9 23.3 65.6
2022-01-16T14:21:09 924.0 23.3 65.3
2022-01-16T14:22:09 924.0 23.3 68.3
2022-01-16T14:23:09 924.0 23.3 66.8
2022-01-16T14:24:09 924.0 23.1 66.4
2022-01-16T14:25:09 924.0 23.1 66.5
2022-01-16T14:26:09 924.0 23.1 68.7
2022-01-16T14:27:09 924.0 23.1 68.0
2022-01-16T14:28:09 924.0 23.0 65.7
2022-01-16T14:29:09 924.0 22.9 67.2
2022-01-16T14:30:09 924.0 22.9 68.1
2022-01-16T14:31:09 924.0 22.9 69.6
2022-01-16T14:32:09 924.0 22.8 67.5
2022-01-16T14:33:09 924.0 22.8 67.9
2022-01-16T14:34:09 924.0 22.7 68.7
2022-01-16T14:35:09 924.0 22.7 69.8
2022-01-16T14:36:09 924.0 22.8 71.5
2022-01-16T14:37:09 924.0 22.9 73.4
2022-01-16T14:38:09 924.0 22.9 75.0
2022-01-16T14:39:09 924.0 23.0 75.5
2022-01-16T14:40:09 924.0 22.9 74.8
2022-01-16T14:41:09 924.0 22.9 74.3
2022-01-16T14:42:09 924.0 22.7 72.0
2022-01-16T14:43:09 924.0 22.7 72.9
2022-01-16T14:44:09 924.0 22.8 75.1
2022-01-16T14:45:09 924.0 22.8 74.9
2022-01-16T14:46:09 924.0 22.7 74.4
2022-01-16T14:47:09 924.0 22.8 76.5
2022-01-16T14:48:09 924.0 22.8 75.1
2022-01-16T14:49:09 924.0 22.9 73.8
2022-01-16T14:50:09 923.9 22.9 76.3
2022-01-16T14:51:09 923.9 22.8 73.7
2022-01-16T14:52:09 923.9 22.8 72.4
2022-01-16T14:53:09 923.9 22.8 73.9
2022-01-16T14:54:09 923.9 22.8 77.0
2022-01-16T14:55:09 923.9 22.7 76.8
2022-01-16T14:56:09 923.9 22.7 75.7
2022-01-16T14:57:09 923.9 22.7 75.7
2022-01-16T14:58:09 923.9 22.7 76.5
2022-01-16T14:59:09 923.9 22.7 77.5
2022-01-16T15:00:09 923.9 22.7 76.5
2022-01-16T15:01:09 923.9 22.6 77.5
2022-01-16T15:02:09 923.9 22.5 78.1
2022-01-16T15:03:09 923.9 22.5 79.9
2022-01-16T15:04:09 923.9 22.4 78.8
2022-01-16T15:05:09 923.9 22.4 78.3
2022-01-16T15:06:09 923.9 22.4 78.9
2022-01-16T15:07:09 923.9 22.3 79.7
2022-01-16T15:08:09 923.9 22.3 81.3
2022-01-16T15:09:09 923.9 22.2 81.5
2022-01-16T15:10:09 923.9 22.1 81.3
2022-01-16T15:11:09 923.9 22.0 78.9
2022-01-16T15:12:09 923.9 22.1 80.6
2022-01-16T15:13:09 923.9 22.1 81.6
2022-01-16T15:14:09 923.9 22.0 81.3
2022-01-16T15:15:09 923.9 21.9 79.9
2022-01-16T15:16:09 923.9 21.9 81.5
2022-01-16T15:17:09 923.9 21.9 81.8
2022-01-16T15:18:09 923.9 21.8 80.1
2022-01-16T15:19:09 923.9 21.9 82.0
2022-01-16T15:20:09 923.9 21.9 81.4
2022-01-16T15:21:09 923.9 21.8 80.2
2022-01-16T15:22:09 923.9 22.0 82.3
2022-01-16T15:23:09 923.9 22.1 82.8
2022-01-16T15:24:09 923.8 22.2 83.5
2022-01-16T15:25:09 923.8 22.2 83.0
2022-01-16T15:26:09 923.8 22.3 82.2
2022-01-16T15:27:09 923.8 22.2 81.7
2022-01-16T15:28:09 923.8 22.4 83.8
2022-01-16T15:29:09 923.8 22.3 82.2
2022-01-16T15:30:09 923.8 22.1 79.7
2022-01-16T15:31:09 923.8 22.2 83.0
2022-01-16T15:32:09 923.8 22.0 80.2
2022-01-16T15:33:09 923.8 22.1 83.3
2022-01-16T15:34:09 923.8 21.9 82.1
2022-01-16T15:35:09 923.8 22.0 84.1
2022-01-16T15:36:09 923.8 21.9 81.3
2022-01-16T15:37:09 923.8 21.9 83.0
2022-01-16T15:38:09 923.8 22.1 83.1
2022-01-16T15:39:09 923.7 22.2 83.5
2022-01-16T15:40:09 923.7 22.2 81.1
2022-01-16T15:41:09 923.7 22.2 81.2
2022-01-16T15:42:09 923.7 22.4 82.9
2022-01-16T15:43:09 923.7 22.4 81.8
2022-01-16T15:44:09 923.7 22.4 81.4
2022-01-16T15:45:09 923.7 22.4 82.3
2022-01-16T15:46:09 923.7 22.3 76.2
2022-01-16T15:47:09 923.7 22.2 72.6
2022-01-16T15:48:09 923.7 22.3 76.8
2022-01-16T15:49:09 923.6 22.4 75.1
2022-01-16T15:50:09 923.6 22.4 75.7
2022-01-16T15:51:09 923.6 22.4 75.5
2022-01-16T15:52:09 923.6 22.5 75.4
2022-01-16T15:53:09 923.6 22.5 75.3
2022-01-16T15:54:09 923.6 22.8 77.2
2022-01-16T15:55:09 923.6 22.9 73.9
2022-01-16T15:56:09 923.6 23.0 71.3
2022-01-16T15:57:09 923.5 23.3 75.1
2022-01-16T15:58:09 923.5 23.4 73.4
2022-01-16T15:59:09 923.5 23.2 71.4
2022-01-16T16:00:09 923.5 23.3 73.6
2022-01-16T16:01:09 923.5 23.4 71.7
2022-01-16T16:02:09 923.5 23.3 69.5
2022-01-16T16:03:09 923.5 23.5 69.9
2022-01-16T16:04:09 923.5 23.4 66.3
2022-01-16T16:05:09 923.5 23.4 68.5
2022-01-16T16:06:09 923.5 23.3 66.0
2022-01-16T16:07:09 923.5 23.4 68.9
2022-01-16T16:08:09 923.5 23.7 70.5
2022-01-16T16:09:09 923.5 23.8 68.9
2022-01-16T16:10:09 923.5 23.5 68.5
2022-01-16T16:11:09 923.5 23.5 70.5
2022-01-16T16:12:09 923.5 23.4 68.1
2022-01-16T16:13:09 923.5 23.3 67.0
2022-01-16T16:14:09 923.5 23.2 67.7
2022-01-16T16:15:09 923.4 23.2 65.2
2022-01-16T16:16:09 923.4 23.1 67.4
2022-01-16T16:17:09 923.4 23.4 70.7
2022-01-16T16:18:09 923.4 23.3 63.7
2022-01-16T16:19:09 923.4 23.4 63.0
2022-01-16T16:20:09 923.4 23.5 68.8
2022-01-16T16:21:09 923.4 23.7 65.1
2022-01-16T16:22:09 923.4 23.9 62.1
2022-01-16T16:23:09 923.3 23.9 59.5
2022-01-16T16:24:09 923.4 23.9 57.7
2022-01-16T16:25:09 923.3 23.5 57.3
2022-01-16T16:26:09 923.3 23.4 61.2
2022-01-16T16:27:09 923.3 23.6 59.0
2022-01-16T16:28:09 923.3 23.6 59.0
2022-01-16T16:29:09 923.2 23.4 62.4
2022-01-16T16:30:09 923.2 23.3 62.3
2022-01-16T16:31:09 923.2 23.3 61.0
2022-01-16T16:32:09 923.2 23.3 60.7
2022-01-16T16:33:09 923.2 23.3 62.3
2022-01-16T16:34:09 923.2 23.2 62.9
2022-01-16T16:35:09 923.1 23.6 66.4
2022-01-16T16:36:09 923.1 24.0 60.0
2022-01-16T16:37:09 923.1 24.4 61.2
2022-01-16T16:38:09 923.1 24.8 56.9
2022-01-16T16:39:09 923.0 24.7 54.4
2022-01-16T16:40:09 923.0 24.2 57.5
2022-01-16T16:41:09 923.0 24.7 59.8
2022-01-16T16:42:09 923.0 24.4 58.3
2022-01-16T16:43:09 923.0 24.9 60.7
2022-01-16T16:44:09 923.0 25.3 59.1
2022-01-16T16:45:09 922.9 26.0 55.0
2022-01-16T16:46:09 922.9 26.0 53.4
2022-01-16T16:47:09 922.9 25.2 51.1
2022-01-16T16:48:09 922.9 24.9 56.3
2022-01-16T16:49:09 922.9 24.6 53.8
2022-01-16T16:50:09 922.8 24.3 57.3
2022-01-16T16:51:09 922.8 24.4 57.8
2022-01-16T16:52:09 922.8 24.3 56.3
2022-01-16T16:53:09 922.8 24.2 57.2
2022-01-16T16:54:09 922.8 24.2 59.1
2022-01-16T16:55:09 922.7 24.1 57.9
2022-01-16T16:56:09 922.7 24.4 58.7
2022-01-16T16:57:09 922.7 24.6 57.0
2022-01-16T16:58:09 922.7 24.3 57.0
2022-01-16T16:59:09 922.7 24.3 57.1
2022-01-16T17:00:09 922.6 24.1 55.6
2022-01-16T17:01:09 922.6 24.1 56.4
2022-01-16T17:02:09 922.6 24.1 56.5
2022-01-16T17:03:09 922.6 24.1 58.4
2022-01-16T17:04:09 922.5 24.2 54.6
2022-01-16T17:05:09 922.5 24.5 56.6
2022-01-16T17:06:09 922.5 24.7 53.5
2022-01-16T17:07:09 922.5 24.8 53.5
2022-01-16T17:08:09 922.5 25.0 52.6
2022-01-16T17:09:09 922.5 25.1 53.7
2022-01-16T17:10:09 922.5 24.7 55.2
2022-01-16T17:11:09 922.4 24.6 53.5
2022-01-16T17:12:09 922.4 24.3 56.0
2022-01-16T17:13:09 922.4 24.3 57.0
2022-01-16T17:14:09 922.4 24.4 58.4
2022-01-16T17:15:09 922.3 24.6 57.7
2022-01-16T17:16:09 922.3 25.0 58.5
2022-01-16T17:17:09 922.3 25.0 55.5
2022-01-16T17:18:09 922.3 24.6 56.5
2022-01-16T17:19:09 922.3 24.9 59.4
2022-01-16T17:20:09 922.3 25.3 55.7
2022-01-16T17:21:09 922.3 25.1 56.5
2022-01-16T17:22:09 922.3 25.4 56.0
2022-01-16T17:23:09 922.3 25.1 54.5
2022-01-16T17:24:09 922.3 24.7 57.1
2022-01-16T17:25:09 922.2 24.9 56.8
2022-01-16T17:26:09 922.3 25.3 57.1
2022-01-16T17:27:09 922.3 24.9 55.6
2022-01-16T17:28:09 922.3 24.7 56.6
2022-01-16T17:29:09 922.3 24.5 55.6
2022-01-16T17:30:09 922.3 24.5 57.0
2022-01-16T17:31:09 922.3 24.6 58.3
2022-01-16T17:32:09 922.3 24.4 57.7
2022-01-16T17:33:09 922.3 24.5 58.5
2022-01-16T17:34:09 922.3 24.7 60.4
2022-01-16T17:35:09 922.2 25.3 59.5
2022-01-16T17:36:09 922.2 25.8 57.0
2022-01-16T17:37:09 922.2 25.8 55.0
2022-01-16T17:38:09 922.2 25.2 54.4
2022-01-16T17:39:09 922.2 25.0 58.3
2022-01-16T17:40:09 922.2 25.3 57.7
2022-01-16T17:41:09 922.2 25.8 54.5
2022-01-16T17:42:09 922.2 25.5 52.9
2022-01-16T17:43:09 922.2 25.9 56.1
2022-01-16T17:44:09 922.2 26.2 54.1
2022-01-16T17:45:09 922.2 26.1 54.1
2022-01-16T17:46:09 922.2 25.8 51.6
2022-01-16T17:47:09 922.2 25.3 53.9
2022-01-16T17:48:09 922.2 25.1 55.8
2022-01-16T17:49:09 922.2 25.4 56.2
2022-01-16T17:50:09 922.1 25.6 56.8
2022-01-16T17:51:09 922.1 25.1 56.8
2022-01-16T17:52:09 922.1 24.8 60.0
2022-01-16T17:53:09 922.1 24.7 59.3
2022-01-16T17:54:09 922.1 24.8 58.4
2022-01-16T17:55:09 922.1 24.6 59.0
2022-01-16T17:56:09 922.0 24.7 60.2
2022-01-16T17:57:09 922.0 24.8 61.0
2022-01-16T17:58:09 922.0 24.9 60.7
2022-01-16T17:59:09 921.9 25.0 60.1
2022-01-16T18:00:09 921.9 24.8 61.4
2022-01-16T18:01:09 921.9 25.0 60.7
2022-01-16T18:02:09 921.9 25.1 60.3
2022-01-16T18:03:09 921.9 24.9 61.7
2022-01-16T18:04:09 921.9 24.8 61.0
2022-01-16T18:05:09 921.9 24.9 62.5
2022-01-16T18:06:09 921.9 25.0 60.7
2022-01-16T18:07:09 921.8 24.8 62.5
2022-01-16T18:08:09 921.8 24.9 61.8
2022-01-16T18:09:09 921.8 25.0 61.8
2022-01-16T18:10:09 921.8 24.9 62.5
2022-01-16T18:11:09 921.8 25.0 62.1
2022-01-16T18:12:09 921.8 25.1 62.3
2022-01-16T18:13:09 921.8 25.0 63.0
2022-01-16T18:14:09 921.8 25.1 62.9
2022-01-16T18:15:09 921.8 25.3 62.8
2022-01-16T18:16:09 921.7 25.3 62.6
2022-01-16T18:17:09 921.7 25.1 62.2
2022-01-16T18:18:09 921.7 24.9 64.6
2022-01-16T18:19:09 921.7 24.9 63.0
2022-01-16T18:20:09 921.7 24.8 63.6
2022-01-16T18:21:09 921.6 24.5 64.1
2022-01-16T18:22:09 921.6 24.4 65.2
2022-01-16T18:23:09 921.6 24.5 64.8
2022-01-16T18:24:09 921.6 24.6 64.7
2022-01-16T18:25:09 921.6 24.7 64.1
2022-01-16T18:26:09 921.5 24.7 63.2
2022-01-16T18:27:09 921.5 24.7 62.2
2022-01-16T18:28:09 921.5 24.5 62.3
2022-01-16T18:29:09 921.5 24.3 63.2
2022-01-16T18:30:09 921.5 24.4 63.3
2022-01-16T18:31:09 921.5 24.3 61.9
2022-01-16T18:32:09 921.4 24.2 62.3
2022-01-16T18:33:09 921.4 24.3 63.4
2022-01-16T18:34:09 921.4 24.4 63.5
2022-01-16T18:35:09 921.3 24.4 62.2
2022-01-16T18:36:09 921.3 24.4 61.4
2022-01-16T18:37:09 921.3 24.3 61.4
2022-01-16T18:38:09 921.3 24.3 61.1
2022-01-16T18:39:09 921.4 24.4 60.3
2022-01-16T18:40:09 921.3 24.3 60.8
2022-01-16T18:41:09 921.3 24.1 61.2
2022-01-16T18:42:09 921.3 24.2 61.4
2022-01-16T18:43:09 921.3 24.2 61.8
2022-01-16T18:44:09 921.3 24.3 62.2
2022-01-16T18:45:09 921.3 24.4 61.6
2022-01-16T18:46:09 921.3 24.4 62.0
2022-01-16T18:47:09 921.3 24.6 62.5
2022-01-16T18:48:09 921.3 24.5 61.3
2022-01-16T18:49:09 921.3 24.4 62.5
2022-01-16T18:50:09 921.4 24.5 61.9
2022-01-16T18:51:09 921.3 24.4 62.7
2022-01-16T18:52:09 921.3 24.5 62.6
2022-01-16T18:53:09 921.3 24.5 63.1
2022-01-16T18:54:09 921.3 24.5 62.9
2022-01-16T18:55:09 921.3 24.6 62.4
2022-01-16T18:56:09 921.3 24.5 61.9
2022-01-16T18:57:09 921.2 24.3 62.4
2022-01-16T18:58:09 921.3 24.3 61.7
2022-01-16T18:59:09 921.2 24.1 60.9
2022-01-16T19:00:09 921.3 24.0 61.8
2022-01-16T19:01:09 921.2 23.9 61.9
2022-01-16T19:02:09 921.2 23.9 62.5
2022-01-16T19:03:09 921.2 23.9 61.8
2022-01-16T19:04:09 921.2 23.9 62.0
2022-01-16T19:05:09 921.2 23.9 62.3
2022-01-16T19:06:09 921.2 23.9 62.4
2022-01-16T19:07:09 921.2 23.9 61.8
2022-01-16T19:08:09 921.2 23.9 61.0
2022-01-16T19:09:09 921.2 23.8 61.8
2022-01-16T19:10:09 921.2 23.9 62.3
2022-01-16T19:11:09 921.2 23.9 61.5
2022-01-16T19:12:09 921.2 24.0 63.1
2022-01-16T19:13:09 921.2 24.1 62.7
2022-01-16T19:14:09 921.2 24.1 62.1
2022-01-16T19:15:09 921.2 23.9 61.0
2022-01-16T19:16:09 921.2 24.0 62.2
2022-01-16T19:17:09 921.2 24.0 61.8
2022-01-16T19:18:09 921.2 24.1 60.9
2022-01-16T19:19:09 921.2 24.0 61.8
2022-01-16T19:20:09 921.2 24.0 63.4
2022-01-16T19:21:09 921.2 23.9 61.4
2022-01-16T19:22:09 921.2 24.0 62.5
2022-01-16T19:23:09 921.2 24.0 62.8
2022-01-16T19:24:09 921.2 24.0 62.1
2022-01-16T19:25:09 921.2 24.0 63.3
2022-01-16T19:26:09 921.2 24.1 62.6
2022-01-16T19:27:09 921.2 24.0 61.7
2022-01-16T19:28:09 921.2 24.0 62.4
2022-01-16T19:29:09 921.2 24.0 61.9
2022-01-16T19:30:09 921.2 23.9 61.9
2022-01-16T19:31:09 921.2 23.9 62.9
2022-01-16T19:32:09 921.2 23.9 62.4
2022-01-16T19:33:09 921.2 23.9 62.2
2022-01-16T19:34:09 921.2 23.9 63.2
2022-01-16T19:35:09 921.1 23.9 63.1
2022-01-16T19:36:09 921.1 23.8 62.9
2022-01-16T19:37:09 921.1 23.9 62.2
2022-01-16T19:38:09 921.1 23.8 62.5
2022-01-16T19:39:09 921.1 23.8 63.5
2022-01-16T19:40:09 921.1 23.8 63.7
2022-01-16T19:41:09 921.1 23.9 62.7
2022-01-16T19:42:09 921.1 23.9 63.5
2022-01-16T19:43:09 921.1 24.0 62.7
2022-01-16T19:44:09 921.1 24.0 63.0
2022-01-16T19:45:09 921.1 24.1 62.9
2022-01-16T19:46:09 921.1 24.1 63.4
2022-01-16T19:47:09 921.1 24.2 63.2
2022-01-16T19:48:09 921.1 24.3 63.5
2022-01-16T19:49:09 921.1 24.1 62.6
2022-01-16T19:50:09 921.1 24.2 63.2
2022-01-16T19:51:09 921.1 24.2 62.7
2022-01-16T19:52:09 921.0 24.1 63.4
2022-01-16T19:53:09 921.0 24.1 61.7
2022-01-16T19:54:09 921.0 24.1 62.5
2022-01-16T19:55:09 921.0 24.3 62.6
2022-01-16T19:56:09 921.0 24.4 62.1
2022-01-16T19:57:09 921.1 24.6 61.6
2022-01-16T19:58:09 921.0 24.4 61.9
2022-01-16T19:59:09 921.0 24.6 62.0
2022-01-16T20:00:09 921.0 24.8 61.8
2022-01-16T20:01:09 921.0 24.8 60.6
2022-01-16T20:02:09 921.0 24.9 60.9
2022-01-16T20:03:09 921.0 24.8 61.1
2022-01-16T20:04:09 921.0 24.8 61.1
2022-01-16T20:05:09 921.0 24.8 62.3
2022-01-16T20:06:09 921.0 24.7 62.8
2022-01-16T20:07:09 921.0 24.8 63.1
2022-01-16T20:08:09 921.0 25.0 63.0
2022-01-16T20:09:09 921.0 25.0 62.4
2022-01-16T20:10:09 921.0 25.0 62.1
2022-01-16T20:11:09 921.0 25.0 62.0
2022-01-16T20:12:09 921.0 25.1 62.1
2022-01-16T20:13:09 921.0 25.2 61.9
2022-01-16T20:14:09 921.0 25.2 60.3
2022-01-16T20:15:09 921.0 25.1 60.7
2022-01-16T20:16:09 921.0 25.0 60.9
2022-01-16T20:17:09 921.0 25.1 60.8
2022-01-16T20:18:09 921.0 25.1 61.2
2022-01-16T20:19:09 920.9 25.1 61.2
2022-01-16T20:20:09 921.0 25.1 60.3
2022-01-16T20:21:09 920.9 25.1 58.1
2022-01-16T20:22:09 921.0 25.1 58.8
2022-01-16T20:23:09 921.0 24.8 58.7
2022-01-16T20:24:09 921.0 24.7 59.4
2022-01-16T20:25:09 921.0 24.8 59.8
2022-01-16T20:26:09 921.0 24.8 58.3
2022-01-16T20:27:09 921.0 24.6 56.5
2022-01-16T20:28:09 921.0 24.6 57.2
2022-01-16T20:29:09 921.0 24.5 57.4
2022-01-16T20:30:09 921.0 24.6 57.5
2022-01-16T20:31:09 921.0 24.6 56.9
2022-01-16T20:32:09 921.0 24.6 57.1
2022-01-16T20:33:09 921.0 24.6 56.4
2022-01-16T20:34:09 921.0 24.6 57.7
2022-01-16T20:35:09 921.0 24.5 57.8
2022-01-16T20:36:09 921.0 24.5 57.6
2022-01-16T20:37:09 921.0 24.6 58.6
2022-01-16T20:38:09 921.1 24.6 57.2
2022-01-16T20:39:09 921.1 24.5 56.0
2022-01-16T20:40:09 921.1 24.6 56.3
2022-01-16T20:41:09 921.1 24.5 55.4
2022-01-16T20:42:09 921.0 24.4 55.6
2022-01-16T20:43:09 921.0 24.3 56.4
2022-01-16T20:44:09 921.1 24.3 57.6
2022-01-16T20:45:09 921.1 24.3 57.9
2022-01-16T20:46:09 921.1 24.3 58.6
2022-01-16T20:47:09 921.1 24.3 59.1
2022-01-16T20:48:09 921.1 24.4 59.7
2022-01-16T20:49:09 921.1 24.4 59.5
2022-01-16T20:50:09 921.2 24.4 60.8
2022-01-16T20:51:09 921.1 24.1 61.3
2022-01-16T20:52:09 921.1 24.0 62.3
2022-01-16T20:53:09 921.1 23.9 63.5
2022-01-16T20:54:09 921.1 23.7 64.1
2022-01-16T20:55:09 921.1 23.8 64.1
2022-01-16T20:56:09 921.1 23.9 64.4
2022-01-16T20:57:09 921.1 23.8 64.9
2022-01-16T20:58:09 921.1 23.8 65.5
2022-01-16T20:59:09 921.1 23.6 66.0
2022-01-16T21:00:09 921.1 23.5 67.0
2022-01-16T21:01:09 921.1 23.4 67.4
2022-01-16T21:02:09 921.1 23.3 67.8
2022-01-16T21:03:09 921.1 23.3 68.3
2022-01-16T21:04:09 921.1 23.3 68.5
2022-01-16T21:05:09 921.1 23.3 68.8
2022-01-16T21:06:09 921.1 23.3 68.9
2022-01-16T21:07:09 921.1 23.3 68.5
2022-01-16T21:08:09 921.1 23.3 69.2
2022-01-16T21:09:09 921.1 23.4 69.4
2022-01-16T21:10:09 921.1 23.4 69.5
2022-01-16T21:11:09 921.2 23.4 69.1
2022-01-16T21:12:09 921.2 23.5 69.3
2022-01-16T21:13:09 921.2 23.4 69.5
2022-01-16T21:14:09 921.3 23.4 69.5
2022-01-16T21:15:09 921.3 23.3 70.2
2022-01-16T21:16:09 921.3 23.2 70.2
2022-01-16T21:17:09 921.3 23.2 70.8
2022-01-16T21:18:09 921.3 23.2 71.2
2022-01-16T21:19:09 921.3 23.2 71.3
2022-01-16T21:20:09 921.3 23.1 71.8
2022-01-16T21:21:09 921.3 23.1 72.1
2022-01-16T21:22:09 921.3 23.1 72.2
2022-01-16T21:23:09 921.3 23.1 71.8
2022-01-16T21:24:09 921.3 22.9 72.5
2022-01-16T21:25:09 921.4 22.9 72.7
2022-01-16T21:26:09 921.4 22.9 73.0
2022-01-16T21:27:09 921.4 22.9 73.2
2022-01-16T21:28:09 921.4 22.9 73.1
2022-01-16T21:29:09 921.4 23.0 73.3
2022-01-16T21:30:09 921.5 23.1 73.0
2022-01-16T21:31:09 921.5 23.1 72.9
2022-01-16T21:32:09 921.5 23.0 73.1
2022-01-16T21:33:09 921.5 22.9 73.4
2022-01-16T21:34:09 921.4 23.0 73.6
2022-01-16T21:35:09 921.5 23.0 73.7
2022-01-16T21:36:09 921.5 23.0 74.1
2022-01-16T21:37:09 921.5 23.0 73.5
2022-01-16T21:38:09 921.5 22.9 73.9
2022-01-16T21:39:09 921.5 22.9 74.2
2022-01-16T21:40:09 921.5 22.8 74.8
2022-01-16T21:41:09 921.6 22.8 74.9
2022-01-16T21:42:09 921.6 22.9 74.9
2022-01-16T21:43:09 921.6 22.8 74.7
2022-01-16T21:44:09 921.6 22.8 74.3
2022-01-16T21:45:09 921.6 22.8 73.9
2022-01-16T21:46:09 921.6 22.8 74.2
2022-01-16T21:47:09 921.6 22.7 74.6
2022-01-16T21:48:09 921.6 22.7 74.8
2022-01-16T21:49:09 921.6 22.7 74.6
2022-01-16T21:50:09 921.6 22.7 74.4
2022-01-16T21:51:09 921.6 22.7 75.0
2022-01-16T21:52:09 921.6 22.7 74.9
2022-01-16T21:53:09 921.6 22.7 75.0
2022-01-16T21:54:09 921.6 22.6 74.6
2022-01-16T21:55:09 921.6 22.6 75.1
2022-01-16T21:56:09 921.6 22.6 75.6
2022-01-16T21:57:09 921.6 22.6 75.3
2022-01-16T21:58:09 921.5 22.6 75.5
2022-01-16T21:59:09 921.5 22.6 75.8
2022-01-16T22:00:09 921.5 22.7 75.8
2022-01-16T22:01:09 921.5 22.6 76.1
2022-01-16T22:02:09 921.5 22.6 76.3
2022-01-16T22:03:09 921.5 22.6 76.5
2022-01-16T22:04:09 921.5 22.6 76.4
2022-01-16T22:05:09 921.5 22.6 76.9
2022-01-16T22:06:09 921.5 22.5 77.0
2022-01-16T22:07:09 921.5 22.5 77.0
2022-01-16T22:08:09 921.5 22.5 77.2
2022-01-16T22:09:09 921.5 22.5 77.5
2022-01-16T22:10:09 921.5 22.5 77.6
2022-01-16T22:11:09 921.5 22.5 77.5
2022-01-16T22:12:09 921.5 22.5 77.7
2022-01-16T22:13:09 921.5 22.5 78.1
2022-01-16T22:14:09 921.5 22.4 77.4
2022-01-16T22:15:09 921.5 22.4 77.3
2022-01-16T22:16:09 921.6 22.4 76.8
2022-01-16T22:17:09 921.6 22.4 77.0
2022-01-16T22:18:09 921.6 22.3 76.5
2022-01-16T22:19:09 921.6 22.3 76.8
2022-01-16T22:20:09 921.7 22.4 77.2
2022-01-16T22:21:09 921.7 22.4 77.1
2022-01-16T22:22:09 921.7 22.4 76.8
2022-01-16T22:23:09 921.7 22.4 76.8
2022-01-16T22:24:09 921.7 22.4 76.1
2022-01-16T22:25:09 921.8 22.4 76.6
2022-01-16T22:26:09 921.8 22.3 76.3
2022-01-16T22:27:09 921.8 22.4 76.5
2022-01-16T22:28:09 921.8 22.4 75.6
2022-01-16T22:29:09 921.9 22.3 74.5
2022-01-16T22:30:09 921.9 22.3 75.3
2022-01-16T22:31:09 921.9 22.3 75.0
2022-01-16T22:32:09 921.9 22.3 74.7
2022-01-16T22:33:09 921.9 22.3 75.0
2022-01-16T22:34:09 921.9 22.3 74.8
2022-01-16T22:35:09 921.9 22.3 74.6
2022-01-16T22:36:09 921.9 22.3 73.2
2022-01-16T22:37:09 922.0 22.3 73.2
2022-01-16T22:38:09 922.0 22.3 72.4
2022-01-16T22:39:09 922.0 22.2 72.0
2022-01-16T22:40:09 922.0 22.2 71.2
2022-01-16T22:41:09 922.0 22.2 71.0
2022-01-16T22:42:09 922.0 22.2 70.8
2022-01-16T22:43:09 922.0 22.2 72.1
2022-01-16T22:44:09 922.1 22.2 71.9
2022-01-16T22:45:09 922.1 22.1 72.3
2022-01-16T22:46:09 922.1 22.1 72.8
2022-01-16T22:47:09 922.1 22.1 72.8
2022-01-16T22:48:09 922.1 22.1 72.8
2022-01-16T22:49:09 922.1 22.2 72.8
2022-01-16T22:50:09 922.1 22.2 72.9
2022-01-16T22:51:09 922.1 22.2 72.6
2022-01-16T22:52:09 922.1 22.2 72.8
2022-01-16T22:53:09 922.1 22.2 72.8
2022-01-16T22:54:09 922.1 22.1 73.0
2022-01-16T22:55:09 922.1 22.1 73.3
2022-01-16T22:56:09 922.2 22.1 73.6
2022-01-16T22:57:09 922.2 22.1 73.4
2022-01-16T22:58:09 922.2 22.1 73.6
2022-01-16T22:59:09 922.2 22.1 73.3
2022-01-16T23:00:09 922.2 22.1 73.7
2022-01-16T23:01:09 922.2 22.1 73.7
2022-01-16T23:02:09 922.2 22.1 73.6
2022-01-16T23:03:09 922.2 22.1 73.5
2022-01-16T23:04:09 922.2 22.1 73.8
2022-01-16T23:05:09 922.2 22.1 74.0
2022-01-16T23:06:09 922.2 22.1 73.9
2022-01-16T23:07:09 922.2 22.0 74.0
2022-01-16T23:08:09 922.2 22.0 74.3
2022-01-16T23:09:09 922.2 22.0 74.2
2022-01-16T23:10:09 922.3 22.0 74.4
2022-01-16T23:11:09 922.3 22.0 74.4
2022-01-16T23:12:09 922.3 22.0 74.5
2022-01-16T23:13:09 922.3 22.0 74.7
2022-01-16T23:14:09 922.3 21.9 74.2
2022-01-16T23:15:09 922.3 21.9 74.8
2022-01-16T23:16:09 922.3 21.9 74.8
2022-01-16T23:17:09 922.3 21.9 74.8
2022-01-16T23:18:09 922.4 21.9 74.9
2022-01-16T23:19:09 922.4 21.9 75.2
2022-01-16T23:20:09 922.4 22.0 74.5
2022-01-16T23:21:09 922.4 22.0 74.5
2022-01-16T23:22:09 922.4 22.0 74.8
2022-01-16T23:23:09 922.4 21.9 75.1
2022-01-16T23:24:09 922.4 21.9 74.7
2022-01-16T23:25:09 922.4 21.9 75.3
2022-01-16T23:26:09 922.5 21.9 75.5
2022-01-16T23:27:09 922.5 21.9 75.4
2022-01-16T23:28:09 922.5 21.8 75.1
2022-01-16T23:29:09 922.5 21.8 75.5
2022-01-16T23:30:09 922.5 21.8 75.3
2022-01-16T23:31:09 922.5 21.8 75.6
2022-01-16T23:32:09 922.5 21.8 75.3
2022-01-16T23:33:09 922.5 21.8 75.5
2022-01-16T23:34:09 922.5 21.8 75.8
2022-01-16T23:35:09 922.5 21.8 75.9
2022-01-16T23:36:09 922.5 21.8 76.0
2022-01-16T23:37:09 922.5 21.9 75.8
2022-01-16T23:38:09 922.5 21.8 76.0
2022-01-16T23:39:09 922.5 21.9 75.7
2022-01-16T23:40:09 922.5 21.8 75.8
2022-01-16T23:41:09 922.5 21.8 76.0
2022-01-16T23:42:09 922.5 21.8 76.1
2022-01-16T23:43:09 922.5 21.8 76.2
2022-01-16T23:44:09 922.5 21.8 76.3
2022-01-16T23:45:09 922.5 21.8 76.6
2022-01-16T23:46:09 922.5 21.8 76.6
2022-01-16T23:47:09 922.5 21.7 76.9
2022-01-16T23:48:09 922.5 21.8 77.1
2022-01-16T23:49:09 922.4 21.8 76.8
2022-01-16T23:50:09 922.4 21.8 76.9
2022-01-16T23:51:09 922.4 21.7 77.0
2022-01-16T23:52:09 922.4 21.8 76.9
2022-01-16T23:53:09 922.4 21.7 76.9
2022-01-16T23:54:09 922.4 21.7 77.0
2022-01-16T23:55:09 922.3 21.7 77.0
2022-01-16T23:56:09 922.3 21.7 77.2
2022-01-16T23:57:09 922.3 21.7 77.1
2022-01-16T23:58:09 922.3 21.7 77.5
2022-01-16T23:59:09 922.4 21.7 77.8
