2022-01-15T00:00:12 925.8 25.1 59.7
2022-01-15T00:01:12 925.8 25.1 59.6
2022-01-15T00:02:12 925.8 25.2 59.9
2022-01-15T00:03:12 925.8 25.1 60.1
2022-01-15T00:04:12 925.8 25.1 60.3
2022-01-15T00:05:12 925.8 25.1 60.3
2022-01-15T00:06:12 925.8 25.1 60.3
2022-01-15T00:07:12 925.8 25.2 59.5
2022-01-15T00:08:12 925.8 25.2 59.6
2022-01-15T00:09:12 925.8 25.2 59.4
2022-01-15T00:10:12 925.8 25.2 59.2
2022-01-15T00:11:12 925.8 25.2 59.2
2022-01-15T00:12:12 925.8 25.3 58.4
2022-01-15T00:13:12 925.8 25.3 58.3
2022-01-15T00:14:12 925.8 25.3 58.4
2022-01-15T00:15:12 925.8 25.3 58.3
2022-01-15T00:16:12 925.8 25.4 58.4
2022-01-15T00:17:12 925.8 25.4 58.3
2022-01-15T00:18:12 925.8 25.4 57.9
2022-01-15T00:19:12 925.8 25.4 58.3
2022-01-15T00:20:12 925.8 25.4 57.9
2022-01-15T00:21:12 925.8 25.5 57.9
2022-01-15T00:22:12 925.8 25.6 57.9
2022-01-15T00:23:12 925.8 25.6 58.0
2022-01-15T00:24:12 925.8 25.6 58.1
2022-01-15T00:25:12 925.9 25.6 58.4
2022-01-15T00:26:12 925.9 25.6 58.4
2022-01-15T00:27:12 925.9 25.5 58.9
2022-01-15T00:28:12 925.9 25.6 58.8
2022-01-15T00:29:12 925.9 25.6 58.6
2022-01-15T00:30:12 925.9 25.6 59.0
2022-01-15T00:31:12 925.9 25.6 58.9
2022-01-15T00:32:12 925.9 25.6 59.2
2022-01-15T00:33:12 925.9 25.6 59.2
2022-01-15T00:34:12 925.9 25.6 59.4
2022-01-15T00:35:12 926.0 25.5 59.5
2022-01-15T00:36:12 926.0 25.6 59.4
2022-01-15T00:37:12 926.0 25.6 59.5
2022-01-15T00:38:12 926.0 25.5 59.5
2022-01-15T00:39:12 926.0 25.6 59.6
2022-01-15T00:40:12 926.0 25.6 59.6
2022-01-15T00:41:12 926.0 25.6 59.7
2022-01-15T00:42:12 926.0 25.5 59.8
2022-01-15T00:43:12 926.0 25.5 60.0
2022-01-15T00:44:12 926.0 25.5 60.0
2022-01-15T00:45:12 926.0 25.5 60.2
2022-01-15T00:46:12 926.0 25.5 60.3
2022-01-15T00:47:12 926.1 25.4 60.7
2022-01-15T00:48:12 926.1 25.4 60.6
2022-01-15T00:49:12 926.1 25.4 60.9
2022-01-15T00:50:12 926.1 25.3 60.9
2022-01-15T00:51:12 926.1 25.4 60.7
2022-01-15T00:52:12 926.1 25.4 60.8
2022-01-15T00:53:12 926.1 25.4 60.2
2022-01-15T00:54:12 926.1 25.5 60.7
2022-01-15T00:55:12 926.2 25.4 60.9
2022-01-15T00:56:12 926.2 25.3 61.1
2022-01-15T00:57:12 926.2 25.3 61.5
2022-01-15T00:58:12 926.2 25.2 61.8
2022-01-15T00:59:12 926.2 25.2 62.0
2022-01-15T01:00:12 926.2 25.1 62.3
2022-01-15T01:01:12 926.3 25.0 62.8
2022-01-15T01:02:12 926.3 24.9 63.3
2022-01-15T01:03:12 926.3 24.8 63.5
2022-01-15T01:04:12 926.3 24.7 63.8
2022-01-15T01:05:12 926.3 24.7 64.1
2022-01-15T01:06:12 926.3 24.6 64.2
2022-01-15T01:07:12 926.3 24.6 64.4
2022-01-15T01:08:12 926.3 24.6 64.5
2022-01-15T01:09:12 926.3 24.6 64.8
2022-01-15T01:10:12 926.3 24.5 64.4
2022-01-15T01:11:12 926.4 24.5 64.8
2022-01-15T01:12:12 926.4 24.6 63.8
2022-01-15T01:13:12 926.4 24.8 63.6
2022-01-15T01:14:12 926.4 24.8 63.5
2022-01-15T01:15:12 926.4 24.8 63.7
2022-01-15T01:16:12 926.4 24.9 63.2
2022-01-15T01:17:12 926.4 24.9 63.6
2022-01-15T01:18:12 926.5 24.8 63.6
2022-01-15T01:19:12 926.5 24.8 64.4
2022-01-15T01:20:12 926.5 24.8 64.2
2022-01-15T01:21:12 926.5 24.7 64.2
2022-01-15T01:22:12 926.5 24.7 64.2
2022-01-15T01:23:12 926.5 24.7 63.0
2022-01-15T01:24:12 926.5 24.9 63.0
2022-01-15T01:25:12 926.5 24.9 63.4
2022-01-15T01:26:12 926.5 24.9 63.2
2022-01-15T01:27:12 926.5 24.9 63.0
2022-01-15T01:28:12 926.5 24.9 63.1
2022-01-15T01:29:12 926.5 24.9 63.3
2022-01-15T01:30:12 926.5 24.9 63.6
2022-01-15T01:31:12 926.6 24.8 63.6
2022-01-15T01:32:12 926.6 24.8 64.0
2022-01-15T01:33:12 926.6 24.7 63.8
2022-01-15T01:34:12 926.6 24.7 64.2
2022-01-15T01:35:12 926.6 24.6 64.3
2022-01-15T01:36:12 926.7 24.6 64.4
2022-01-15T01:37:12 926.7 24.5 64.4
2022-01-15T01:38:12 926.7 24.5 64.2
2022-01-15T01:39:12 926.7 24.6 63.4
2022-01-15T01:40:12 926.7 24.7 64.1
2022-01-15T01:41:12 926.7 24.6 63.9
2022-01-15T01:42:12 926.7 24.6 64.3
2022-01-15T01:43:12 926.8 24.5 64.4
2022-01-15T01:44:12 926.8 24.5 64.8
2022-01-15T01:45:12 926.8 24.4 65.1
2022-01-15T01:46:12 926.8 24.4 64.7
2022-01-15T01:47:12 926.8 24.4 64.8
2022-01-15T01:48:12 926.8 24.4 64.9
2022-01-15T01:49:12 926.8 24.4 64.8
2022-01-15T01:50:12 926.8 24.4 64.7
2022-01-15T01:51:12 926.7 24.4 64.9
2022-01-15T01:52:12 926.8 24.4 65.1
2022-01-15T01:53:12 926.8 24.3 65.2
2022-01-15T01:54:12 926.8 24.3 65.6
2022-01-15T01:55:12 926.8 24.3 65.0
2022-01-15T01:56:12 926.8 24.4 65.1
2022-01-15T01:57:12 926.8 24.4 64.7
2022-01-15T01:58:12 926.8 24.4 65.2
2022-01-15T01:59:12 926.8 24.3 65.3
2022-01-15T02:00:12 926.8 24.3 65.7
2022-01-15T02:01:12 926.7 24.4 65.1
2022-01-15T02:02:12 926.7 24.4 64.4
2022-01-15T02:03:12 926.7 24.4 64.8
2022-01-15T02:04:12 926.7 24.4 65.7
2022-01-15T02:05:12 926.7 24.3 65.7
2022-01-15T02:06:12 926.7 24.3 66.2
2022-01-15T02:07:12 926.7 24.3 66.0
2022-01-15T02:08:12 926.7 24.3 66.1
2022-01-15T02:09:12 926.7 24.2 66.1
2022-01-15T02:10:12 926.7 24.2 66.1
2022-01-15T02:11:12 926.7 24.1 66.4
2022-01-15T02:12:12 926.7 24.1 66.4
2022-01-15T02:13:12 926.7 24.1 66.3
2022-01-15T02:14:12 926.7 24.3 64.7
2022-01-15T02:15:12 926.7 24.4 64.8
2022-01-15T02:16:12 926.7 24.4 64.8
2022-01-15T02:17:12 926.7 24.4 64.6
2022-01-15T02:18:12 926.7 24.5 63.7
2022-01-15T02:19:12 926.7 24.7 63.1
2022-01-15T02:20:12 926.7 24.7 63.1
2022-01-15T02:21:12 926.7 24.7 63.1
2022-01-15T02:22:12 926.7 24.7 63.3
2022-01-15T02:23:12 926.7 24.8 63.1
2022-01-15T02:24:12 926.7 24.8 62.9
2022-01-15T02:25:12 926.6 24.7 63.2
2022-01-15T02:26:12 926.6 24.8 62.9
2022-01-15T02:27:12 926.7 24.7 63.1
2022-01-15T02:28:12 926.7 24.7 64.1
2022-01-15T02:29:12 926.7 24.6 64.3
2022-01-15T02:30:12 926.6 24.6 65.1
2022-01-15T02:31:12 926.6 24.6 64.3
2022-01-15T02:32:12 926.6 24.6 64.3
2022-01-15T02:33:12 926.6 24.6 64.4
2022-01-15T02:34:12 926.6 24.6 64.2
2022-01-15T02:35:12 926.6 24.6 64.1
2022-01-15T02:36:12 926.6 24.6 64.3
2022-01-15T02:37:12 926.5 24.6 63.5
2022-01-15T02:38:12 926.6 24.6 64.1
2022-01-15T02:39:12 926.5 24.6 64.1
2022-01-15T02:40:12 926.5 24.5 64.7
2022-01-15T02:41:12 926.5 24.5 65.4
2022-01-15T02:42:12 926.5 24.4 66.1
2022-01-15T02:43:12 926.5 24.4 66.5
2022-01-15T02:44:12 926.5 24.3 66.8
2022-01-15T02:45:12 926.5 24.2 66.5
2022-01-15T02:46:12 926.5 24.2 65.4
2022-01-15T02:47:12 926.5 24.3 66.2
2022-01-15T02:48:12 926.5 24.2 66.4
2022-01-15T02:49:12 926.5 24.2 66.0
2022-01-15T02:50:12 926.5 24.3 65.6
2022-01-15T02:51:12 926.5 24.4 65.0
2022-01-15T02:52:12 926.5 24.4 65.5
2022-01-15T02:53:12 926.5 24.5 64.1
2022-01-15T02:54:12 926.5 24.5 64.8
2022-01-15T02:55:12 926.4 24.5 63.6
2022-01-15T02:56:12 926.4 24.6 63.1
2022-01-15T02:57:12 926.4 24.6 63.3
2022-01-15T02:58:12 926.4 24.6 63.0
2022-01-15T02:59:12 926.4 24.6 63.0
2022-01-15T03:00:12 926.4 24.8 62.1
2022-01-15T03:01:12 926.4 24.8 61.8
2022-01-15T03:02:12 926.4 24.9 61.3
2022-01-15T03:03:12 926.4 25.0 61.7
2022-01-15T03:04:12 926.4 24.9 61.0
2022-01-15T03:05:12 926.4 25.0 60.5
2022-01-15T03:06:12 926.4 25.0 59.8
2022-01-15T03:07:12 926.4 25.1 60.6
2022-01-15T03:08:12 926.4 25.1 59.9
2022-01-15T03:09:12 926.4 25.2 59.8
2022-01-15T03:10:12 926.4 25.1 59.9
2022-01-15T03:11:12 926.4 25.1 59.8
2022-01-15T03:12:12 926.3 25.1 60.1
2022-01-15T03:13:12 926.3 25.1 59.9
2022-01-15T03:14:12 926.3 25.1 60.0
2022-01-15T03:15:12 926.2 25.0 59.7
2022-01-15T03:16:12 926.2 25.1 59.6
2022-01-15T03:17:12 926.2 25.1 59.6
2022-01-15T03:18:12 926.2 25.1 60.1
2022-01-15T03:19:12 926.2 25.0 59.8
2022-01-15T03:20:12 926.1 25.0 59.2
2022-01-15T03:21:12 926.1 25.0 59.2
2022-01-15T03:22:12 926.1 25.0 59.3
2022-01-15T03:23:12 926.0 25.0 59.4
2022-01-15T03:24:12 926.0 25.0 59.7
2022-01-15T03:25:12 926.0 24.9 60.2
2022-01-15T03:26:12 926.0 24.9 59.6
2022-01-15T03:27:12 926.0 24.9 59.4
2022-01-15T03:28:12 926.0 25.0 59.4
2022-01-15T03:29:12 925.9 25.0 59.4
2022-01-15T03:30:12 925.9 25.0 59.6
2022-01-15T03:31:12 926.0 25.0 59.7
2022-01-15T03:32:12 925.9 25.0 59.7
2022-01-15T03:33:12 925.9 25.0 59.6
2022-01-15T03:34:12 925.9 24.9 59.5
2022-01-15T03:35:12 925.9 24.9 59.7
2022-01-15T03:36:12 925.9 24.9 60.1
2022-01-15T03:37:12 925.9 24.8 60.2
2022-01-15T03:38:12 925.8 24.8 60.2
2022-01-15T03:39:12 925.8 24.8 60.5
2022-01-15T03:40:12 925.8 24.8 60.7
2022-01-15T03:41:12 925.9 24.7 61.2
2022-01-15T03:42:12 925.9 24.6 61.4
2022-01-15T03:43:12 925.9 24.6 61.6
2022-01-15T03:44:12 925.9 24.6 62.1
2022-01-15T03:45:12 925.9 24.5 62.1
2022-01-15T03:46:12 925.9 24.5 62.6
2022-01-15T03:47:12 925.9 24.4 63.0
2022-01-15T03:48:12 925.9 24.4 63.0
2022-01-15T03:49:12 925.9 24.4 62.9
2022-01-15T03:50:12 925.9 24.4 63.1
2022-01-15T03:51:12 925.9 24.3 63.4
2022-01-15T03:52:12 925.9 24.3 63.2
2022-01-15T03:53:12 925.9 24.3 62.8
2022-01-15T03:54:12 925.9 24.3 63.0
2022-01-15T03:55:12 925.9 24.3 63.4
2022-01-15T03:56:12 925.8 24.3 63.0
2022-01-15T03:57:12 925.8 24.3 63.0
2022-01-15T03:58:12 925.8 24.3 62.9
2022-01-15T03:59:12 925.8 24.3 63.0
2022-01-15T04:00:12 925.8 24.3 63.0
2022-01-15T04:01:12 925.8 24.3 63.0
2022-01-15T04:02:12 925.8 24.3 63.1
2022-01-15T04:03:12 925.8 24.2 63.2
2022-01-15T04:04:12 925.8 24.2 63.5
2022-01-15T04:05:12 925.8 24.2 63.6
2022-01-15T04:06:12 925.8 24.2 63.7
2022-01-15T04:07:12 925.8 24.2 63.8
2022-01-15T04:08:12 925.8 24.1 64.0
2022-01-15T04:09:12 925.8 24.1 64.2
2022-01-15T04:10:12 925.8 24.1 64.4
2022-01-15T04:11:12 925.8 24.1 64.1
2022-01-15T04:12:12 925.7 24.1 64.2
2022-01-15T04:13:12 925.7 24.1 64.0
2022-01-15T04:14:12 925.7 24.1 64.1
2022-01-15T04:15:12 925.7 24.1 64.4
2022-01-15T04:16:12 925.7 24.0 63.9
2022-01-15T04:17:12 925.7 24.0 64.0
2022-01-15T04:18:12 925.7 24.1 63.9
2022-01-15T04:19:12 925.6 24.1 64.2
2022-01-15T04:20:12 925.6 24.0 64.2
2022-01-15T04:21:12 925.6 24.0 64.0
2022-01-15T04:22:12 925.6 24.0 64.1
2022-01-15T04:23:12 925.6 24.1 63.9
2022-01-15T04:24:12 925.6 24.1 64.0
2022-01-15T04:25:12 925.5 24.0 64.0
2022-01-15T04:26:12 925.5 24.0 64.0
2022-01-15T04:27:12 925.5 24.1 64.0
2022-01-15T04:28:12 925.6 24.0 64.1
2022-01-15T04:29:12 925.5 24.1 64.0
2022-01-15T04:30:12 925.5 24.1 63.9
2022-01-15T04:31:12 925.5 24.0 64.2
2022-01-15T04:32:12 925.5 24.0 64.2
2022-01-15T04:33:12 925.5 24.0 64.3
2022-01-15T04:34:12 925.5 24.0 64.5
2022-01-15T04:35:12 925.5 23.9 64.6
2022-01-15T04:36:12 925.4 23.9 64.6
2022-01-15T04:37:12 925.4 23.9 64.7
2022-01-15T04:38:12 925.4 23.9 64.6
2022-01-15T04:39:12 925.4 23.9 64.7
2022-01-15T04:40:12 925.4 23.9 64.7
2022-01-15T04:41:12 925.3 23.9 64.8
2022-01-15T04:42:12 925.3 23.9 64.7
2022-01-15T04:43:12 925.3 23.9 64.8
2022-01-15T04:44:12 925.3 23.9 64.9
2022-01-15T04:45:12 925.3 23.9 64.5
2022-01-15T04:46:12 925.2 24.0 64.5
2022-01-15T04:47:12 925.2 23.9 64.5
2022-01-15T04:48:12 925.2 23.9 64.4
2022-01-15T04:49:12 925.2 23.9 64.4
2022-01-15T04:50:12 925.1 23.9 64.3
2022-01-15T04:51:12 925.1 23.9 64.2
2022-01-15T04:52:12 925.1 24.0 63.9
2022-01-15T04:53:12 925.1 24.0 64.0
2022-01-15T04:54:12 925.1 24.0 64.0
2022-01-15T04:55:12 925.1 24.0 63.8
2022-01-15T04:56:12 925.0 24.0 63.9
2022-01-15T04:57:12 925.0 24.0 63.9
2022-01-15T04:58:12 925.0 24.0 63.9
2022-01-15T04:59:12 925.0 23.9 64.1
2022-01-15T05:00:12 925.0 23.9 64.2
2022-01-15T05:01:12 925.0 23.9 64.3
2022-01-15T05:02:12 924.9 23.9 64.3
2022-01-15T05:03:12 924.9 23.9 64.3
2022-01-15T05:04:12 924.9 23.9 64.1
2022-01-15T05:05:12 924.9 23.9 64.1
2022-01-15T05:06:12 924.9 23.9 64.0
2022-01-15T05:07:12 924.9 23.9 64.0
2022-01-15T05:08:12 924.9 23.9 63.8
2022-01-15T05:09:12 924.8 23.9 63.5
2022-01-15T05:10:12 924.9 23.9 63.9
2022-01-15T05:11:12 924.8 23.9 64.0
2022-01-15T05:12:12 924.8 23.8 64.0
2022-01-15T05:13:12 924.8 23.8 64.1
2022-01-15T05:14:12 924.8 23.8 64.1
2022-01-15T05:15:12 924.8 23.8 63.8
2022-01-15T05:16:12 924.8 23.8 64.1
2022-01-15T05:17:12 924.8 23.8 64.3
2022-01-15T05:18:12 924.8 23.8 64.2
2022-01-15T05:19:12 924.8 23.8 64.5
2022-01-15T05:20:12 924.8 23.7 64.5
2022-01-15T05:21:12 924.8 23.7 64.7
2022-01-15T05:22:12 924.8 23.7 64.1
2022-01-15T05:23:12 924.8 23.7 64.2
2022-01-15T05:24:12 924.8 23.7 64.3
2022-01-15T05:25:12 924.8 23.7 64.0
2022-01-15T05:26:12 924.8 23.8 64.3
2022-01-15T05:27:12 924.8 23.7 64.2
2022-01-15T05:28:12 924.8 23.7 64.0
2022-01-15T05:29:12 924.8 23.7 64.5
2022-01-15T05:30:12 924.8 23.7 64.4
2022-01-15T05:31:12 924.8 23.6 64.3
2022-01-15T05:32:12 924.8 23.7 64.3
2022-01-15T05:33:12 924.8 23.6 64.7
2022-01-15T05:34:12 924.8 23.6 64.7
2022-01-15T05:35:12 924.8 23.6 65.0
2022-01-15T05:36:12 924.8 23.5 65.0
2022-01-15T05:37:12 924.8 23.5 65.0
2022-01-15T05:38:12 924.8 23.5 65.2
2022-01-15T05:39:12 924.7 23.5 65.4
2022-01-15T05:40:12 924.7 23.5 65.5
2022-01-15T05:41:12 924.7 23.5 65.5
2022-01-15T05:42:12 924.7 23.5 65.9
2022-01-15T05:43:12 924.7 23.4 65.7
2022-01-15T05:44:12 924.7 23.4 66.0
2022-01-15T05:45:12 924.7 23.4 65.7
2022-01-15T05:46:12 924.7 23.4 66.1
2022-01-15T05:47:12 924.7 23.4 65.8
2022-01-15T05:48:12 924.7 23.4 66.0
2022-01-15T05:49:12 924.6 23.3 66.5
2022-01-15T05:50:12 924.6 23.3 66.4
2022-01-15T05:51:12 924.6 23.3 66.1
2022-01-15T05:52:12 924.6 23.3 66.4
2022-01-15T05:53:12 924.6 23.3 66.3
2022-01-15T05:54:12 924.6 23.3 66.6
2022-01-15T05:55:12 924.7 23.3 66.9
2022-01-15T05:56:12 924.7 23.2 66.7
2022-01-15T05:57:12 924.7 23.2 66.8
2022-01-15T05:58:12 924.7 23.2 67.5
2022-01-15T05:59:12 924.6 23.1 66.8
2022-01-15T06:00:12 924.7 23.1 66.9
2022-01-15T06:01:12 924.7 23.1 67.3
2022-01-15T06:02:12 924.6 23.1 67.7
2022-01-15T06:03:12 924.7 23.0 68.1
2022-01-15T06:04:12 924.6 23.0 67.4
2022-01-15T06:05:12 924.6 23.1 67.9
2022-01-15T06:06:12 924.6 23.0 67.9
2022-01-15T06:07:12 924.6 23.0 68.3
2022-01-15T06:08:12 924.6 23.0 68.4
2022-01-15T06:09:12 924.6 23.0 68.3
2022-01-15T06:10:12 924.5 22.9 68.8
2022-01-15T06:11:12 924.5 22.8 69.5
2022-01-15T06:12:12 924.5 22.8 69.2
2022-01-15T06:13:12 924.5 22.8 69.6
2022-01-15T06:14:12 924.5 22.8 70.0
2022-01-15T06:15:12 924.5 22.7 70.2
2022-01-15T06:16:12 924.5 22.7 70.1
2022-01-15T06:17:12 924.5 22.6 70.2
2022-01-15T06:18:12 924.5 22.6 69.8
2022-01-15T06:19:12 924.5 22.7 70.0
2022-01-15T06:20:12 924.4 22.6 70.4
2022-01-15T06:21:12 924.4 22.6 70.4
2022-01-15T06:22:12 924.4 22.5 70.6
2022-01-15T06:23:12 924.4 22.5 71.1
2022-01-15T06:24:12 924.4 22.4 70.7
2022-01-15T06:25:12 924.4 22.4 71.2
2022-01-15T06:26:12 924.4 22.4 71.4
2022-01-15T06:27:12 924.3 22.4 70.7
2022-01-15T06:28:12 924.3 22.5 70.7
2022-01-15T06:29:12 924.3 22.5 70.8
2022-01-15T06:30:12 924.3 22.5 70.9
2022-01-15T06:31:12 924.3 22.4 70.8
2022-01-15T06:32:12 924.3 22.4 71.3
2022-01-15T06:33:12 924.3 22.3 71.3
2022-01-15T06:34:12 924.3 22.3 71.2
2022-01-15T06:35:12 924.3 22.4 71.0
2022-01-15T06:36:12 924.3 22.4 70.7
2022-01-15T06:37:12 924.2 22.5 70.7
2022-01-15T06:38:12 924.2 22.5 70.7
2022-01-15T06:39:12 924.2 22.5 70.7
2022-01-15T06:40:12 924.2 22.4 70.7
2022-01-15T06:41:12 924.2 22.4 70.8
2022-01-15T06:42:12 924.2 22.4 71.1
2022-01-15T06:43:12 924.2 22.4 71.1
2022-01-15T06:44:12 924.2 22.3 71.4
2022-01-15T06:45:12 924.2 22.3 71.7
2022-01-15T06:46:12 924.2 22.2 72.0
2022-01-15T06:47:12 924.2 22.2 71.9
2022-01-15T06:48:12 924.2 22.2 71.8
2022-01-15T06:49:12 924.2 22.2 71.9
2022-01-15T06:50:12 924.2 22.4 71.1
2022-01-15T06:51:12 924.2 22.4 71.0
2022-01-15T06:52:12 924.2 22.4 71.2
2022-01-15T06:53:12 924.2 22.4 71.1
2022-01-15T06:54:12 924.2 22.4 71.3
2022-01-15T06:55:12 924.2 22.4 71.2
2022-01-15T06:56:12 924.2 22.4 71.0
2022-01-15T06:57:11 924.2 22.4 70.9
2022-01-15T06:58:11 924.2 22.5 70.5
2022-01-15T06:59:11 924.2 22.6 70.3
2022-01-15T07:00:11 924.2 22.6 70.1
2022-01-15T07:01:11 924.2 22.6 70.0
2022-01-15T07:02:11 924.2 22.7 69.8
2022-01-15T07:03:11 924.1 22.8 69.2
2022-01-15T07:04:11 924.1 22.8 69.5
2022-01-15T07:05:11 924.1 22.8 69.7
2022-01-15T07:06:11 924.1 22.7 69.5
2022-01-15T07:07:11 924.1 22.7 69.5
2022-01-15T07:08:11 924.1 22.8 69.3
2022-01-15T07:09:11 924.1 22.8 69.3
2022-01-15T07:10:11 924.1 22.8 69.3
2022-01-15T07:11:11 924.1 22.7 69.6
2022-01-15T07:12:11 924.1 22.7 69.7
2022-01-15T07:13:11 924.1 22.7 69.9
2022-01-15T07:14:11 924.2 22.6 70.1
2022-01-15T07:15:11 924.1 22.6 70.1
2022-01-15T07:16:11 924.2 22.6 70.2
2022-01-15T07:17:11 924.1 22.6 70.3
2022-01-15T07:18:11 924.1 22.6 70.4
2022-01-15T07:19:11 924.1 22.6 70.5
2022-01-15T07:20:11 924.1 22.6 70.4
2022-01-15T07:21:11 924.1 22.6 70.7
2022-01-15T07:22:11 924.2 22.6 70.6
2022-01-15T07:23:11 924.2 22.6 70.5
2022-01-15T07:24:11 924.2 22.6 70.5
2022-01-15T07:25:11 924.2 22.6 70.5
2022-01-15T07:26:11 924.2 22.6 70.4
2022-01-15T07:27:11 924.2 22.6 70.7
2022-01-15T07:28:11 924.2 22.5 71.2
2022-01-15T07:29:11 924.2 22.4 71.1
2022-01-15T07:30:11 924.2 22.4 71.0
2022-01-15T07:31:11 924.1 22.5 71.1
2022-01-15T07:32:11 924.1 22.4 71.1
2022-01-15T07:33:11 924.1 22.5 71.0
2022-01-15T07:34:11 924.1 22.5 71.0
2022-01-15T07:35:11 924.1 22.5 70.7
2022-01-15T07:36:11 924.1 22.5 71.2
2022-01-15T07:37:11 924.1 22.4 71.5
2022-01-15T07:38:11 924.1 22.3 71.8
2022-01-15T07:39:11 924.1 22.3 72.0
2022-01-15T07:40:11 924.2 22.2 72.4
2022-01-15T07:41:11 924.2 22.2 72.7
2022-01-15T07:42:11 924.2 22.2 72.8
2022-01-15T07:43:11 924.2 22.1 73.3
2022-01-15T07:44:11 924.2 22.0 73.6
2022-01-15T07:45:11 924.2 22.0 73.9
2022-01-15T07:46:11 924.2 21.9 73.9
2022-01-15T07:47:11 924.2 22.0 73.8
2022-01-15T07:48:11 924.2 21.9 74.1
2022-01-15T07:49:11 924.2 22.0 73.8
2022-01-15T07:50:11 924.2 22.0 73.7
2022-01-15T07:51:11 924.2 22.0 73.9
2022-01-15T07:52:11 924.2 22.0 73.5
2022-01-15T07:53:11 924.2 22.1 73.4
2022-01-15T07:54:11 924.2 22.1 73.4
2022-01-15T07:55:11 924.3 22.1 73.8
2022-01-15T07:56:11 924.3 22.0 74.0
2022-01-15T07:57:11 924.3 21.9 74.3
2022-01-15T07:58:11 924.3 21.9 74.2
2022-01-15T07:59:11 924.3 21.9 74.2
2022-01-15T08:00:11 924.3 21.9 74.2
2022-01-15T08:01:11 924.3 21.9 74.1
2022-01-15T08:02:11 924.3 21.9 74.2
2022-01-15T08:03:11 924.3 21.9 74.2
2022-01-15T08:04:11 924.3 21.9 74.2
2022-01-15T08:05:11 924.4 21.8 74.5
2022-01-15T08:06:11 924.4 21.8 74.8
2022-01-15T08:07:11 924.4 21.7 75.1
2022-01-15T08:08:11 924.4 21.7 75.0
2022-01-15T08:09:11 924.5 21.7 74.9
2022-01-15T08:10:11 924.5 21.7 74.9
2022-01-15T08:11:11 924.5 21.7 75.0
2022-01-15T08:12:11 924.5 21.7 74.9
2022-01-15T08:13:11 924.5 21.7 75.0
2022-01-15T08:14:11 924.5 21.6 75.3
2022-01-15T08:15:11 924.5 21.6 75.7
2022-01-15T08:16:11 924.5 21.5 75.9
2022-01-15T08:17:11 924.5 21.5 76.3
2022-01-15T08:18:11 924.5 21.5 75.6
2022-01-15T08:19:11 924.5 21.7 74.9
2022-01-15T08:20:11 924.5 21.7 74.8
2022-01-15T08:21:11 924.5 21.8 74.5
2022-01-15T08:22:11 924.5 21.9 74.3
2022-01-15T08:23:11 924.5 21.9 74.2
2022-01-15T08:24:11 924.5 21.8 74.4
2022-01-15T08:25:11 924.5 21.9 73.5
2022-01-15T08:26:11 924.5 22.0 73.6
2022-01-15T08:27:11 924.6 22.0 73.6
2022-01-15T08:28:11 924.6 22.0 73.7
2022-01-15T08:29:11 924.6 22.0 73.7
2022-01-15T08:30:11 924.6 22.0 73.7
2022-01-15T08:31:11 924.5 22.0 73.8
2022-01-15T08:32:11 924.5 21.9 74.2
2022-01-15T08:33:11 924.5 21.8 74.7
2022-01-15T08:34:11 924.6 21.7 75.1
2022-01-15T08:35:11 924.6 21.7 75.3
2022-01-15T08:36:11 924.6 21.6 75.6
2022-01-15T08:37:11 924.6 21.6 75.6
2022-01-15T08:38:11 924.6 21.6 75.8
2022-01-15T08:39:11 924.6 21.6 75.9
2022-01-15T08:40:11 924.6 21.6 76.0
2022-01-15T08:41:11 924.6 21.5 76.0
2022-01-15T08:42:11 924.6 21.6 76.1
2022-01-15T08:43:11 924.6 21.5 76.2
2022-01-15T08:44:11 924.6 21.5 76.3
2022-01-15T08:45:11 924.6 21.5 76.2
2022-01-15T08:46:11 924.6 21.6 76.2
2022-01-15T08:47:11 924.6 21.6 76.2
2022-01-15T08:48:11 924.7 21.6 76.2
2022-01-15T08:49:11 924.7 21.5 76.3
2022-01-15T08:50:11 924.7 21.5 76.4
2022-01-15T08:51:11 924.7 21.5 76.4
2022-01-15T08:52:11 924.7 21.5 76.4
2022-01-15T08:53:11 924.7 21.5 76.7
2022-01-15T08:54:11 924.7 21.5 76.6
2022-01-15T08:55:11 924.8 21.5 76.8
2022-01-15T08:56:11 924.8 21.5 76.9
2022-01-15T08:57:11 924.8 21.5 76.8
2022-01-15T08:58:11 924.8 21.5 76.8
2022-01-15T08:59:11 924.8 21.5 76.7
2022-01-15T09:00:11 924.8 21.5 76.6
2022-01-15T09:01:11 924.8 21.5 76.6
2022-01-15T09:02:11 924.8 21.5 76.6
2022-01-15T09:03:11 924.8 21.6 76.5
2022-01-15T09:04:11 924.8 21.5 76.5
2022-01-15T09:05:11 924.8 21.5 76.8
2022-01-15T09:06:11 924.8 21.5 76.9
2022-01-15T09:07:11 924.8 21.5 76.6
2022-01-15T09:08:11 924.8 21.5 76.6
2022-01-15T09:09:11 924.8 21.4 76.8
2022-01-15T09:10:11 924.8 21.4 76.8
2022-01-15T09:11:11 924.8 21.4 76.7
2022-01-15T09:12:11 924.8 21.4 76.7
2022-01-15T09:13:11 924.8 21.5 76.5
2022-01-15T09:14:11 924.8 21.5 76.3
2022-01-15T09:15:11 924.8 21.5 76.2
2022-01-15T09:16:11 924.8 21.5 76.3
2022-01-15T09:17:11 924.9 21.5 76.3
2022-01-15T09:18:11 924.9 21.5 76.4
2022-01-15T09:19:11 924.9 21.5 76.5
2022-01-15T09:20:11 924.9 21.6 76.0
2022-01-15T09:21:11 924.9 21.7 76.1
2022-01-15T09:22:11 924.9 21.7 76.0
2022-01-15T09:23:11 924.9 21.8 75.3
2022-01-15T09:24:11 924.8 21.8 75.1
2022-01-15T09:25:11 924.9 21.9 74.7
2022-01-15T09:26:11 924.9 22.0 74.4
2022-01-15T09:27:11 924.9 22.1 74.0
2022-01-15T09:28:11 924.9 22.1 73.7
2022-01-15T09:29:11 924.9 22.2 73.4
2022-01-15T09:30:11 924.9 22.3 73.1
2022-01-15T09:31:11 924.9 22.3 72.6
2022-01-15T09:32:11 924.9 22.4 72.5
2022-01-15T09:33:11 924.9 22.5 72.0
2022-01-15T09:34:11 925.0 22.5 71.7
2022-01-15T09:35:11 925.0 22.6 71.7
2022-01-15T09:36:11 925.0 22.6 71.7
2022-01-15T09:37:11 925.0 22.7 71.2
2022-01-15T09:38:11 925.0 22.7 71.0
2022-01-15T09:39:11 925.0 22.8 70.3
2022-01-15T09:40:11 925.0 22.9 69.9
2022-01-15T09:41:11 925.0 22.9 69.5
2022-01-15T09:42:11 925.0 23.0 69.5
2022-01-15T09:43:11 925.0 23.0 69.0
2022-01-15T09:44:11 925.0 23.1 68.8
2022-01-15T09:45:11 925.0 23.1 68.2
2022-01-15T09:46:11 925.0 23.1 68.0
2022-01-15T09:47:11 925.0 23.2 68.0
2022-01-15T09:48:11 925.0 23.2 67.8
2022-01-15T09:49:11 925.1 23.3 67.5
2022-01-15T09:50:11 925.1 23.3 67.7
2022-01-15T09:51:11 925.1 23.3 67.3
2022-01-15T09:52:11 925.1 23.3 67.2
2022-01-15T09:53:11 925.1 23.3 67.0
2022-01-15T09:54:11 925.1 23.4 67.1
2022-01-15T09:55:11 925.1 23.4 67.1
2022-01-15T09:56:11 925.1 23.4 66.8
2022-01-15T09:57:11 925.1 23.4 66.6
2022-01-15T09:58:11 925.1 23.4 66.7
2022-01-15T09:59:11 925.1 23.5 66.5
2022-01-15T10:00:11 925.1 23.5 66.5
2022-01-15T10:01:11 925.1 23.5 66.3
2022-01-15T10:02:11 925.1 23.5 65.9
2022-01-15T10:03:11 925.1 23.6 65.9
2022-01-15T10:04:11 925.1 23.6 65.8
2022-01-15T10:05:11 925.1 23.7 65.5
2022-01-15T10:06:11 925.1 23.7 65.4
2022-01-15T10:07:11 925.1 23.8 65.1
2022-01-15T10:08:11 925.1 23.8 64.8
2022-01-15T10:09:11 925.1 23.9 64.6
2022-01-15T10:10:11 925.1 24.0 64.4
2022-01-15T10:11:11 925.1 24.0 64.2
2022-01-15T10:12:11 925.1 24.1 63.6
2022-01-15T10:13:11 925.1 24.1 63.6
2022-01-15T10:14:11 925.2 24.2 63.1
2022-01-15T10:15:11 925.1 24.2 63.0
2022-01-15T10:16:11 925.2 24.3 62.5
2022-01-15T10:17:11 925.2 24.4 62.4
2022-01-15T10:18:11 925.2 24.4 61.8
2022-01-15T10:19:11 925.2 24.5 61.6
2022-01-15T10:20:11 925.2 24.5 61.5
2022-01-15T10:21:11 925.2 24.5 61.3
2022-01-15T10:22:11 925.2 24.6 61.5
2022-01-15T10:23:11 925.2 24.7 61.0
2022-01-15T10:24:11 925.3 24.8 61.0
2022-01-15T10:25:11 925.2 24.8 61.0
2022-01-15T10:26:11 925.2 24.9 60.4
2022-01-15T10:27:11 925.2 25.0 59.7
2022-01-15T10:28:11 925.3 25.0 60.2
2022-01-15T10:29:11 925.3 25.0 60.0
2022-01-15T10:30:11 925.3 24.9 60.8
2022-01-15T10:31:11 925.3 25.0 59.7
2022-01-15T10:32:11 925.3 25.1 60.4
2022-01-15T10:33:11 925.3 25.1 59.4
2022-01-15T10:34:11 925.3 25.1 59.4
2022-01-15T10:35:11 925.3 25.2 60.0
2022-01-15T10:36:11 925.3 25.4 59.5
2022-01-15T10:37:11 925.3 25.3 58.7
2022-01-15T10:38:11 925.3 25.4 59.1
2022-01-15T10:39:11 925.3 25.5 58.5
2022-01-15T10:40:11 925.3 25.4 57.6
2022-01-15T10:41:11 925.3 25.5 57.6
2022-01-15T10:42:11 925.3 25.6 58.4
2022-01-15T10:43:11 925.3 25.7 57.5
2022-01-15T10:44:11 925.3 25.7 57.6
2022-01-15T10:45:11 925.3 25.7 57.6
2022-01-15T10:46:11 925.3 25.9 57.2
2022-01-15T10:47:11 925.3 26.0 56.2
2022-01-15T10:48:11 925.3 25.9 56.2
2022-01-15T10:49:11 925.3 25.9 56.1
2022-01-15T10:50:11 925.3 25.9 56.6
2022-01-15T10:51:11 925.3 25.9 56.5
2022-01-15T10:52:11 925.3 25.9 56.6
2022-01-15T10:53:11 925.3 26.0 56.3
2022-01-15T10:54:11 925.3 26.0 56.2
2022-01-15T10:55:11 925.3 26.0 55.9
2022-01-15T10:56:11 925.4 25.9 55.6
2022-01-15T10:57:11 925.4 25.8 55.6
2022-01-15T10:58:11 925.3 25.8 55.0
2022-01-15T10:59:11 925.3 25.8 55.4
2022-01-15T11:00:11 925.4 25.8 55.3
2022-01-15T11:01:11 925.4 25.9 55.3
2022-01-15T11:02:11 925.4 26.0 55.2
2022-01-15T11:03:11 925.4 26.0 54.4
2022-01-15T11:04:11 925.4 26.1 55.2
2022-01-15T11:05:11 925.4 26.1 55.6
2022-01-15T11:06:11 925.4 26.1 54.6
2022-01-15T11:07:11 925.4 26.2 54.0
2022-01-15T11:08:11 925.4 26.2 54.5
2022-01-15T11:09:11 925.4 26.2 53.8
2022-01-15T11:10:11 925.4 26.1 53.2
2022-01-15T11:11:11 925.4 26.1 53.6
2022-01-15T11:12:11 925.4 26.2 53.5
2022-01-15T11:13:11 925.4 26.3 52.7
2022-01-15T11:14:11 925.4 26.2 53.0
2022-01-15T11:15:11 925.4 26.2 52.6
2022-01-15T11:16:11 925.4 26.3 52.8
2022-01-15T11:17:11 925.4 26.3 51.2
2022-01-15T11:18:11 925.4 26.3 52.0
2022-01-15T11:19:11 925.4 26.4 50.9
2022-01-15T11:20:11 925.4 26.3 51.4
2022-01-15T11:21:11 925.5 26.4 50.5
2022-01-15T11:22:11 925.4 26.3 51.4
2022-01-15T11:23:11 925.4 26.4 49.9
2022-01-15T11:24:11 925.4 26.6 50.3
2022-01-15T11:25:11 925.5 26.6 49.9
2022-01-15T11:26:11 925.4 26.5 50.1
2022-01-15T11:27:11 925.4 26.6 49.7
2022-01-15T11:28:11 925.5 26.5 49.0
2022-01-15T11:29:11 925.4 26.5 49.6
2022-01-15T11:30:11 925.5 26.6 49.6
2022-01-15T11:31:11 925.5 26.7 49.6
2022-01-15T11:32:11 925.5 26.7 49.3
2022-01-15T11:33:11 925.5 26.7 50.0
2022-01-15T11:34:11 925.5 26.8 49.1
2022-01-15T11:35:11 925.5 26.7 49.9
2022-01-15T11:36:11 925.5 26.6 49.8
2022-01-15T11:37:11 925.5 26.8 49.9
2022-01-15T11:38:11 925.5 26.8 48.9
2022-01-15T11:39:11 925.5 26.7 49.2
2022-01-15T11:40:11 925.5 26.7 49.3
2022-01-15T11:41:11 925.6 26.6 49.5
2022-01-15T11:42:11 925.7 26.6 49.4
2022-01-15T11:43:11 925.6 26.6 49.7
2022-01-15T11:44:11 925.6 26.5 50.0
2022-01-15T11:45:11 925.7 26.6 49.6
2022-01-15T11:46:11 925.7 26.5 50.0
2022-01-15T11:47:11 925.7 26.4 50.0
2022-01-15T11:48:11 925.7 26.5 50.4
2022-01-15T11:49:11 925.7 26.7 50.0
2022-01-15T11:50:11 925.7 26.7 49.8
2022-01-15T11:51:11 925.7 26.8 49.6
2022-01-15T11:52:11 925.7 26.9 49.7
2022-01-15T11:53:11 925.8 27.0 49.0
2022-01-15T11:54:11 925.8 26.6 50.0
2022-01-15T11:55:11 925.8 26.5 50.5
2022-01-15T11:56:11 925.9 26.5 50.1
2022-01-15T11:57:11 925.8 26.3 51.2
2022-01-15T11:58:11 925.9 26.3 51.7
2022-01-15T11:59:11 925.8 26.3 52.1
2022-01-15T12:00:11 925.9 26.6 51.6
2022-01-15T12:01:11 925.8 26.7 51.7
2022-01-15T12:02:11 925.8 26.8 51.0
2022-01-15T12:03:11 925.8 26.8 51.3
2022-01-15T12:04:11 925.9 26.9 50.6
2022-01-15T12:05:11 925.8 26.9 50.7
2022-01-15T12:06:11 925.9 26.9 50.8
2022-01-15T12:07:11 925.9 27.1 50.5
2022-01-15T12:08:11 925.9 27.1 50.0
2022-01-15T12:09:11 925.9 27.1 48.4
2022-01-15T12:10:11 925.9 27.2 48.0
2022-01-15T12:11:11 926.0 27.4 47.1
2022-01-15T12:12:11 925.9 27.1 47.4
2022-01-15T12:13:11 925.9 27.0 48.2
2022-01-15T12:14:11 925.9 27.2 47.1
2022-01-15T12:15:11 925.8 26.9 47.0
2022-01-15T12:16:11 926.0 27.0 48.1
2022-01-15T12:17:11 925.9 27.0 48.5
2022-01-15T12:18:11 925.9 27.0 48.9
2022-01-15T12:19:11 925.8 27.0 48.8
2022-01-15T12:20:11 925.9 26.9 49.2
2022-01-15T12:21:11 925.8 26.8 48.8
2022-01-15T12:22:11 926.0 26.8 49.1
2022-01-15T12:23:11 925.9 26.9 49.4
2022-01-15T12:24:11 926.0 26.9 49.1
2022-01-15T12:25:11 925.9 26.9 49.8
2022-01-15T12:26:11 926.0 27.1 49.2
2022-01-15T12:27:11 926.0 26.9 49.2
2022-01-15T12:28:11 926.0 26.9 48.9
2022-01-15T12:29:11 925.9 26.9 49.9
2022-01-15T12:30:11 925.9 26.9 49.5
2022-01-15T12:31:11 926.0 26.8 49.4
2022-01-15T12:32:11 925.9 26.7 49.5
2022-01-15T12:33:11 925.9 27.0 48.8
2022-01-15T12:34:11 925.9 26.9 49.7
2022-01-15T12:35:11 925.9 27.1 49.4
2022-01-15T12:36:11 925.9 27.3 48.7
2022-01-15T12:37:11 925.9 27.5 48.3
2022-01-15T12:38:11 926.0 27.5 48.5
2022-01-15T12:39:11 925.9 27.5 49.0
2022-01-15T12:40:11 925.9 27.4 48.5
2022-01-15T12:41:11 925.9 27.5 48.7
2022-01-15T12:42:11 925.9 27.5 48.7
2022-01-15T12:43:11 925.9 27.5 49.5
2022-01-15T12:44:11 925.9 27.5 48.7
2022-01-15T12:45:11 925.9 27.6 49.2
2022-01-15T12:46:11 925.9 27.9 49.0
2022-01-15T12:47:11 925.9 28.0 48.1
2022-01-15T12:48:11 925.9 27.7 48.2
2022-01-15T12:49:11 925.9 27.5 49.8
2022-01-15T12:50:11 925.9 28.0 48.5
2022-01-15T12:51:11 925.9 27.9 48.6
2022-01-15T12:52:11 925.9 28.1 48.3
2022-01-15T12:53:11 925.9 28.3 48.1
2022-01-15T12:54:11 926.0 28.6 47.3
2022-01-15T12:55:11 925.9 28.4 47.8
2022-01-15T12:56:11 925.9 28.2 47.5
2022-01-15T12:57:11 926.0 27.9 48.2
2022-01-15T12:58:11 925.9 27.7 49.2
2022-01-15T12:59:11 925.8 27.9 48.2
2022-01-15T13:00:11 925.8 28.0 47.6
2022-01-15T13:01:11 925.9 27.8 47.5
2022-01-15T13:02:11 925.9 27.7 48.6
2022-01-15T13:03:11 925.8 27.5 49.2
2022-01-15T13:04:11 925.8 28.0 49.1
2022-01-15T13:05:11 925.8 28.6 47.6
2022-01-15T13:06:11 925.8 28.6 48.0
2022-01-15T13:07:11 925.9 28.6 47.3
2022-01-15T13:08:11 925.8 28.1 48.2
2022-01-15T13:09:11 925.8 28.1 48.8
2022-01-15T13:10:11 925.8 28.1 49.3
2022-01-15T13:11:11 925.8 28.3 48.7
2022-01-15T13:12:11 925.8 28.0 48.8
2022-01-15T13:13:11 925.8 27.8 49.6
2022-01-15T13:14:11 925.8 27.9 49.8
2022-01-15T13:15:11 925.8 28.1 49.1
2022-01-15T13:16:11 925.7 27.9 49.2
2022-01-15T13:17:11 925.8 28.0 48.5
2022-01-15T13:18:11 925.8 28.5 47.6
2022-01-15T13:19:11 925.8 28.5 46.2
2022-01-15T13:20:11 925.8 28.2 47.4
2022-01-15T13:21:11 925.8 28.0 49.0
2022-01-15T13:22:11 925.7 28.2 47.9
2022-01-15T13:23:11 925.7 28.4 46.6
2022-01-15T13:24:11 925.8 28.4 46.8
2022-01-15T13:25:11 925.7 28.5 46.5
2022-01-15T13:26:11 925.7 28.6 46.5
2022-01-15T13:27:11 925.7 28.7 46.7
2022-01-15T13:28:11 925.7 28.9 46.7
2022-01-15T13:29:11 925.7 29.5 45.0
2022-01-15T13:30:11 925.7 29.2 45.3
2022-01-15T13:31:11 925.7 28.8 46.4
2022-01-15T13:32:11 925.7 28.8 47.0
2022-01-15T13:33:11 925.7 29.0 46.9
2022-01-15T13:34:11 925.7 29.2 45.5
2022-01-15T13:35:11 925.8 29.3 44.5
2022-01-15T13:36:11 925.7 29.3 45.9
2022-01-15T13:37:11 925.7 29.4 46.3
2022-01-15T13:38:11 925.7 29.6 44.6
2022-01-15T13:39:11 925.7 29.8 43.7
2022-01-15T13:40:11 925.7 29.4 45.4
2022-01-15T13:41:11 925.7 29.5 44.6
2022-01-15T13:42:11 925.6 29.5 44.9
2022-01-15T13:43:11 925.7 29.3 45.3
2022-01-15T13:44:11 925.7 29.1 45.5
2022-01-15T13:45:11 925.7 29.3 46.0
2022-01-15T13:46:11 925.7 29.5 47.1
2022-01-15T13:47:11 925.6 29.8 45.4
2022-01-15T13:48:11 925.6 29.7 45.4
2022-01-15T13:49:11 925.6 29.8 45.9
2022-01-15T13:50:11 925.6 29.5 45.0
2022-01-15T13:51:11 925.6 29.5 44.8
2022-01-15T13:52:11 925.5 29.5 45.4
2022-01-15T13:53:11 925.5 29.6 45.0
2022-01-15T13:54:11 925.5 29.8 44.9
2022-01-15T13:55:11 925.5 30.1 44.1
2022-01-15T13:56:11 925.5 30.0 42.8
2022-01-15T13:57:11 925.5 30.1 43.7
2022-01-15T13:58:11 925.5 30.2 43.7
2022-01-15T13:59:11 925.5 30.0 42.4
2022-01-15T14:00:11 925.5 29.6 43.5
2022-01-15T14:01:11 925.5 29.6 43.9
2022-01-15T14:02:11 925.5 29.7 43.7
2022-01-15T14:03:11 925.5 29.9 43.3
2022-01-15T14:04:11 925.5 29.5 44.0
2022-01-15T14:05:11 925.5 29.4 44.7
2022-01-15T14:06:11 925.5 29.6 44.4
2022-01-15T14:07:11 925.5 29.8 44.6
2022-01-15T14:08:11 925.4 29.7 44.5
2022-01-15T14:09:11 925.4 29.3 43.8
2022-01-15T14:10:11 925.4 29.7 44.5
2022-01-15T14:11:11 925.4 29.8 44.6
2022-01-15T14:12:11 925.4 29.6 45.4
2022-01-15T14:13:11 925.4 29.5 45.4
2022-01-15T14:14:11 925.3 29.5 46.5
2022-01-15T14:15:11 925.3 29.6 46.8
2022-01-15T14:16:11 925.4 29.6 45.3
2022-01-15T14:17:11 925.3 29.5 45.1
2022-01-15T14:18:11 925.4 29.7 43.6
2022-01-15T14:19:11 925.4 29.7 43.2
2022-01-15T14:20:11 925.3 29.6 43.5
2022-01-15T14:21:11 925.3 29.6 42.6
2022-01-15T14:22:11 925.3 29.7 43.0
2022-01-15T14:23:11 925.3 29.8 42.4
2022-01-15T14:24:11 925.3 29.9 42.8
2022-01-15T14:25:11 925.4 30.3 42.3
2022-01-15T14:26:11 925.3 30.0 43.1
2022-01-15T14:27:11 925.3 30.2 43.3
2022-01-15T14:28:11 925.3 30.1 43.9
2022-01-15T14:29:11 925.3 29.6 45.8
2022-01-15T14:30:11 925.2 29.4 46.3
2022-01-15T14:31:11 925.2 29.2 47.0
2022-01-15T14:32:11 925.2 29.3 46.7
2022-01-15T14:33:11 925.2 29.6 46.9
2022-01-15T14:34:11 925.2 30.0 45.3
2022-01-15T14:35:11 925.2 29.9 46.0
2022-01-15T14:36:11 925.2 30.0 46.0
2022-01-15T14:37:11 925.1 29.9 44.3
2022-01-15T14:38:11 925.2 29.8 45.1
2022-01-15T14:39:11 925.1 29.6 44.0
2022-01-15T14:40:11 925.1 29.8 44.5
2022-01-15T14:41:11 925.1 29.8 44.1
2022-01-15T14:42:11 925.1 29.6 44.8
2022-01-15T14:43:11 925.2 30.0 43.9
2022-01-15T14:44:11 925.0 30.0 44.3
2022-01-15T14:45:11 925.1 30.5 41.9
2022-01-15T14:46:11 925.1 30.6 42.4
2022-01-15T14:47:11 925.0 30.4 42.1
2022-01-15T14:48:11 925.1 30.5 41.2
2022-01-15T14:49:11 925.2 30.1 40.8
2022-01-15T14:50:11 925.1 29.8 42.8
2022-01-15T14:51:11 925.1 29.4 40.9
2022-01-15T14:52:11 925.1 29.6 42.4
2022-01-15T14:53:11 925.0 29.7 43.2
2022-01-15T14:54:11 925.1 30.1 42.1
2022-01-15T14:55:11 925.0 30.0 42.9
2022-01-15T14:56:11 925.1 30.0 43.2
2022-01-15T14:57:11 925.1 30.1 43.5
2022-01-15T14:58:11 925.1 30.1 42.8
2022-01-15T14:59:11 925.0 30.1 42.9
2022-01-15T15:00:11 925.0 30.1 40.9
2022-01-15T15:01:11 925.0 29.8 40.6
2022-01-15T15:02:11 925.1 29.7 40.9
2022-01-15T15:03:11 925.1 29.5 41.7
2022-01-15T15:04:11 925.0 29.5 41.9
2022-01-15T15:05:11 925.1 29.6 43.0
2022-01-15T15:06:11 925.0 29.5 41.2
2022-01-15T15:07:11 925.0 29.6 42.7
2022-01-15T15:08:11 925.0 29.6 43.5
2022-01-15T15:09:11 925.0 29.6 43.9
2022-01-15T15:10:11 925.0 29.6 44.0
2022-01-15T15:11:11 925.0 29.4 44.5
2022-01-15T15:12:11 925.0 29.8 44.0
2022-01-15T15:13:11 925.1 30.0 43.0
2022-01-15T15:14:11 925.0 30.0 43.1
2022-01-15T15:15:11 925.0 30.0 42.2
2022-01-15T15:16:11 925.1 30.1 42.4
2022-01-15T15:17:11 925.0 30.4 41.6
2022-01-15T15:18:11 925.1 30.6 41.2
2022-01-15T15:19:11 925.1 30.1 41.9
2022-01-15T15:20:11 925.1 30.1 42.8
2022-01-15T15:21:11 925.1 30.1 42.0
2022-01-15T15:22:11 925.1 30.5 39.4
2022-01-15T15:23:11 925.1 30.7 39.3
2022-01-15T15:24:11 925.2 31.1 38.0
2022-01-15T15:25:11 925.2 30.9 39.6
2022-01-15T15:26:11 925.3 31.1 37.1
2022-01-15T15:27:11 925.3 30.9 38.0
2022-01-15T15:28:11 925.3 30.7 38.7
2022-01-15T15:29:11 925.4 30.7 38.7
2022-01-15T15:30:11 925.5 30.8 36.9
2022-01-15T15:31:11 925.6 30.4 38.5
2022-01-15T15:32:11 925.7 30.6 39.0
2022-01-15T15:33:11 925.8 31.3 37.8
2022-01-15T15:34:11 925.8 30.6 39.9
2022-01-15T15:35:11 925.7 30.7 40.6
2022-01-15T15:36:11 925.6 30.6 40.1
2022-01-15T15:37:11 925.5 30.5 40.2
2022-01-15T15:38:11 925.4 30.6 39.9
2022-01-15T15:39:11 925.2 30.4 40.8
2022-01-15T15:40:11 925.0 31.1 40.3
2022-01-15T15:41:11 924.9 31.1 40.0
2022-01-15T15:42:11 924.8 30.9 39.4
2022-01-15T15:43:11 924.7 30.6 40.5
2022-01-15T15:44:11 924.7 30.5 40.2
2022-01-15T15:45:11 924.7 30.5 40.0
2022-01-15T15:46:11 924.7 30.7 39.9
2022-01-15T15:47:11 924.7 31.0 40.3
2022-01-15T15:48:11 924.6 31.2 39.8
2022-01-15T15:49:11 924.6 30.8 41.5
2022-01-15T15:50:11 924.6 30.7 38.5
2022-01-15T15:51:11 924.7 30.4 38.8
2022-01-15T15:52:11 924.7 30.2 39.2
2022-01-15T15:53:11 924.7 30.3 39.5
2022-01-15T15:54:11 924.6 30.6 40.0
2022-01-15T15:55:11 924.5 30.5 39.9
2022-01-15T15:56:11 924.5 30.5 40.3
2022-01-15T15:57:11 924.6 30.2 41.1
2022-01-15T15:58:11 924.5 30.1 41.2
2022-01-15T15:59:11 924.5 30.2 41.7
2022-01-15T16:00:11 924.4 30.5 41.1
2022-01-15T16:01:11 924.5 30.7 39.7
2022-01-15T16:02:11 924.4 30.5 40.6
2022-01-15T16:03:11 924.5 30.9 38.3
2022-01-15T16:04:11 924.6 30.9 39.1
2022-01-15T16:05:11 924.6 30.4 38.8
2022-01-15T16:06:11 924.6 30.5 39.4
2022-01-15T16:07:11 924.6 30.4 37.5
2022-01-15T16:08:11 924.6 30.3 39.5
2022-01-15T16:09:11 924.5 30.2 39.6
2022-01-15T16:10:11 924.4 30.3 38.1
2022-01-15T16:11:11 924.4 30.5 39.9
2022-01-15T16:12:11 924.4 30.8 39.4
2022-01-15T16:13:11 924.2 30.8 38.4
2022-01-15T16:14:11 924.3 31.0 38.8
2022-01-15T16:15:11 924.3 31.1 39.1
2022-01-15T16:16:11 924.3 30.8 39.6
2022-01-15T16:17:11 924.3 30.7 39.8
2022-01-15T16:18:11 924.3 31.0 38.4
2022-01-15T16:19:11 924.3 31.1 38.7
2022-01-15T16:20:11 924.2 31.5 38.1
2022-01-15T16:21:11 924.2 31.7 37.5
2022-01-15T16:22:11 924.2 31.4 38.6
2022-01-15T16:23:11 924.2 31.1 37.4
2022-01-15T16:24:11 924.1 31.0 38.5
2022-01-15T16:25:11 924.0 31.3 38.6
2022-01-15T16:26:11 924.0 31.8 37.4
2022-01-15T16:27:11 924.0 31.3 36.9
2022-01-15T16:28:11 924.0 31.6 36.4
2022-01-15T16:29:11 923.9 31.8 37.2
2022-01-15T16:30:11 923.9 32.6 36.1
2022-01-15T16:31:11 923.9 32.5 35.5
2022-01-15T16:32:11 923.9 32.8 35.7
2022-01-15T16:33:11 923.9 31.9 37.3
2022-01-15T16:34:11 923.8 31.2 38.1
2022-01-15T16:35:11 923.8 31.1 39.9
2022-01-15T16:36:11 923.8 31.0 38.1
2022-01-15T16:37:11 923.8 30.9 38.8
2022-01-15T16:38:11 923.8 31.2 38.8
2022-01-15T16:39:11 923.8 31.9 38.0
2022-01-15T16:40:11 923.8 31.9 36.7
2022-01-15T16:41:11 923.8 32.4 35.9
2022-01-15T16:42:11 923.9 33.3 34.9
2022-01-15T16:43:11 923.9 33.2 32.3
2022-01-15T16:44:11 923.9 32.0 35.8
2022-01-15T16:45:11 923.9 31.0 38.0
2022-01-15T16:46:11 923.9 30.8 36.6
2022-01-15T16:47:11 923.8 30.9 35.5
2022-01-15T16:48:11 923.8 31.0 35.4
2022-01-15T16:49:11 923.8 30.8 35.6
2022-01-15T16:50:11 923.8 31.0 36.6
2022-01-15T16:51:11 923.7 31.1 36.3
2022-01-15T16:52:11 923.7 31.3 36.4
2022-01-15T16:53:11 923.8 30.7 37.1
2022-01-15T16:54:11 923.8 30.7 37.1
2022-01-15T16:55:11 923.7 31.0 36.7
2022-01-15T16:56:11 923.7 31.4 36.9
2022-01-15T16:57:11 923.7 31.6 36.4
2022-01-15T16:58:11 923.7 31.7 35.9
2022-01-15T16:59:11 923.7 31.2 36.3
2022-01-15T17:00:11 923.7 31.2 36.2
2022-01-15T17:01:11 923.6 31.1 37.4
2022-01-15T17:02:11 923.6 31.4 37.5
2022-01-15T17:03:11 923.6 31.0 38.5
2022-01-15T17:04:11 923.6 31.1 37.0
2022-01-15T17:05:11 923.5 31.2 37.8
2022-01-15T17:06:11 923.5 31.5 37.3
2022-01-15T17:07:11 923.5 32.1 35.7
2022-01-15T17:08:11 923.4 32.9 34.7
2022-01-15T17:09:11 923.4 32.9 34.6
2022-01-15T17:10:11 923.4 33.0 33.9
2022-01-15T17:11:11 923.4 32.6 33.5
2022-01-15T17:12:11 923.4 32.3 33.8
2022-01-15T17:13:11 923.4 32.3 33.5
2022-01-15T17:14:11 923.3 32.2 33.4
2022-01-15T17:15:11 923.3 32.0 34.3
2022-01-15T17:16:11 923.3 32.2 34.2
2022-01-15T17:17:11 923.3 32.8 33.8
2022-01-15T17:18:11 923.3 33.6 32.1
2022-01-15T17:19:11 923.3 33.7 31.1
2022-01-15T17:20:11 923.3 33.7 30.7
2022-01-15T17:21:11 923.2 33.8 29.9
2022-01-15T17:22:11 923.3 33.8 29.6
2022-01-15T17:23:11 923.2 32.9 30.6
2022-01-15T17:24:11 923.1 32.5 31.8
2022-01-15T17:25:11 923.1 33.2 31.0
2022-01-15T17:26:11 923.0 33.8 30.1
2022-01-15T17:27:11 923.0 34.1 29.5
2022-01-15T17:28:11 923.0 33.8 29.6
2022-01-15T17:29:11 923.0 34.1 29.6
2022-01-15T17:30:11 922.9 34.0 29.5
2022-01-15T17:31:11 922.9 33.5 30.5
2022-01-15T17:32:11 922.9 33.5 30.2
2022-01-15T17:33:11 922.9 33.1 30.7
2022-01-15T17:34:11 923.0 33.6 30.1
2022-01-15T17:35:11 922.9 33.0 30.7
2022-01-15T17:36:11 922.9 33.2 30.8
2022-01-15T17:37:11 922.9 33.5 30.4
2022-01-15T17:38:11 923.0 33.2 29.8
2022-01-15T17:39:11 922.9 32.6 31.1
2022-01-15T17:40:11 922.9 32.2 32.1
2022-01-15T17:41:11 922.9 32.0 31.8
2022-01-15T17:42:11 922.9 31.7 33.5
2022-01-15T17:43:11 922.9 31.7 33.7
2022-01-15T17:44:11 922.9 31.7 33.4
2022-01-15T17:45:11 922.9 31.9 34.5
2022-01-15T17:46:11 922.8 32.1 33.4
2022-01-15T17:47:11 922.8 32.3 32.8
2022-01-15T17:48:11 922.8 31.9 32.3
2022-01-15T17:49:11 922.8 31.7 31.7
2022-01-15T17:50:11 922.7 31.6 33.4
2022-01-15T17:51:11 922.7 31.9 32.7
2022-01-15T17:52:11 922.7 32.2 32.5
2022-01-15T17:53:11 922.6 32.1 31.0
2022-01-15T17:54:11 922.7 31.7 31.6
2022-01-15T17:55:11 922.7 31.5 30.4
2022-01-15T17:56:11 922.7 31.5 30.8
2022-01-15T17:57:11 922.6 31.5 30.6
2022-01-15T17:58:11 922.6 31.7 30.8
2022-01-15T17:59:11 922.6 31.5 31.5
2022-01-15T18:00:11 922.5 31.6 31.8
2022-01-15T18:01:11 922.5 31.7 31.8
2022-01-15T18:02:11 922.5 31.8 31.6
2022-01-15T18:03:11 922.5 31.5 32.0
2022-01-15T18:04:11 922.5 31.4 31.9
2022-01-15T18:05:11 922.5 31.2 30.8
2022-01-15T18:06:11 922.4 31.1 30.3
2022-01-15T18:07:11 922.4 31.1 30.1
2022-01-15T18:08:11 922.4 31.0 31.3
2022-01-15T18:09:11 922.4 30.8 32.4
2022-01-15T18:10:11 922.4 30.7 31.5
2022-01-15T18:11:11 922.4 30.8 31.8
2022-01-15T18:12:11 922.4 31.0 31.1
2022-01-15T18:13:11 922.4 31.2 28.9
2022-01-15T18:14:11 922.4 31.1 29.2
2022-01-15T18:15:11 922.4 31.0 30.3
2022-01-15T18:16:11 922.4 31.1 31.0
2022-01-15T18:17:11 922.4 31.1 31.2
2022-01-15T18:18:11 922.4 31.0 31.9
2022-01-15T18:19:11 922.4 31.1 32.4
2022-01-15T18:20:11 922.4 31.1 32.6
2022-01-15T18:21:11 922.5 31.0 32.5
2022-01-15T18:22:11 922.5 31.0 32.3
2022-01-15T18:23:11 922.5 30.6 32.9
2022-01-15T18:24:11 922.5 30.6 33.7
2022-01-15T18:25:11 922.6 30.7 34.2
2022-01-15T18:26:11 922.6 30.8 34.4
2022-01-15T18:27:11 922.6 31.0 33.7
2022-01-15T18:28:11 922.6 31.0 34.0
2022-01-15T18:29:11 922.7 31.1 34.5
2022-01-15T18:30:11 922.7 31.2 34.2
2022-01-15T18:31:11 922.7 31.2 34.0
2022-01-15T18:32:11 922.7 30.8 34.8
2022-01-15T18:33:11 922.7 30.7 35.0
2022-01-15T18:34:11 922.7 30.6 35.2
2022-01-15T18:35:11 922.7 30.6 35.8
2022-01-15T18:36:11 922.6 30.8 35.3
2022-01-15T18:37:11 922.7 30.7 35.7
2022-01-15T18:38:11 922.6 30.7 35.9
2022-01-15T18:39:11 922.6 30.7 36.1
2022-01-15T18:40:11 922.6 30.6 36.2
2022-01-15T18:41:11 922.6 30.7 36.6
2022-01-15T18:42:11 922.6 30.7 36.3
2022-01-15T18:43:11 922.5 30.6 36.8
2022-01-15T18:44:11 922.5 30.5 36.7
2022-01-15T18:45:11 922.4 30.6 36.6
2022-01-15T18:46:11 922.4 30.6 36.5
2022-01-15T18:47:11 922.4 30.5 36.7
2022-01-15T18:48:11 922.3 30.4 37.0
2022-01-15T18:49:11 922.3 30.5 37.0
2022-01-15T18:50:11 922.3 30.5 37.1
2022-01-15T18:51:11 922.3 30.3 36.6
2022-01-15T18:52:11 922.3 30.2 37.3
2022-01-15T18:53:11 922.2 30.2 37.6
2022-01-15T18:54:11 922.2 30.1 37.1
2022-01-15T18:55:11 922.2 30.1 37.2
2022-01-15T18:56:11 922.1 30.1 36.9
2022-01-15T18:57:11 922.1 30.1 36.7
2022-01-15T18:58:11 922.1 30.2 36.5
2022-01-15T18:59:11 922.1 30.2 36.0
2022-01-15T19:00:11 922.1 30.2 35.3
2022-01-15T19:01:11 922.1 30.1 35.3
2022-01-15T19:02:11 922.2 30.1 35.7
2022-01-15T19:03:11 922.2 30.1 35.3
2022-01-15T19:04:11 922.3 30.1 35.0
2022-01-15T19:05:11 922.3 30.1 35.1
2022-01-15T19:06:11 922.4 30.2 34.7
2022-01-15T19:07:11 922.4 30.2 34.9
2022-01-15T19:08:11 922.5 30.3 35.2
2022-01-15T19:09:11 922.5 30.3 35.9
2022-01-15T19:10:11 922.5 30.3 35.1
2022-01-15T19:11:11 922.5 30.2 34.8
2022-01-15T19:12:11 922.5 30.1 36.5
2022-01-15T19:13:11 922.4 30.1 35.1
2022-01-15T19:14:11 922.4 30.0 35.2
2022-01-15T19:15:11 922.4 30.0 37.4
2022-01-15T19:16:11 922.3 29.9 34.9
2022-01-15T19:17:11 922.3 29.8 35.5
2022-01-15T19:18:11 922.2 29.8 37.2
2022-01-15T19:19:11 922.2 29.6 37.0
2022-01-15T19:20:11 922.2 29.5 36.9
2022-01-15T19:21:11 922.2 29.4 37.0
2022-01-15T19:22:11 922.2 29.5 36.9
2022-01-15T19:23:11 922.2 29.1 43.4
2022-01-15T19:24:11 922.2 28.3 46.6
2022-01-15T19:25:11 922.2 27.8 48.4
2022-01-15T19:26:11 922.2 27.1 51.5
2022-01-15T19:27:11 922.1 26.8 52.8
2022-01-15T19:28:11 922.2 26.5 54.2
2022-01-15T19:29:11 922.2 26.1 55.1
2022-01-15T19:30:11 922.2 25.9 55.9
2022-01-15T19:31:11 922.2 26.0 55.3
2022-01-15T19:32:11 922.3 25.9 56.2
2022-01-15T19:33:11 922.3 25.8 57.7
2022-01-15T19:34:11 922.4 25.5 59.6
2022-01-15T19:35:11 922.4 25.4 60.8
2022-01-15T19:36:11 922.4 25.2 62.0
2022-01-15T19:37:11 922.4 24.9 62.7
2022-01-15T19:38:11 922.4 24.7 64.5
2022-01-15T19:39:11 922.5 24.6 66.1
2022-01-15T19:40:11 922.5 24.4 67.0
2022-01-15T19:41:11 922.5 24.3 66.4
2022-01-15T19:42:11 922.4 24.4 67.4
2022-01-15T19:43:11 922.4 24.4 68.0
2022-01-15T19:44:11 922.4 24.4 66.7
2022-01-15T19:45:11 922.4 24.4 66.9
2022-01-15T19:46:11 922.3 24.4 65.8
2022-01-15T19:47:11 922.3 24.4 66.8
2022-01-15T19:48:11 922.3 24.3 67.3
2022-01-15T19:49:11 922.3 24.3 67.6
2022-01-15T19:50:11 922.2 24.1 67.2
2022-01-15T19:51:11 922.2 24.0 67.2
2022-01-15T19:52:11 922.2 23.9 64.4
2022-01-15T19:53:11 922.2 23.9 64.5
2022-01-15T19:54:11 922.1 23.6 64.7
2022-01-15T19:55:11 922.1 23.5 65.8
2022-01-15T19:56:11 922.0 23.4 67.3
2022-01-15T19:57:11 922.1 23.3 67.7
2022-01-15T19:58:11 922.2 23.2 71.0
2022-01-15T19:59:11 922.2 22.9 70.2
2022-01-15T20:00:11 922.3 22.6 73.8
2022-01-15T20:01:11 922.4 22.4 74.8
2022-01-15T20:02:11 922.4 22.4 73.8
2022-01-15T20:03:11 922.4 22.3 74.3
2022-01-15T20:04:11 922.4 22.3 77.1
2022-01-15T20:05:11 922.3 22.3 75.0
2022-01-15T20:06:11 922.4 22.2 74.5
2022-01-15T20:07:11 922.4 22.4 77.0
2022-01-15T20:08:11 922.5 22.3 74.4
2022-01-15T20:09:11 922.5 22.2 71.2
2022-01-15T20:10:11 922.5 22.1 72.4
2022-01-15T20:11:11 922.5 22.0 74.3
2022-01-15T20:12:11 922.5 21.8 75.5
2022-01-15T20:13:11 922.7 21.7 74.1
2022-01-15T20:14:11 922.7 21.6 73.2
2022-01-15T20:15:11 922.8 21.5 73.8
2022-01-15T20:16:11 922.8 21.4 74.7
2022-01-15T20:17:11 922.7 21.3 74.5
2022-01-15T20:18:11 922.8 21.4 75.5
2022-01-15T20:19:11 922.9 21.3 75.0
2022-01-15T20:20:11 922.9 21.3 76.7
2022-01-15T20:21:11 922.9 21.2 76.1
2022-01-15T20:22:11 923.0 21.2 78.3
2022-01-15T20:23:11 923.0 21.2 77.9
2022-01-15T20:24:11 923.1 21.2 79.7
2022-01-15T20:25:11 923.1 21.2 78.8
2022-01-15T20:26:11 923.1 21.2 80.0
2022-01-15T20:27:11 923.1 21.1 80.9
2022-01-15T20:28:11 923.1 21.1 81.1
2022-01-15T20:29:11 923.1 20.9 80.6
2022-01-15T20:30:11 923.1 21.0 81.9
2022-01-15T20:31:11 923.2 21.1 83.1
2022-01-15T20:32:11 923.3 21.1 83.5
2022-01-15T20:33:11 923.2 21.1 82.8
2022-01-15T20:34:11 923.3 21.2 82.2
2022-01-15T20:35:11 923.3 21.3 82.1
2022-01-15T20:36:11 923.4 21.3 81.3
2022-01-15T20:37:11 923.4 21.3 81.0
2022-01-15T20:38:11 923.4 21.4 80.9
2022-01-15T20:39:11 923.4 21.4 82.0
2022-01-15T20:40:11 923.5 21.4 83.0
2022-01-15T20:41:11 923.5 21.3 80.5
2022-01-15T20:42:11 923.5 21.4 81.6
2022-01-15T20:43:11 923.5 21.5 82.5
2022-01-15T20:44:11 923.5 21.5 82.5
2022-01-15T20:45:11 923.4 21.5 82.3
2022-01-15T20:46:11 923.4 21.6 84.4
2022-01-15T20:47:11 923.4 21.5 86.2
2022-01-15T20:48:11 923.4 21.1 86.1
2022-01-15T20:49:11 923.4 21.0 87.8
2022-01-15T20:50:11 923.4 20.9 87.9
2022-01-15T20:51:11 923.4 20.8 86.8
2022-01-15T20:52:11 923.4 20.8 86.0
2022-01-15T20:53:11 923.4 20.9 86.0
2022-01-15T20:54:11 923.4 20.9 83.3
2022-01-15T20:55:11 923.4 21.1 83.1
2022-01-15T20:56:11 923.4 21.1 82.4
2022-01-15T20:57:11 923.3 21.1 82.2
2022-01-15T20:58:11 923.4 21.1 83.1
2022-01-15T20:59:11 923.6 20.9 82.3
2022-01-15T21:00:11 923.7 20.7 83.7
2022-01-15T21:01:11 923.6 20.6 84.9
2022-01-15T21:02:11 923.7 20.6 84.1
2022-01-15T21:03:11 923.6 20.7 83.6
2022-01-15T21:04:11 923.6 20.9 84.4
2022-01-15T21:05:11 923.3 20.8 83.8
2022-01-15T21:06:11 923.3 20.6 84.0
2022-01-15T21:07:11 923.4 20.5 84.9
2022-01-15T21:08:11 923.7 20.4 85.0
2022-01-15T21:09:11 923.6 20.4 86.0
2022-01-15T21:10:11 923.8 20.5 86.2
2022-01-15T21:11:11 923.7 20.6 85.7
2022-01-15T21:12:11 923.8 20.6 85.3
2022-01-15T21:13:11 923.7 20.6 84.8
2022-01-15T21:14:11 923.3 20.6 83.8
2022-01-15T21:15:11 923.6 20.6 84.4
2022-01-15T21:16:11 923.9 20.6 86.2
2022-01-15T21:17:11 924.0 20.6 86.8
2022-01-15T21:18:11 923.8 20.5 86.7
2022-01-15T21:19:11 924.0 20.5 87.3
2022-01-15T21:20:11 924.1 20.5 87.9
2022-01-15T21:21:11 924.0 20.4 88.5
2022-01-15T21:22:11 924.0 20.4 88.9
2022-01-15T21:23:11 924.1 20.4 88.2
2022-01-15T21:24:11 924.1 20.5 87.9
2022-01-15T21:25:11 923.9 20.6 86.6
2022-01-15T21:26:11 924.3 20.7 87.9
2022-01-15T21:27:11 924.1 20.5 86.2
2022-01-15T21:28:11 924.2 20.6 86.3
2022-01-15T21:29:11 924.2 20.6 85.3
2022-01-15T21:30:11 924.2 20.6 86.5
2022-01-15T21:31:11 924.2 20.6 86.7
2022-01-15T21:32:11 924.2 20.5 85.8
2022-01-15T21:33:11 924.2 20.4 85.0
2022-01-15T21:34:11 924.3 20.5 85.8
2022-01-15T21:35:11 924.2 20.3 86.8
2022-01-15T21:36:11 924.2 20.2 87.5
2022-01-15T21:37:11 924.2 20.1 87.2
2022-01-15T21:38:11 924.2 20.1 87.1
2022-01-15T21:39:11 924.2 20.1 86.9
2022-01-15T21:40:11 924.1 20.1 86.5
2022-01-15T21:41:11 924.3 20.1 85.5
2022-01-15T21:42:11 924.4 20.3 86.8
2022-01-15T21:43:11 924.4 20.3 85.8
2022-01-15T21:44:11 924.2 20.2 85.3
2022-01-15T21:45:11 924.3 20.2 85.3
2022-01-15T21:46:11 924.2 20.3 85.2
2022-01-15T21:47:11 924.1 20.3 83.5
2022-01-15T21:48:11 924.1 20.3 82.7
2022-01-15T21:49:11 924.1 20.3 84.0
2022-01-15T21:50:11 924.1 20.1 83.7
2022-01-15T21:51:11 924.1 19.9 85.6
2022-01-15T21:52:11 923.9 19.6 85.0
2022-01-15T21:53:11 923.8 19.4 84.1
2022-01-15T21:54:11 923.9 19.5 85.4
2022-01-15T21:55:11 924.1 19.5 87.1
2022-01-15T21:56:11 924.0 19.3 85.1
2022-01-15T21:57:11 924.0 19.4 86.3
2022-01-15T21:58:11 924.1 19.4 86.8
2022-01-15T21:59:11 924.0 19.3 88.0
2022-01-15T22:00:11 923.7 19.1 88.0
2022-01-15T22:01:11 922.8 19.0 87.7
2022-01-15T22:02:11 923.5 18.9 88.1
2022-01-15T22:03:11 923.7 19.0 88.4
2022-01-15T22:04:11 923.7 19.1 88.0
2022-01-15T22:05:11 923.8 19.2 89.5
2022-01-15T22:06:11 923.6 19.1 88.4
2022-01-15T22:07:11 923.6 19.1 88.6
2022-01-15T22:08:10 923.5 19.1 89.3
2022-01-15T22:09:10 923.5 19.1 89.5
2022-01-15T22:10:10 923.5 19.1 89.4
2022-01-15T22:11:10 923.5 19.1 89.9
2022-01-15T22:12:10 923.6 19.1 89.6
2022-01-15T22:13:10 923.5 19.1 89.3
2022-01-15T22:14:10 923.5 19.1 89.9
2022-01-15T22:15:10 923.6 19.1 89.8
2022-01-15T22:16:10 923.6 19.1 90.5
2022-01-15T22:17:10 923.6 18.9 91.9
2022-01-15T22:18:10 923.5 18.8 94.0
2022-01-15T22:19:10 923.6 18.8 94.5
2022-01-15T22:20:10 923.7 18.9 94.8
2022-01-15T22:21:10 923.6 18.8 95.0
2022-01-15T22:22:10 923.7 18.9 95.0
2022-01-15T22:23:10 923.7 18.9 95.0
2022-01-15T22:24:10 923.4 19.0 94.2
2022-01-15T22:25:10 923.4 19.2 91.2
2022-01-15T22:26:10 923.5 19.3 88.3
2022-01-15T22:27:10 923.4 19.4 87.8
2022-01-15T22:28:10 923.5 19.5 87.4
2022-01-15T22:29:10 923.5 19.5 86.8
2022-01-15T22:30:10 923.9 19.5 86.5
2022-01-15T22:31:10 923.7 19.6 85.1
2022-01-15T22:32:10 923.9 19.7 85.4
2022-01-15T22:33:10 923.9 19.6 86.3
2022-01-15T22:34:10 923.9 19.2 88.1
2022-01-15T22:35:10 923.8 19.1 90.1
2022-01-15T22:36:10 924.0 19.0 92.6
2022-01-15T22:37:10 924.0 19.0 94.2
2022-01-15T22:38:10 924.0 19.0 94.6
2022-01-15T22:39:10 924.1 19.0 94.8
2022-01-15T22:40:10 924.1 19.1 95.0
2022-01-15T22:41:10 924.0 18.9 95.0
2022-01-15T22:42:10 924.3 19.1 95.2
2022-01-15T22:43:10 924.2 18.9 95.3
2022-01-15T22:44:10 924.3 18.9 95.3
2022-01-15T22:45:10 924.3 18.9 95.3
2022-01-15T22:46:10 924.3 19.0 95.0
2022-01-15T22:47:10 924.2 19.1 94.3
2022-01-15T22:48:10 924.2 19.3 87.8
2022-01-15T22:49:10 924.5 19.5 86.6
2022-01-15T22:50:10 924.6 19.8 87.3
2022-01-15T22:51:10 924.6 19.8 86.6
2022-01-15T22:52:10 924.6 19.8 87.0
2022-01-15T22:53:10 924.7 19.6 88.0
2022-01-15T22:54:10 924.7 19.4 87.7
2022-01-15T22:55:10 924.8 19.4 88.5
2022-01-15T22:56:10 925.1 19.5 90.5
2022-01-15T22:57:10 925.0 19.4 89.9
2022-01-15T22:58:10 925.2 19.5 91.3
2022-01-15T22:59:10 925.2 19.4 90.5
2022-01-15T23:00:10 925.2 19.5 90.5
2022-01-15T23:01:10 925.3 19.5 88.6
2022-01-15T23:02:10 925.2 19.6 88.2
2022-01-15T23:03:10 925.4 19.8 88.7
2022-01-15T23:04:10 925.3 19.8 88.1
2022-01-15T23:05:10 925.4 19.8 87.6
2022-01-15T23:06:10 925.4 19.9 88.1
2022-01-15T23:07:10 925.5 19.9 88.0
2022-01-15T23:08:10 925.8 19.9 87.8
2022-01-15T23:09:10 925.8 19.9 88.2
2022-01-15T23:10:10 925.9 19.9 88.1
2022-01-15T23:11:10 925.8 19.9 88.7
2022-01-15T23:12:10 925.9 19.9 90.1
2022-01-15T23:13:10 925.9 19.9 91.3
2022-01-15T23:14:10 925.9 19.7 91.3
2022-01-15T23:15:10 925.9 19.7 92.8
2022-01-15T23:16:10 925.9 19.5 91.8
2022-01-15T23:17:10 926.0 19.6 91.7
2022-01-15T23:18:10 926.0 19.6 90.6
2022-01-15T23:19:10 925.9 19.6 89.0
2022-01-15T23:20:10 926.3 19.9 89.5
2022-01-15T23:21:10 926.3 19.9 89.0
2022-01-15T23:22:10 926.1 19.8 87.5
2022-01-15T23:23:10 926.3 19.9 87.8
2022-01-15T23:24:10 926.1 19.9 87.4
2022-01-15T23:25:10 926.2 19.9 87.1
2022-01-15T23:26:10 926.0 19.9 86.6
2022-01-15T23:27:10 926.1 20.0 86.3
2022-01-15T23:28:10 926.1 20.0 87.3
2022-01-15T23:29:10 926.1 20.0 88.0
2022-01-15T23:30:10 926.1 20.0 87.9
2022-01-15T23:31:10 926.4 20.0 88.5
2022-01-15T23:32:10 926.5 20.1 90.5
2022-01-15T23:33:10 926.5 20.0 91.9
2022-01-15T23:34:10 926.6 19.9 92.2
2022-01-15T23:35:10 926.4 19.9 93.9
2022-01-15T23:36:10 926.6 20.0 94.5
2022-01-15T23:37:10 926.6 19.9 94.8
2022-01-15T23:38:10 926.3 19.9 95.0
2022-01-15T23:39:10 926.4 19.9 95.1
2022-01-15T23:40:10 926.6 20.0 95.4
2022-01-15T23:41:10 926.5 20.0 95.6
2022-01-15T23:42:10 926.4 20.0 95.8
2022-01-15T23:43:10 926.5 20.0 95.9
2022-01-15T23:44:10 926.5 20.0 96.0
2022-01-15T23:45:10 926.5 20.1 96.1
2022-01-15T23:46:10 926.5 20.0 96.1
2022-01-15T23:47:10 926.5 19.9 96.1
2022-01-15T23:48:10 926.6 20.0 96.1
2022-01-15T23:49:10 926.6 20.0 96.0
2022-01-15T23:50:10 926.5 20.0 95.8
2022-01-15T23:51:10 926.4 20.1 95.6
2022-01-15T23:52:10 926.5 20.3 95.5
2022-01-15T23:53:10 926.6 20.2 95.2
2022-01-15T23:54:10 926.5 20.1 94.5
2022-01-15T23:55:10 926.3 20.3 94.5
2022-01-15T23:56:10 926.5 20.3 94.5
2022-01-15T23:57:10 926.4 20.3 94.1
2022-01-15T23:58:10 926.5 20.3 92.2
2022-01-15T23:59:10 926.2 20.2 89.5
