2022-01-14T00:00:00 991.0 28.3 69.5
2022-01-14T00:01:00 991.0 28.3 69.6
2022-01-14T00:02:00 991.0 28.3 69.8
2022-01-14T00:03:00 991.0 28.3 70.0
2022-01-14T00:04:00 991.0 28.2 70.2
2022-01-14T00:05:00 991.0 28.2 70.3
2022-01-14T00:06:00 991.0 28.2 70.5
2022-01-14T00:07:00 991.0 28.1 70.8
2022-01-14T00:08:00 991.0 28.1 71.1
2022-01-14T00:09:00 991.2 28.0 70.6
2022-01-14T00:10:00 991.2 28.0 70.9
2022-01-14T00:11:00 991.2 28.0 70.9
2022-01-14T00:12:00 991.2 27.9 71.1
2022-01-14T00:13:00 991.2 27.9 71.1
2022-01-14T00:14:00 991.3 27.9 71.2
2022-01-14T00:15:00 991.3 27.9 71.3
2022-01-14T00:16:00 991.3 27.9 71.5
2022-01-14T00:17:00 991.3 27.8 71.6
2022-01-14T00:18:00 991.5 27.8 71.7
2022-01-14T00:19:00 991.5 27.8 72.0
2022-01-14T00:20:00 991.5 27.8 71.9
2022-01-14T00:21:00 991.5 27.8 71.9
2022-01-14T00:22:00 991.5 27.7 72.0
2022-01-14T00:23:00 991.5 27.7 72.2
2022-01-14T00:24:00 991.5 27.7 72.3
2022-01-14T00:25:00 991.5 27.7 72.3
2022-01-14T00:26:00 991.5 27.7 72.4
2022-01-14T00:27:00 991.5 27.7 72.5
2022-01-14T00:28:00 991.6 27.6 72.7
2022-01-14T00:29:00 991.6 27.6 72.7
2022-01-14T00:30:00 991.6 27.6 72.8
2022-01-14T00:31:00 991.6 27.6 73.0
2022-01-14T00:32:00 991.6 27.6 73.1
2022-01-14T00:33:00 991.6 27.5 73.1
2022-01-14T00:34:00 991.6 27.5 73.3
2022-01-14T00:35:00 991.6 27.5 73.4
2022-01-14T00:36:00 991.6 27.5 73.4
2022-01-14T00:37:00 991.6 27.4 73.5
2022-01-14T00:38:00 991.6 27.4 73.5
2022-01-14T00:39:00 991.6 27.4 73.7
2022-01-14T00:40:00 991.6 27.4 73.2
2022-01-14T00:41:00 991.6 27.4 73.5
2022-01-14T00:42:00 991.6 27.4 73.3
2022-01-14T00:43:00 991.6 27.4 73.4
2022-01-14T00:44:00 991.6 27.4 73.4
2022-01-14T00:45:00 991.6 27.4 73.5
2022-01-14T00:46:00 991.6 27.4 73.6
2022-01-14T00:47:00 991.6 27.3 73.7
2022-01-14T00:48:00 991.6 27.3 73.7
2022-01-14T00:49:00 991.6 27.3 73.9
2022-01-14T00:50:00 991.6 27.3 74.0
2022-01-14T00:51:00 991.6 27.3 73.8
2022-01-14T00:52:00 991.6 27.2 73.9
2022-01-14T00:53:00 991.6 27.2 74.0
2022-01-14T00:54:00 991.8 27.3 74.1
2022-01-14T00:55:00 991.8 27.2 73.9
2022-01-14T00:56:00 991.8 27.2 74.0
2022-01-14T00:57:00 991.8 27.2 74.0
2022-01-14T00:58:00 991.8 27.2 73.9
2022-01-14T00:59:00 991.8 27.2 74.1
2022-01-14T01:00:00 991.8 27.2 74.1
2022-01-14T01:01:00 991.8 27.2 74.1
2022-01-14T01:02:00 991.8 27.2 74.4
2022-01-14T01:03:00 991.8 27.2 74.3
2022-01-14T01:04:00 991.9 27.2 74.2
2022-01-14T01:05:00 991.9 27.2 74.3
2022-01-14T01:06:00 991.9 27.2 74.6
2022-01-14T01:07:00 991.9 27.1 74.8
2022-01-14T01:08:00 991.9 27.1 74.9
2022-01-14T01:09:00 991.9 27.1 74.8
2022-01-14T01:10:00 991.9 27.1 74.8
2022-01-14T01:11:00 992.1 27.1 74.8
2022-01-14T01:12:00 992.1 27.1 74.3
2022-01-14T01:13:00 992.1 27.1 73.8
2022-01-14T01:14:00 992.1 27.2 73.9
2022-01-14T01:15:00 992.1 27.2 74.0
2022-01-14T01:16:00 992.1 27.1 74.2
2022-01-14T01:17:00 992.1 27.2 74.2
2022-01-14T01:18:00 992.1 27.1 74.3
2022-01-14T01:19:00 992.1 27.1 74.2
2022-01-14T01:20:00 992.1 27.2 74.3
2022-01-14T01:21:00 992.1 27.1 74.3
2022-01-14T01:22:00 992.1 27.1 74.5
2022-01-14T01:23:00 992.1 27.1 74.6
2022-01-14T01:24:00 992.1 27.1 74.7
2022-01-14T01:25:00 992.1 27.1 74.9
2022-01-14T01:26:00 992.1 27.1 75.0
2022-01-14T01:27:00 992.1 27.0 75.1
2022-01-14T01:28:00 992.1 27.0 75.2
2022-01-14T01:29:00 992.1 27.0 75.3
2022-01-14T01:30:00 992.1 27.0 75.2
2022-01-14T01:31:00 992.1 27.1 74.4
2022-01-14T01:32:00 992.1 27.1 74.4
2022-01-14T01:33:00 992.1 27.1 74.5
2022-01-14T01:34:00 992.1 27.1 74.5
2022-01-14T01:35:00 992.1 27.1 74.7
2022-01-14T01:36:00 992.1 27.1 74.8
2022-01-14T01:37:00 992.1 27.1 75.0
2022-01-14T01:38:00 992.1 27.1 75.0
2022-01-14T01:39:00 992.1 27.1 75.1
2022-01-14T01:40:00 992.1 27.1 75.0
2022-01-14T01:41:00 992.1 27.1 74.9
2022-01-14T01:42:00 992.1 27.1 75.1
2022-01-14T01:43:00 992.1 27.1 75.3
2022-01-14T01:44:00 992.1 27.1 75.5
2022-01-14T01:45:00 992.1 27.1 75.7
2022-01-14T01:46:00 992.1 27.0 75.8
2022-01-14T01:47:00 992.1 27.0 75.7
2022-01-14T01:48:00 992.1 27.0 75.9
2022-01-14T01:49:00 992.1 27.0 76.1
2022-01-14T01:50:00 992.1 27.0 76.1
2022-01-14T01:51:00 992.1 26.9 76.0
2022-01-14T01:52:00 992.1 26.9 76.2
2022-01-14T01:53:00 992.1 26.9 75.9
2022-01-14T01:54:00 992.1 26.9 76.1
2022-01-14T01:55:00 992.1 26.9 76.1
2022-01-14T01:56:00 992.1 26.9 76.3
2022-01-14T01:57:00 992.1 26.9 76.4
2022-01-14T01:58:00 992.1 26.9 76.5
2022-01-14T01:59:00 992.1 26.9 76.6
2022-01-14T02:00:00 992.1 26.8 76.7
2022-01-14T02:01:00 992.1 26.8 76.9
2022-01-14T02:02:00 992.1 26.8 77.0
2022-01-14T02:03:00 992.1 26.8 76.9
2022-01-14T02:04:00 992.1 26.8 76.9
2022-01-14T02:05:00 992.1 26.8 76.9
2022-01-14T02:06:00 992.1 26.8 76.9
2022-01-14T02:07:00 992.1 26.8 76.9
2022-01-14T02:08:00 992.1 26.8 77.0
2022-01-14T02:09:00 992.1 26.8 77.0
2022-01-14T02:10:00 992.1 26.8 77.2
2022-01-14T02:11:00 992.1 26.8 77.3
2022-01-14T02:12:00 992.1 26.8 76.9
2022-01-14T02:13:00 992.1 26.8 76.9
2022-01-14T02:14:00 992.1 26.8 77.0
2022-01-14T02:15:00 992.1 26.8 76.9
2022-01-14T02:16:00 992.1 26.8 77.2
2022-01-14T02:17:00 992.1 26.8 77.1
2022-01-14T02:18:00 992.1 26.8 77.1
2022-01-14T02:19:00 992.1 26.8 76.8
2022-01-14T02:20:00 992.1 26.8 76.9
2022-01-14T02:21:00 992.1 26.8 76.6
2022-01-14T02:22:00 992.1 26.8 76.7
2022-01-14T02:23:00 992.1 26.8 76.5
2022-01-14T02:24:00 992.1 26.9 76.5
2022-01-14T02:25:00 992.1 26.8 76.5
2022-01-14T02:26:00 992.1 26.8 76.5
2022-01-14T02:27:00 992.1 26.8 76.3
2022-01-14T02:28:00 992.1 26.8 76.2
2022-01-14T02:29:00 992.1 26.8 76.3
2022-01-14T02:30:00 992.1 26.8 76.3
2022-01-14T02:31:00 992.1 26.8 76.4
2022-01-14T02:32:00 992.1 26.9 76.2
2022-01-14T02:33:00 992.1 26.8 76.2
2022-01-14T02:34:00 992.1 26.8 76.1
2022-01-14T02:35:00 992.1 26.8 76.2
2022-01-14T02:36:00 992.1 26.9 76.4
2022-01-14T02:37:00 992.1 26.8 76.4
2022-01-14T02:38:00 992.1 26.8 76.6
2022-01-14T02:39:00 992.1 26.8 76.6
2022-01-14T02:40:00 992.1 26.8 76.6
2022-01-14T02:41:00 992.1 26.8 76.3
2022-01-14T02:42:00 992.1 26.8 76.5
2022-01-14T02:43:00 992.1 26.8 76.2
2022-01-14T02:44:00 992.1 26.8 76.3
2022-01-14T02:45:00 992.1 26.8 76.3
2022-01-14T02:46:00 992.1 26.8 76.5
2022-01-14T02:47:00 992.1 26.8 76.7
2022-01-14T02:48:00 992.1 26.7 76.8
2022-01-14T02:49:00 992.1 26.7 76.8
2022-01-14T02:50:00 992.1 26.7 77.0
2022-01-14T02:51:00 992.1 26.7 77.3
2022-01-14T02:52:00 992.1 26.7 77.3
2022-01-14T02:53:00 992.1 26.6 77.6
2022-01-14T02:54:00 992.1 26.6 77.8
2022-01-14T02:55:00 992.1 26.6 77.9
2022-01-14T02:56:00 992.1 26.6 77.7
2022-01-14T02:57:00 992.1 26.5 78.0
2022-01-14T02:58:00 992.1 26.5 78.3
2022-01-14T02:59:00 991.9 26.5 78.0
2022-01-14T03:00:00 991.9 26.5 78.3
2022-01-14T03:01:00 992.1 26.5 78.4
2022-01-14T03:02:00 992.1 26.5 78.7
2022-01-14T03:03:00 992.1 26.5 78.8
2022-01-14T03:04:00 992.1 26.4 78.8
2022-01-14T03:05:00 992.1 26.4 78.9
2022-01-14T03:06:00 992.1 26.4 79.1
2022-01-14T03:07:00 992.1 26.3 79.3
2022-01-14T03:08:00 992.1 26.3 79.5
2022-01-14T03:09:00 992.1 26.3 79.7
2022-01-14T03:10:00 992.1 26.2 79.9
2022-01-14T03:11:00 992.1 26.1 80.2
2022-01-14T03:12:00 992.1 26.1 80.2
2022-01-14T03:13:00 992.1 26.1 80.2
2022-01-14T03:14:00 992.1 26.1 80.2
2022-01-14T03:15:00 992.1 26.1 80.3
2022-01-14T03:16:00 992.1 26.1 80.3
2022-01-14T03:17:00 992.1 26.1 80.2
2022-01-14T03:18:00 992.1 26.2 80.0
2022-01-14T03:19:00 992.1 26.2 80.0
2022-01-14T03:20:00 992.1 26.2 80.2
2022-01-14T03:21:00 992.1 26.1 80.0
2022-01-14T03:22:00 992.1 26.2 80.1
2022-01-14T03:23:00 992.1 26.1 80.2
2022-01-14T03:24:00 992.1 26.1 80.3
2022-01-14T03:25:00 992.1 26.1 80.4
2022-01-14T03:26:00 992.1 26.1 80.2
2022-01-14T03:27:00 992.1 26.1 80.4
2022-01-14T03:28:00 991.9 26.1 80.3
2022-01-14T03:29:00 991.9 26.1 80.7
2022-01-14T03:30:00 991.9 26.0 81.0
2022-01-14T03:31:00 991.9 26.0 81.2
2022-01-14T03:32:00 991.9 25.9 81.4
2022-01-14T03:33:00 991.9 26.0 81.5
2022-01-14T03:34:00 991.9 26.0 81.2
2022-01-14T03:35:00 991.9 26.0 81.4
2022-01-14T03:36:00 991.9 26.0 80.9
2022-01-14T03:37:00 991.9 26.0 80.7
2022-01-14T03:38:00 991.9 26.0 80.5
2022-01-14T03:39:00 991.9 26.0 80.3
2022-01-14T03:40:00 991.9 26.0 80.4
2022-01-14T03:41:00 991.9 26.1 80.2
2022-01-14T03:42:00 991.9 26.1 80.2
2022-01-14T03:43:00 991.9 26.1 79.8
2022-01-14T03:44:00 991.9 26.1 79.9
2022-01-14T03:45:00 991.9 26.1 80.1
2022-01-14T03:46:00 991.9 26.1 79.8
2022-01-14T03:47:00 991.9 26.1 79.6
2022-01-14T03:48:00 991.9 26.2 79.5
2022-01-14T03:49:00 991.9 26.2 79.4
2022-01-14T03:50:00 992.1 26.2 79.3
2022-01-14T03:51:00 991.9 26.2 79.3
2022-01-14T03:52:00 991.9 26.2 78.9
2022-01-14T03:53:00 991.9 26.2 79.0
2022-01-14T03:54:00 991.9 26.2 79.1
2022-01-14T03:55:00 991.9 26.2 79.2
2022-01-14T03:56:00 991.9 26.2 79.1
2022-01-14T03:57:00 991.9 26.2 79.0
2022-01-14T03:58:00 991.9 26.2 78.8
2022-01-14T03:59:00 991.9 26.2 78.5
2022-01-14T04:00:00 991.9 26.2 78.6
2022-01-14T04:01:00 991.8 26.2 78.4
2022-01-14T04:02:00 991.8 26.2 78.2
2022-01-14T04:03:00 991.8 26.3 78.4
2022-01-14T04:04:00 991.8 26.2 78.4
2022-01-14T04:05:00 991.8 26.3 78.5
2022-01-14T04:06:00 991.8 26.3 78.8
2022-01-14T04:07:00 991.8 26.3 78.6
2022-01-14T04:08:00 991.8 26.3 78.7
2022-01-14T04:09:00 991.8 26.3 78.4
2022-01-14T04:10:00 991.8 26.4 77.5
2022-01-14T04:11:00 991.8 26.4 76.9
2022-01-14T04:12:00 991.8 26.5 76.5
2022-01-14T04:13:00 991.8 26.6 76.2
2022-01-14T04:14:00 991.8 26.7 76.1
2022-01-14T04:15:00 991.8 26.7 76.2
2022-01-14T04:16:00 991.8 26.7 76.1
2022-01-14T04:17:00 991.8 26.7 76.2
2022-01-14T04:18:00 991.8 26.7 75.9
2022-01-14T04:19:00 991.8 26.7 75.8
2022-01-14T04:20:00 991.8 26.7 75.7
2022-01-14T04:21:00 991.8 26.7 75.6
2022-01-14T04:22:00 991.8 26.8 75.6
2022-01-14T04:23:00 991.8 26.7 75.5
2022-01-14T04:24:00 991.8 26.7 75.5
2022-01-14T04:25:00 991.6 26.8 75.1
2022-01-14T04:26:00 991.6 26.8 75.5
2022-01-14T04:27:00 991.6 26.8 75.4
2022-01-14T04:28:00 991.6 26.8 75.3
2022-01-14T04:29:00 991.6 26.8 75.4
2022-01-14T04:30:00 991.8 26.8 75.5
2022-01-14T04:31:00 991.8 26.7 75.6
2022-01-14T04:32:00 991.8 26.8 75.7
2022-01-14T04:33:00 991.8 26.7 75.9
2022-01-14T04:34:00 991.8 26.7 76.1
2022-01-14T04:35:00 991.8 26.7 76.3
2022-01-14T04:36:00 991.8 26.7 76.5
2022-01-14T04:37:00 991.8 26.8 76.5
2022-01-14T04:38:00 991.6 26.8 74.8
2022-01-14T04:39:00 991.6 26.8 74.4
2022-01-14T04:40:00 991.8 26.9 74.7
2022-01-14T04:41:00 991.8 26.9 74.7
2022-01-14T04:42:00 991.8 26.9 74.5
2022-01-14T04:43:00 991.8 27.0 74.5
2022-01-14T04:44:00 991.8 27.0 74.5
2022-01-14T04:45:00 991.8 27.0 73.5
2022-01-14T04:46:00 991.6 27.0 73.2
2022-01-14T04:47:00 991.6 27.1 73.3
2022-01-14T04:48:00 991.6 27.0 73.2
2022-01-14T04:49:00 991.6 27.0 73.3
2022-01-14T04:50:00 991.6 27.1 73.3
2022-01-14T04:51:00 991.6 27.1 73.5
2022-01-14T04:52:00 991.6 27.1 73.6
2022-01-14T04:53:00 991.6 27.1 73.4
2022-01-14T04:54:00 991.6 27.1 73.5
2022-01-14T04:55:00 991.6 27.1 73.7
2022-01-14T04:56:00 991.6 27.1 73.7
2022-01-14T04:57:00 991.6 27.1 73.9
2022-01-14T04:58:00 991.6 27.1 74.0
2022-01-14T04:59:00 991.6 27.1 74.0
2022-01-14T05:00:00 991.6 27.1 73.8
2022-01-14T05:01:00 991.6 27.1 73.6
2022-01-14T05:02:00 991.6 27.1 73.0
2022-01-14T05:03:00 991.6 27.1 73.1
2022-01-14T05:04:00 991.6 27.1 73.4
2022-01-14T05:05:00 991.6 27.1 73.8
2022-01-14T05:06:00 991.6 27.1 73.5
2022-01-14T05:07:00 991.6 27.1 73.7
2022-01-14T05:08:00 991.5 27.1 73.7
2022-01-14T05:09:00 991.5 27.1 73.6
2022-01-14T05:10:00 991.5 27.1 72.9
2022-01-14T05:11:00 991.5 27.1 72.6
2022-01-14T05:12:00 991.5 27.1 72.3
2022-01-14T05:13:00 991.5 27.1 72.1
2022-01-14T05:14:00 991.5 27.1 72.2
2022-01-14T05:15:00 991.3 27.1 72.4
2022-01-14T05:16:00 991.3 27.1 72.6
2022-01-14T05:17:00 991.3 27.1 73.1
2022-01-14T05:18:00 991.3 27.1 72.7
2022-01-14T05:19:00 991.3 27.1 72.8
2022-01-14T05:20:00 991.5 27.1 73.4
2022-01-14T05:21:00 991.3 27.1 73.2
2022-01-14T05:22:00 991.3 27.1 74.0
2022-01-14T05:23:00 991.5 27.0 74.4
2022-01-14T05:24:00 991.5 27.0 73.9
2022-01-14T05:25:00 991.3 27.0 73.9
2022-01-14T05:26:00 991.3 27.0 74.6
2022-01-14T05:27:00 991.5 26.9 75.1
2022-01-14T05:28:00 991.3 26.8 75.5
2022-01-14T05:29:00 991.3 26.8 75.5
2022-01-14T05:30:00 991.3 26.7 75.1
2022-01-14T05:31:00 991.3 26.8 75.4
2022-01-14T05:32:00 991.3 26.7 75.4
2022-01-14T05:33:00 991.3 26.8 74.8
2022-01-14T05:34:00 991.3 26.8 75.3
2022-01-14T05:35:00 991.3 26.8 75.5
2022-01-14T05:36:00 991.3 26.8 75.8
2022-01-14T05:37:00 991.5 26.8 75.8
2022-01-14T05:38:00 991.3 26.8 76.1
2022-01-14T05:39:00 991.3 26.7 76.0
2022-01-14T05:40:00 991.5 26.7 75.6
2022-01-14T05:41:00 991.3 26.7 76.1
2022-01-14T05:42:00 991.5 26.7 76.2
2022-01-14T05:43:00 991.5 26.7 76.3
2022-01-14T05:44:00 991.5 26.7 76.5
2022-01-14T05:45:00 991.5 26.7 76.6
2022-01-14T05:46:00 991.5 26.7 76.8
2022-01-14T05:47:01 991.5 26.7 76.8
2022-01-14T05:48:00 991.3 26.7 75.7
2022-01-14T05:49:00 991.3 26.7 75.4
2022-01-14T05:50:00 991.3 26.8 75.2
2022-01-14T05:51:00 991.3 26.8 74.7
2022-01-14T05:52:01 991.3 26.9 75.0
2022-01-14T05:53:01 991.3 26.9 74.7
2022-01-14T05:54:01 991.3 26.9 75.4
2022-01-14T05:55:01 991.3 26.9 75.5
2022-01-14T05:56:00 991.3 26.9 75.2
2022-01-14T05:57:01 991.2 26.9 75.6
2022-01-14T05:58:01 991.3 26.9 75.1
2022-01-14T05:59:01 991.2 27.0 75.4
2022-01-14T06:00:00 991.3 27.0 75.8
2022-01-14T06:01:00 991.2 26.9 76.0
2022-01-14T06:02:01 991.3 26.9 76.4
2022-01-14T06:03:01 991.3 26.8 75.7
2022-01-14T06:04:01 991.3 26.9 75.1
2022-01-14T06:05:01 991.3 26.9 74.7
2022-01-14T06:06:00 991.3 26.9 74.7
2022-01-14T06:07:01 991.3 26.9 74.6
2022-01-14T06:08:01 991.3 27.0 74.8
2022-01-14T06:09:01 991.3 27.0 75.0
2022-01-14T06:10:01 991.3 27.0 74.3
2022-01-14T06:11:01 991.3 27.0 74.1
2022-01-14T06:12:01 991.3 27.0 74.3
2022-01-14T06:13:01 991.3 27.0 74.1
2022-01-14T06:14:01 991.3 27.0 74.1
2022-01-14T06:15:01 991.3 27.0 73.9
2022-01-14T06:16:00 991.3 27.0 73.7
2022-01-14T06:17:01 991.3 27.0 73.9
2022-01-14T06:18:01 991.3 27.0 74.1
2022-01-14T06:19:01 991.3 27.0 74.4
2022-01-14T06:20:01 991.5 27.0 74.3
2022-01-14T06:21:01 991.3 27.0 74.3
2022-01-14T06:22:01 991.3 27.0 74.0
2022-01-14T06:23:01 991.3 27.0 74.1
2022-01-14T06:24:01 991.3 27.0 74.1
2022-01-14T06:25:01 991.3 27.0 74.0
2022-01-14T06:26:00 991.3 27.1 74.2
2022-01-14T06:27:01 991.3 27.0 74.3
2022-01-14T06:28:01 991.3 27.0 74.4
2022-01-14T06:29:01 991.3 27.0 74.3
2022-01-14T06:30:01 991.3 27.0 74.3
2022-01-14T06:31:01 991.3 27.0 74.4
2022-01-14T06:32:01 991.3 27.0 74.6
2022-01-14T06:33:01 991.3 27.0 74.2
2022-01-14T06:34:01 991.3 27.0 74.4
2022-01-14T06:35:01 991.3 27.0 74.4
2022-01-14T06:36:01 991.3 27.0 74.4
2022-01-14T06:37:01 991.3 27.0 74.3
2022-01-14T06:38:01 991.3 27.0 74.3
2022-01-14T06:39:01 991.3 27.0 74.2
2022-01-14T06:40:01 991.3 27.0 74.3
2022-01-14T06:41:01 991.3 27.0 74.4
2022-01-14T06:42:01 991.3 27.0 74.6
2022-01-14T06:43:00 991.3 27.0 74.6
2022-01-14T06:44:01 991.3 27.0 75.0
2022-01-14T06:45:01 991.3 27.0 74.9
2022-01-14T06:46:01 991.3 27.0 74.6
2022-01-14T06:47:00 991.3 27.0 75.1
2022-01-14T06:48:01 991.3 27.0 75.5
2022-01-14T06:49:01 991.3 27.0 75.3
2022-01-14T06:50:01 991.3 27.0 75.3
2022-01-14T06:51:01 991.3 26.9 75.4
2022-01-14T06:52:01 991.3 27.0 75.5
2022-01-14T06:53:01 991.3 26.9 75.9
2022-01-14T06:54:00 991.3 26.9 75.9
2022-01-14T06:55:01 991.3 26.9 75.4
2022-01-14T06:56:01 991.3 26.9 75.3
2022-01-14T06:57:01 991.3 27.0 75.5
2022-01-14T06:58:01 991.3 27.0 75.3
2022-01-14T06:59:01 991.5 27.0 75.1
2022-01-14T07:00:01 991.5 27.0 75.3
2022-01-14T07:01:01 991.5 27.0 75.2
2022-01-14T07:02:01 991.5 27.0 75.3
2022-01-14T07:03:01 991.5 27.1 75.6
2022-01-14T07:04:00 991.5 27.1 75.5
2022-01-14T07:05:01 991.5 27.0 75.5
2022-01-14T07:06:01 991.6 27.1 75.3
2022-01-14T07:07:01 991.6 27.1 75.6
2022-01-14T07:08:01 991.5 27.1 74.9
2022-01-14T07:09:01 991.6 27.1 75.0
2022-01-14T07:10:01 991.5 27.1 75.1
2022-01-14T07:11:01 991.5 27.2 75.5
2022-01-14T07:12:01 991.5 27.2 75.4
2022-01-14T07:13:01 991.5 27.2 75.1
2022-01-14T07:14:00 991.5 27.2 75.1
2022-01-14T07:15:01 991.5 27.2 75.4
2022-01-14T07:16:01 991.6 27.2 75.0
2022-01-14T07:17:01 991.5 27.2 75.2
2022-01-14T07:18:01 991.6 27.2 75.3
2022-01-14T07:19:01 991.5 27.2 75.8
2022-01-14T07:20:01 991.6 27.2 76.0
2022-01-14T07:21:01 991.6 27.2 75.9
2022-01-14T07:22:01 991.5 27.2 75.8
2022-01-14T07:23:01 991.5 27.2 75.6
2022-01-14T07:24:00 991.5 27.2 75.6
2022-01-14T07:25:01 991.6 27.2 75.8
2022-01-14T07:26:01 991.5 27.2 75.9
2022-01-14T07:27:01 991.5 27.3 75.4
2022-01-14T07:28:01 991.5 27.2 75.6
2022-01-14T07:29:01 991.5 27.3 75.5
2022-01-14T07:30:01 991.5 27.2 75.6
2022-01-14T07:31:01 991.5 27.2 75.4
2022-01-14T07:32:01 991.5 27.3 75.1
2022-01-14T07:33:01 991.5 27.3 74.9
2022-01-14T07:34:00 991.5 27.3 74.9
2022-01-14T07:35:01 991.5 27.3 75.0
2022-01-14T07:36:01 991.6 27.3 75.2
2022-01-14T07:37:01 991.6 27.3 75.1
2022-01-14T07:38:01 991.6 27.3 75.2
2022-01-14T07:39:01 991.6 27.3 75.5
2022-01-14T07:40:01 991.6 27.3 75.6
2022-01-14T07:41:01 991.6 27.3 75.3
2022-01-14T07:42:01 991.6 27.3 75.2
2022-01-14T07:43:01 991.6 27.3 75.7
2022-01-14T07:44:00 991.6 27.3 76.2
2022-01-14T07:45:01 991.6 27.3 76.8
2022-01-14T07:46:01 991.6 27.3 76.8
2022-01-14T07:47:01 991.6 27.2 77.1
2022-01-14T07:48:01 991.6 27.2 76.9
2022-01-14T07:49:01 991.6 27.2 76.8
2022-01-14T07:50:01 991.6 27.2 76.9
2022-01-14T07:51:01 991.6 27.1 77.0
2022-01-14T07:52:01 991.6 27.1 77.1
2022-01-14T07:53:01 991.6 27.1 77.3
2022-01-14T07:54:00 991.6 27.1 77.4
2022-01-14T07:55:01 991.6 27.1 77.5
2022-01-14T07:56:01 991.6 27.0 77.3
2022-01-14T07:57:01 991.6 27.0 77.4
2022-01-14T07:58:01 991.6 27.0 77.5
2022-01-14T07:59:01 991.8 27.0 77.4
2022-01-14T08:00:01 991.8 26.9 77.5
2022-01-14T08:01:01 991.8 26.9 77.4
2022-01-14T08:02:01 991.8 26.9 77.2
2022-01-14T08:03:01 991.8 26.9 76.8
2022-01-14T08:04:00 991.9 26.9 76.8
2022-01-14T08:05:01 991.9 26.9 77.0
2022-01-14T08:06:01 991.8 26.9 76.9
2022-01-14T08:07:01 991.9 26.9 77.0
2022-01-14T08:08:01 991.9 26.9 77.1
2022-01-14T08:09:01 991.9 26.9 77.2
2022-01-14T08:10:01 991.9 26.9 77.4
2022-01-14T08:11:01 991.9 26.9 77.4
2022-01-14T08:12:01 991.9 26.9 77.3
2022-01-14T08:13:01 991.9 26.9 77.4
2022-01-14T08:14:00 992.1 26.9 77.3
2022-01-14T08:15:01 992.1 26.9 77.4
2022-01-14T08:16:01 992.1 26.9 77.4
2022-01-14T08:17:01 992.1 26.9 77.3
2022-01-14T08:18:01 992.1 26.9 77.3
2022-01-14T08:19:01 992.1 26.9 77.5
2022-01-14T08:20:01 992.1 26.9 77.4
2022-01-14T08:21:00 992.1 26.9 77.2
2022-01-14T08:22:01 992.1 26.9 76.9
2022-01-14T08:23:01 992.1 26.9 76.9
2022-01-14T08:24:01 992.1 26.9 77.2
2022-01-14T08:25:01 992.1 27.0 77.5
2022-01-14T08:26:01 992.1 27.0 77.7
2022-01-14T08:27:01 992.1 26.9 77.7
2022-01-14T08:28:01 992.1 27.0 77.6
2022-01-14T08:29:01 992.1 27.0 77.4
2022-01-14T08:30:01 992.2 27.0 77.4
2022-01-14T08:31:00 992.2 27.0 77.5
2022-01-14T08:32:01 992.2 27.0 77.4
2022-01-14T08:33:01 992.2 27.0 77.4
2022-01-14T08:34:01 992.2 27.0 77.4
2022-01-14T08:35:01 992.2 27.0 77.3
2022-01-14T08:36:01 992.2 27.1 77.4
2022-01-14T08:37:01 992.2 27.1 77.1
2022-01-14T08:38:00 992.2 27.0 77.3
2022-01-14T08:39:01 992.2 27.1 77.4
2022-01-14T08:40:01 992.4 27.1 77.4
2022-01-14T08:41:01 992.4 27.1 77.2
2022-01-14T08:42:01 992.4 27.1 77.0
2022-01-14T08:43:01 992.4 27.1 77.2
2022-01-14T08:44:01 992.4 27.1 77.3
2022-01-14T08:45:00 992.4 27.1 77.1
2022-01-14T08:46:01 992.4 27.1 77.1
2022-01-14T08:47:01 992.4 27.1 77.1
2022-01-14T08:48:01 992.4 27.1 77.0
2022-01-14T08:49:01 992.4 27.1 77.0
2022-01-14T08:50:01 992.5 27.1 76.7
2022-01-14T08:51:01 992.5 27.1 76.5
2022-01-14T08:52:00 992.4 27.1 76.3
2022-01-14T08:53:01 992.5 27.1 76.4
2022-01-14T08:54:01 992.5 27.1 76.5
2022-01-14T08:55:01 992.5 27.1 76.6
2022-01-14T08:56:01 992.5 27.1 76.4
2022-01-14T08:57:01 992.5 27.1 76.4
2022-01-14T08:58:01 992.5 27.1 76.6
2022-01-14T08:59:01 992.5 27.1 76.5
2022-01-14T09:00:01 992.5 27.1 76.5
2022-01-14T09:01:01 992.5 27.1 76.1
2022-01-14T09:02:00 992.5 27.1 76.3
2022-01-14T09:03:01 992.5 27.1 76.1
2022-01-14T09:04:01 992.5 27.1 76.3
2022-01-14T09:05:01 992.5 27.1 76.6
2022-01-14T09:06:01 992.5 27.1 76.5
2022-01-14T09:07:01 992.5 27.1 76.3
2022-01-14T09:08:01 992.5 27.1 76.4
2022-01-14T09:09:01 992.5 27.1 76.4
2022-01-14T09:10:01 992.5 27.1 76.4
2022-01-14T09:11:01 992.5 27.1 76.4
2022-01-14T09:12:00 992.7 27.1 76.1
2022-01-14T09:13:01 992.7 27.1 76.4
2022-01-14T09:14:01 992.7 27.1 76.4
2022-01-14T09:15:01 992.7 27.1 76.5
2022-01-14T09:16:01 992.7 27.1 76.3
2022-01-14T09:17:01 992.7 27.2 76.3
2022-01-14T09:18:01 992.7 27.2 76.4
2022-01-14T09:19:01 992.7 27.2 76.3
2022-01-14T09:20:01 992.7 27.2 76.3
2022-01-14T09:21:01 992.8 27.2 76.2
2022-01-14T09:22:00 992.8 27.2 76.1
2022-01-14T09:23:01 992.8 27.2 76.0
2022-01-14T09:24:01 992.8 27.2 75.9
2022-01-14T09:25:01 992.8 27.2 76.0
2022-01-14T09:26:01 992.8 27.2 76.3
2022-01-14T09:27:01 992.8 27.2 76.2
2022-01-14T09:28:01 992.8 27.2 76.0
2022-01-14T09:29:01 992.8 27.2 75.9
2022-01-14T09:30:01 992.8 27.2 75.7
2022-01-14T09:31:01 992.8 27.2 75.6
2022-01-14T09:32:00 992.8 27.3 75.5
2022-01-14T09:33:01 993.0 27.3 75.6
2022-01-14T09:34:01 993.0 27.3 75.4
2022-01-14T09:35:01 993.0 27.3 75.2
2022-01-14T09:36:01 993.0 27.3 75.5
2022-01-14T09:37:01 993.0 27.3 76.0
2022-01-14T09:38:01 993.0 27.3 75.7
2022-01-14T09:39:01 993.0 27.3 75.3
2022-01-14T09:40:01 993.1 27.3 75.3
2022-01-14T09:41:01 993.1 27.3 75.7
2022-01-14T09:42:00 993.1 27.3 75.9
2022-01-14T09:43:01 993.1 27.3 75.9
2022-01-14T09:44:01 993.1 27.3 75.7
2022-01-14T09:45:01 993.1 27.3 75.4
2022-01-14T09:46:01 993.1 27.4 75.2
2022-01-14T09:47:01 993.1 27.4 75.1
2022-01-14T09:48:01 993.1 27.4 75.2
2022-01-14T09:49:01 993.1 27.4 75.5
2022-01-14T09:50:01 993.1 27.4 75.8
2022-01-14T09:51:01 993.1 27.4 75.8
2022-01-14T09:52:00 993.1 27.4 75.6
2022-01-14T09:53:01 993.1 27.4 75.3
2022-01-14T09:54:01 993.1 27.4 74.8
2022-01-14T09:55:01 993.1 27.4 75.0
2022-01-14T09:56:01 993.1 27.4 75.2
2022-01-14T09:57:01 993.1 27.5 74.6
2022-01-14T09:58:01 993.1 27.6 74.2
2022-01-14T09:59:01 993.1 27.7 74.5
2022-01-14T10:00:01 993.1 27.7 74.3
2022-01-14T10:01:01 993.1 27.8 74.1
2022-01-14T10:02:00 993.1 27.9 73.6
2022-01-14T10:03:01 993.3 27.9 73.6
2022-01-14T10:04:01 993.3 28.0 73.9
2022-01-14T10:05:01 993.3 28.1 73.4
2022-01-14T10:06:01 993.3 28.1 73.5
2022-01-14T10:07:01 993.3 28.2 73.1
2022-01-14T10:08:01 993.3 28.3 72.9
2022-01-14T10:09:00 993.3 28.2 73.3
2022-01-14T10:10:01 993.3 28.2 73.5
2022-01-14T10:11:01 993.5 28.2 73.5
2022-01-14T10:12:01 993.5 28.1 73.5
2022-01-14T10:13:01 993.5 28.1 73.7
2022-01-14T10:14:01 993.5 28.0 73.9
2022-01-14T10:15:01 993.5 28.0 74.3
2022-01-14T10:16:00 993.5 28.0 74.2
2022-01-14T10:17:01 993.5 28.0 73.7
2022-01-14T10:18:01 993.5 28.0 73.8
2022-01-14T10:19:01 993.5 28.0 73.6
2022-01-14T10:20:01 993.6 28.0 73.9
2022-01-14T10:21:01 993.6 28.0 73.7
2022-01-14T10:22:01 993.6 28.1 73.8
2022-01-14T10:23:01 993.6 28.1 73.9
2022-01-14T10:24:01 993.6 28.1 74.1
2022-01-14T10:25:01 993.6 28.2 73.9
2022-01-14T10:26:00 993.6 28.2 73.5
2022-01-14T10:27:01 993.6 28.2 73.5
2022-01-14T10:28:01 993.6 28.2 73.7
2022-01-14T10:29:01 993.6 28.2 74.1
2022-01-14T10:30:01 993.6 28.2 74.2
2022-01-14T10:31:01 993.6 28.3 73.4
2022-01-14T10:32:01 993.6 28.5 72.6
2022-01-14T10:33:01 993.6 28.5 72.3
2022-01-14T10:34:01 993.8 28.5 72.9
2022-01-14T10:35:01 993.6 28.6 72.6
2022-01-14T10:36:00 993.6 28.6 72.3
2022-01-14T10:37:01 993.8 28.6 72.3
2022-01-14T10:38:01 993.8 28.6 72.3
2022-01-14T10:39:01 993.8 28.7 72.3
2022-01-14T10:40:01 993.8 28.8 72.1
2022-01-14T10:41:01 993.8 28.9 72.1
2022-01-14T10:42:01 993.8 29.1 70.5
2022-01-14T10:43:01 993.8 29.1 70.3
2022-01-14T10:44:01 993.8 29.2 70.1
2022-01-14T10:45:01 993.8 29.3 70.3
2022-01-14T10:46:00 993.8 29.4 69.9
2022-01-14T10:47:01 993.8 29.5 70.0
2022-01-14T10:48:01 993.8 29.6 69.9
2022-01-14T10:49:01 993.8 29.7 68.8
2022-01-14T10:50:01 993.8 29.8 68.8
2022-01-14T10:51:01 993.8 29.7 69.3
2022-01-14T10:52:01 993.8 29.7 68.7
2022-01-14T10:53:01 993.8 29.6 68.8
2022-01-14T10:54:01 993.8 29.6 69.0
2022-01-14T10:55:01 993.8 29.5 69.7
2022-01-14T10:56:00 993.8 29.5 70.0
2022-01-14T10:57:01 993.8 29.5 70.0
2022-01-14T10:58:01 993.8 29.4 70.5
2022-01-14T10:59:01 993.8 29.4 70.4
2022-01-14T11:00:01 993.9 29.3 70.5
2022-01-14T11:01:01 993.9 29.3 70.5
2022-01-14T11:02:01 993.9 29.2 70.6
2022-01-14T11:03:01 993.9 29.2 71.1
2022-01-14T11:04:01 993.9 29.2 71.3
2022-01-14T11:05:01 993.9 29.2 71.6
2022-01-14T11:06:00 993.9 29.2 71.5
2022-01-14T11:07:01 993.9 29.3 71.2
2022-01-14T11:08:01 993.9 29.2 70.8
2022-01-14T11:09:01 994.1 29.2 70.9
2022-01-14T11:10:01 993.9 29.2 70.8
2022-01-14T11:11:01 994.1 29.3 70.6
2022-01-14T11:12:01 994.1 29.3 70.0
2022-01-14T11:13:00 994.1 29.3 69.9
2022-01-14T11:14:01 994.1 29.3 70.1
2022-01-14T11:15:01 994.1 29.4 70.5
2022-01-14T11:16:01 994.2 29.6 69.6
2022-01-14T11:17:01 994.2 29.7 69.1
2022-01-14T11:18:01 994.2 29.8 68.8
2022-01-14T11:19:01 994.1 29.9 68.9
2022-01-14T11:20:01 994.2 30.0 68.7
2022-01-14T11:21:01 994.2 30.0 68.0
2022-01-14T11:22:01 994.2 29.9 68.5
2022-01-14T11:23:00 994.2 29.8 68.9
2022-01-14T11:24:01 994.2 29.8 68.8
2022-01-14T11:25:01 994.2 29.7 68.7
2022-01-14T11:26:01 994.2 29.8 68.9
2022-01-14T11:27:01 994.2 29.7 69.3
2022-01-14T11:28:01 994.2 29.7 69.3
2022-01-14T11:29:01 994.2 29.6 69.8
2022-01-14T11:30:00 994.2 29.6 69.6
2022-01-14T11:31:01 994.2 29.6 69.7
2022-01-14T11:32:01 994.2 29.7 70.0
2022-01-14T11:33:01 994.2 29.7 69.5
2022-01-14T11:34:01 994.4 29.7 69.6
2022-01-14T11:35:01 994.4 29.7 69.7
2022-01-14T11:36:01 994.4 29.7 69.3
2022-01-14T11:37:01 994.4 29.7 69.1
2022-01-14T11:38:01 994.4 29.7 69.3
2022-01-14T11:39:01 994.4 29.7 69.9
2022-01-14T11:40:01 994.4 29.7 69.3
2022-01-14T11:41:01 994.4 29.7 69.2
2022-01-14T11:42:01 994.5 29.6 69.4
2022-01-14T11:43:01 994.5 29.6 68.6
2022-01-14T11:44:01 994.5 29.6 69.3
2022-01-14T11:45:01 994.5 29.6 68.9
2022-01-14T11:46:01 994.5 29.6 69.3
2022-01-14T11:47:01 994.5 29.6 68.9
2022-01-14T11:48:01 994.5 29.6 69.1
2022-01-14T11:49:01 994.5 29.6 69.6
2022-01-14T11:50:01 994.5 29.5 69.5
2022-01-14T11:51:00 994.7 29.5 69.5
2022-01-14T11:52:01 994.5 29.5 69.2
2022-01-14T11:53:01 994.7 29.5 69.4
2022-01-14T11:54:01 994.7 29.6 69.4
2022-01-14T11:55:01 994.7 29.7 69.1
2022-01-14T11:56:01 994.7 29.8 69.7
2022-01-14T11:57:01 994.7 30.0 69.8
2022-01-14T11:58:01 994.7 30.2 68.4
2022-01-14T11:59:01 994.7 30.4 67.3
2022-01-14T12:00:01 994.7 30.5 66.7
2022-01-14T12:01:00 994.7 30.6 66.2
2022-01-14T12:02:01 994.7 30.6 66.9
2022-01-14T12:03:01 994.7 30.6 66.3
2022-01-14T12:04:01 994.7 30.7 66.8
2022-01-14T12:05:01 994.7 30.7 66.7
2022-01-14T12:06:01 994.7 30.8 66.8
2022-01-14T12:07:01 994.7 30.9 66.5
2022-01-14T12:08:01 994.7 31.0 65.5
2022-01-14T12:09:01 994.7 31.1 65.5
2022-01-14T12:10:01 994.7 31.1 66.3
2022-01-14T12:11:00 994.7 31.2 65.8
2022-01-14T12:12:01 994.7 31.3 65.6
2022-01-14T12:13:01 994.7 31.4 65.4
2022-01-14T12:14:01 994.7 31.5 65.1
2022-01-14T12:15:01 994.7 31.7 64.0
2022-01-14T12:16:01 994.8 31.8 63.3
2022-01-14T12:17:01 994.7 31.7 63.3
2022-01-14T12:18:01 994.7 31.7 63.9
2022-01-14T12:19:01 994.8 31.5 63.7
2022-01-14T12:20:01 994.8 31.5 64.9
2022-01-14T12:21:00 994.8 31.7 64.0
2022-01-14T12:22:01 994.8 31.8 63.1
2022-01-14T12:23:01 994.8 31.8 63.0
2022-01-14T12:24:01 994.8 31.7 63.8
2022-01-14T12:25:01 994.8 31.7 64.8
2022-01-14T12:26:01 994.8 31.8 64.7
2022-01-14T12:27:01 994.8 32.0 63.7
2022-01-14T12:28:01 994.8 32.0 63.3
2022-01-14T12:29:01 994.8 32.1 63.2
2022-01-14T12:30:01 994.8 32.2 62.7
2022-01-14T12:31:00 994.8 32.2 62.7
2022-01-14T12:32:01 994.8 32.2 61.8
2022-01-14T12:33:01 994.8 32.2 61.7
2022-01-14T12:34:01 994.8 32.1 62.9
2022-01-14T12:35:01 994.8 32.1 62.2
2022-01-14T12:36:01 994.8 32.1 63.1
2022-01-14T12:37:01 994.8 32.2 62.9
2022-01-14T12:38:00 994.8 32.3 62.7
2022-01-14T12:39:01 994.8 32.4 61.5
2022-01-14T12:40:01 994.8 32.4 62.0
2022-01-14T12:41:01 994.8 32.5 60.9
2022-01-14T12:42:01 994.8 32.5 61.2
2022-01-14T12:43:01 994.8 32.5 61.5
2022-01-14T12:44:01 994.8 32.5 61.1
2022-01-14T12:45:00 994.8 32.4 61.6
2022-01-14T12:46:01 994.8 32.3 62.0
2022-01-14T12:47:01 994.8 32.4 62.5
2022-01-14T12:48:01 994.8 32.6 62.1
2022-01-14T12:49:01 994.8 32.7 62.0
2022-01-14T12:50:01 994.8 32.7 60.2
2022-01-14T12:51:01 994.8 32.6 61.4
2022-01-14T12:52:01 994.8 32.6 61.2
2022-01-14T12:53:01 994.8 32.8 60.3
2022-01-14T12:54:01 994.8 32.8 59.7
2022-01-14T12:55:00 994.8 32.7 58.9
2022-01-14T12:56:01 994.8 32.4 59.7
2022-01-14T12:57:01 994.8 32.2 59.8
2022-01-14T12:58:01 994.8 32.1 61.0
2022-01-14T12:59:01 994.8 32.1 61.6
2022-01-14T13:00:01 995.0 32.1 61.3
2022-01-14T13:01:01 995.0 32.1 60.5
2022-01-14T13:02:00 994.8 32.0 60.7
2022-01-14T13:03:01 994.8 31.9 61.2
2022-01-14T13:04:01 994.8 31.8 61.0
2022-01-14T13:05:01 994.8 31.9 61.3
2022-01-14T13:06:01 994.8 32.0 61.0
2022-01-14T13:07:01 994.8 31.8 61.4
2022-01-14T13:08:01 994.8 31.8 62.3
2022-01-14T13:09:01 994.8 31.8 61.8
2022-01-14T13:10:01 994.8 32.0 61.1
2022-01-14T13:11:01 994.8 32.1 60.9
2022-01-14T13:12:00 995.0 32.1 60.9
2022-01-14T13:13:01 995.0 32.3 60.3
2022-01-14T13:14:01 995.0 32.3 60.1
2022-01-14T13:15:01 995.0 32.1 60.7
2022-01-14T13:16:01 994.8 31.9 61.4
2022-01-14T13:17:01 994.8 31.9 62.2
2022-01-14T13:18:01 994.8 31.9 62.4
2022-01-14T13:19:01 994.8 32.0 61.4
2022-01-14T13:20:01 994.8 32.0 61.9
2022-01-14T13:21:01 995.0 32.1 61.2
2022-01-14T13:22:00 994.8 32.2 60.2
2022-01-14T13:23:01 994.8 32.2 61.1
2022-01-14T13:24:01 994.8 32.2 60.8
2022-01-14T13:25:01 994.8 32.3 60.3
2022-01-14T13:26:01 994.8 32.2 60.3
2022-01-14T13:27:01 994.8 32.0 60.9
2022-01-14T13:28:01 994.8 31.9 61.5
2022-01-14T13:29:01 994.8 31.9 61.2
2022-01-14T13:30:01 994.8 32.0 61.3
2022-01-14T13:31:01 994.8 32.2 60.9
2022-01-14T13:32:01 994.8 32.4 60.3
2022-01-14T13:33:01 994.8 32.5 59.8
2022-01-14T13:34:01 994.8 32.6 59.1
2022-01-14T13:35:01 994.8 32.7 58.7
2022-01-14T13:36:01 994.8 32.8 58.8
2022-01-14T13:37:01 994.8 33.0 59.0
2022-01-14T13:38:01 994.8 33.2 57.8
2022-01-14T13:39:00 994.8 33.5 57.0
2022-01-14T13:40:01 994.8 33.5 56.5
2022-01-14T13:41:01 994.8 33.5 56.3
2022-01-14T13:42:01 994.8 33.5 57.0
2022-01-14T13:43:01 994.8 33.6 56.4
2022-01-14T13:44:01 994.8 33.7 56.1
2022-01-14T13:45:01 994.8 33.8 55.9
2022-01-14T13:46:01 994.8 33.9 55.3
2022-01-14T13:47:01 994.8 34.0 55.9
2022-01-14T13:48:01 994.8 34.0 54.6
2022-01-14T13:49:00 994.8 34.1 55.3
2022-01-14T13:50:01 994.8 34.1 54.4
2022-01-14T13:51:01 994.8 34.0 54.4
2022-01-14T13:52:01 994.8 33.9 55.1
2022-01-14T13:53:01 994.8 33.7 55.2
2022-01-14T13:54:01 994.8 33.6 56.1
2022-01-14T13:55:01 994.8 33.5 56.7
2022-01-14T13:56:01 994.8 33.5 57.0
2022-01-14T13:57:01 994.8 33.6 56.5
2022-01-14T13:58:01 994.8 33.6 56.7
2022-01-14T13:59:00 994.8 33.7 56.7
2022-01-14T14:00:01 994.8 33.8 56.0
2022-01-14T14:01:01 994.8 34.0 55.4
2022-01-14T14:02:01 994.8 34.1 55.5
2022-01-14T14:03:01 994.8 34.2 55.5
2022-01-14T14:04:01 994.8 34.1 54.9
2022-01-14T14:05:01 994.8 34.1 55.4
2022-01-14T14:06:01 994.8 33.9 56.2
2022-01-14T14:07:01 994.8 33.9 56.4
2022-01-14T14:08:01 994.8 33.9 57.1
2022-01-14T14:09:00 994.8 34.0 55.9
2022-01-14T14:10:01 994.8 34.0 55.4
2022-01-14T14:11:01 994.7 34.0 55.8
2022-01-14T14:12:01 994.7 34.0 55.7
2022-01-14T14:13:01 994.7 33.8 55.8
2022-01-14T14:14:01 994.7 33.9 56.1
2022-01-14T14:15:01 994.7 34.0 56.1
2022-01-14T14:16:01 994.7 34.0 56.1
2022-01-14T14:17:01 994.5 34.1 57.4
2022-01-14T14:18:01 994.5 34.3 55.4
2022-01-14T14:19:00 994.5 34.3 55.1
2022-01-14T14:20:01 994.5 34.3 54.4
2022-01-14T14:21:01 994.5 34.3 55.5
2022-01-14T14:22:01 994.5 34.3 55.0
2022-01-14T14:23:01 994.5 34.3 54.2
2022-01-14T14:24:01 994.5 34.2 54.8
2022-01-14T14:25:01 994.5 34.0 55.1
2022-01-14T14:26:01 994.5 33.8 55.7
2022-01-14T14:27:01 994.5 33.6 56.5
2022-01-14T14:28:01 994.4 33.4 57.5
2022-01-14T14:29:00 994.4 33.3 57.2
2022-01-14T14:30:01 994.4 33.4 58.1
2022-01-14T14:31:01 994.4 33.5 57.0
2022-01-14T14:32:01 994.4 33.7 56.4
2022-01-14T14:33:01 994.4 33.6 57.0
2022-01-14T14:34:01 994.4 33.7 57.4
2022-01-14T14:35:01 994.4 33.6 56.7
2022-01-14T14:36:00 994.4 33.5 57.0
2022-01-14T14:37:01 994.4 33.4 57.8
2022-01-14T14:38:01 994.4 33.4 56.1
2022-01-14T14:39:01 994.4 33.3 55.3
2022-01-14T14:40:01 994.4 33.4 55.8
2022-01-14T14:41:01 994.2 33.5 55.3
2022-01-14T14:42:01 994.2 33.5 55.3
2022-01-14T14:43:00 994.4 33.6 55.3
2022-01-14T14:44:01 994.4 33.7 54.7
2022-01-14T14:45:01 994.2 33.7 55.1
2022-01-14T14:46:01 994.4 33.8 54.4
2022-01-14T14:47:01 994.4 33.9 54.9
2022-01-14T14:48:01 994.2 34.0 54.1
2022-01-14T14:49:01 994.2 34.0 53.9
2022-01-14T14:50:00 994.2 34.1 54.0
2022-01-14T14:51:01 994.2 34.1 54.2
2022-01-14T14:52:01 994.4 33.8 54.6
2022-01-14T14:53:01 994.2 33.7 55.8
2022-01-14T14:54:01 994.2 33.8 56.0
2022-01-14T14:55:01 994.2 33.8 55.5
2022-01-14T14:56:01 994.2 33.9 56.0
2022-01-14T14:57:01 994.2 33.9 56.6
2022-01-14T14:58:01 994.2 34.1 55.8
2022-01-14T14:59:01 994.2 34.0 55.3
2022-01-14T15:00:00 994.2 33.8 55.9
2022-01-14T15:01:01 994.2 33.8 55.8
2022-01-14T15:02:01 994.2 33.8 56.2
2022-01-14T15:03:01 994.2 34.0 55.8
2022-01-14T15:04:01 994.2 34.1 54.9
2022-01-14T15:05:01 994.2 34.3 55.5
2022-01-14T15:06:01 994.2 34.3 55.9
2022-01-14T15:07:01 994.1 34.4 55.0
2022-01-14T15:08:01 994.1 34.4 57.1
2022-01-14T15:09:01 994.1 34.4 55.7
2022-01-14T15:10:00 994.1 34.5 55.9
2022-01-14T15:11:01 994.1 34.6 54.3
2022-01-14T15:12:01 994.1 34.7 52.3
2022-01-14T15:13:01 994.1 34.8 51.5
2022-01-14T15:14:01 993.9 35.0 51.9
2022-01-14T15:15:01 993.9 35.2 50.9
2022-01-14T15:16:01 993.9 35.1 51.4
2022-01-14T15:17:00 993.9 35.1 53.4
2022-01-14T15:18:01 993.9 34.9 54.7
2022-01-14T15:19:01 993.9 34.7 55.5
2022-01-14T15:20:01 993.7 34.7 54.1
2022-01-14T15:21:01 993.7 34.8 53.0
2022-01-14T15:22:01 993.9 35.1 51.1
2022-01-14T15:23:01 993.7 35.1 50.9
2022-01-14T15:24:01 993.7 35.1 51.0
2022-01-14T15:25:01 993.7 35.0 51.8
2022-01-14T15:26:01 993.7 34.9 52.2
2022-01-14T15:27:00 993.9 34.9 52.1
2022-01-14T15:28:01 993.7 34.7 52.0
2022-01-14T15:29:01 993.7 34.5 55.4
2022-01-14T15:30:01 993.7 34.3 56.0
2022-01-14T15:31:01 993.7 34.1 57.0
2022-01-14T15:32:01 993.7 34.0 57.8
2022-01-14T15:33:01 993.7 34.0 56.9
2022-01-14T15:34:01 993.7 33.8 57.9
2022-01-14T15:35:01 993.7 34.0 58.1
2022-01-14T15:36:01 993.7 34.0 57.6
2022-01-14T15:37:00 993.7 34.0 58.2
2022-01-14T15:38:01 993.7 34.1 57.3
2022-01-14T15:39:01 993.6 34.1 57.2
2022-01-14T15:40:01 993.6 34.1 58.6
2022-01-14T15:41:01 993.6 34.0 58.9
2022-01-14T15:42:01 993.6 33.9 58.6
2022-01-14T15:43:01 993.6 34.0 57.5
2022-01-14T15:44:01 993.6 34.0 58.3
2022-01-14T15:45:01 993.6 34.1 56.8
2022-01-14T15:46:01 993.6 34.2 56.5
2022-01-14T15:47:00 993.6 34.3 56.5
2022-01-14T15:48:01 993.6 34.4 57.1
2022-01-14T15:49:01 993.4 34.7 55.9
2022-01-14T15:50:01 993.6 34.7 56.8
2022-01-14T15:51:01 993.4 34.8 57.2
2022-01-14T15:52:01 993.4 34.9 55.4
2022-01-14T15:53:01 993.4 35.0 55.0
2022-01-14T15:54:01 993.4 35.1 54.6
2022-01-14T15:55:01 993.4 35.1 54.5
2022-01-14T15:56:01 993.4 35.0 54.7
2022-01-14T15:57:00 993.3 34.9 54.9
2022-01-14T15:58:01 993.3 34.9 55.4
2022-01-14T15:59:01 993.3 34.8 55.4
2022-01-14T16:00:01 993.3 34.9 55.9
2022-01-14T16:01:01 993.3 34.9 55.6
2022-01-14T16:02:01 993.3 34.9 57.1
2022-01-14T16:03:01 993.3 35.0 56.3
2022-01-14T16:04:01 993.3 35.1 55.9
2022-01-14T16:05:01 993.1 35.0 55.9
2022-01-14T16:06:01 993.1 34.8 54.7
2022-01-14T16:07:00 993.1 34.4 55.8
2022-01-14T16:08:01 993.1 34.2 56.8
2022-01-14T16:09:01 993.1 34.0 57.2
2022-01-14T16:10:01 993.1 34.0 57.1
2022-01-14T16:11:01 993.1 33.9 57.4
2022-01-14T16:12:01 993.1 34.0 57.8
2022-01-14T16:13:01 993.1 34.0 58.3
2022-01-14T16:14:00 993.1 34.0 58.4
2022-01-14T16:15:01 993.1 33.6 59.1
2022-01-14T16:16:01 993.1 33.3 59.3
2022-01-14T16:17:01 993.1 33.2 60.6
2022-01-14T16:18:01 993.1 33.2 60.9
2022-01-14T16:19:01 993.1 33.0 61.2
2022-01-14T16:20:01 993.1 33.0 60.9
2022-01-14T16:21:01 993.1 32.9 61.1
2022-01-14T16:22:01 993.1 32.9 61.3
2022-01-14T16:23:01 993.1 32.8 61.7
2022-01-14T16:24:00 993.1 32.7 62.2
2022-01-14T16:25:01 993.1 32.7 62.1
2022-01-14T16:26:01 993.1 32.7 65.8
2022-01-14T16:27:01 993.1 32.6 69.7
2022-01-14T16:28:01 993.1 32.2 69.4
2022-01-14T16:29:01 993.1 32.0 71.0
2022-01-14T16:30:01 993.1 31.7 71.8
2022-01-14T16:31:00 993.1 31.6 72.2
2022-01-14T16:32:01 993.0 31.5 71.3
2022-01-14T16:33:01 993.0 31.4 71.8
2022-01-14T16:34:01 993.0 31.3 71.3
2022-01-14T16:35:01 993.0 31.1 72.4
2022-01-14T16:36:01 993.0 31.0 73.5
2022-01-14T16:37:01 993.0 31.0 72.8
2022-01-14T16:38:01 993.0 30.9 73.4
2022-01-14T16:39:01 993.0 31.0 72.1
2022-01-14T16:40:01 993.0 31.1 71.5
2022-01-14T16:41:00 993.0 31.2 71.2
2022-01-14T16:42:01 993.0 31.3 70.8
2022-01-14T16:43:01 993.0 31.5 70.1
2022-01-14T16:44:01 993.0 31.6 67.4
2022-01-14T16:45:01 993.0 31.7 68.6
2022-01-14T16:46:01 993.0 31.9 68.9
2022-01-14T16:47:01 992.8 32.1 67.9
2022-01-14T16:48:01 992.8 32.2 65.1
2022-01-14T16:49:01 992.8 32.3 64.7
2022-01-14T16:50:01 992.8 32.4 65.0
2022-01-14T16:51:00 992.8 32.5 67.3
2022-01-14T16:52:01 992.7 32.6 64.6
2022-01-14T16:53:01 992.7 32.7 63.7
2022-01-14T16:54:01 992.7 32.8 64.1
2022-01-14T16:55:01 992.7 32.9 63.3
2022-01-14T16:56:01 992.7 33.0 60.9
2022-01-14T16:57:01 992.7 33.0 62.2
2022-01-14T16:58:00 992.7 33.0 61.3
2022-01-14T16:59:01 992.7 33.0 62.5
2022-01-14T17:00:01 992.7 33.1 61.5
2022-01-14T17:01:01 992.7 33.0 61.2
2022-01-14T17:02:01 992.7 32.9 61.0
2022-01-14T17:03:01 992.7 32.8 61.8
2022-01-14T17:04:01 992.5 32.8 62.5
2022-01-14T17:05:00 992.5 32.9 62.0
2022-01-14T17:06:01 992.5 33.1 62.7
2022-01-14T17:07:01 992.5 33.2 62.2
2022-01-14T17:08:01 992.5 33.2 61.0
2022-01-14T17:09:01 992.4 33.4 60.9
2022-01-14T17:10:01 992.4 33.5 60.1
2022-01-14T17:11:01 992.4 33.7 59.2
2022-01-14T17:12:00 992.4 33.8 57.8
2022-01-14T17:13:01 992.4 33.9 58.4
2022-01-14T17:14:01 992.2 33.9 58.8
2022-01-14T17:15:01 992.4 33.9 59.0
2022-01-14T17:16:01 992.2 34.0 59.2
2022-01-14T17:17:01 992.2 33.9 58.9
2022-01-14T17:18:01 992.2 34.0 58.7
2022-01-14T17:19:01 992.2 34.1 57.8
2022-01-14T17:20:01 992.2 34.3 57.8
2022-01-14T17:21:01 992.2 34.4 56.9
2022-01-14T17:22:00 992.2 34.3 57.5
2022-01-14T17:23:01 992.2 34.2 58.5
2022-01-14T17:24:01 992.2 34.3 58.5
2022-01-14T17:25:01 992.2 34.3 57.0
2022-01-14T17:26:01 992.2 34.2 57.2
2022-01-14T17:27:01 992.2 34.3 57.0
2022-01-14T17:28:01 992.2 34.3 56.9
2022-01-14T17:29:01 992.2 34.3 57.0
2022-01-14T17:30:01 992.2 34.3 56.8
2022-01-14T17:31:01 992.2 34.2 56.4
2022-01-14T17:32:00 992.2 33.8 58.0
2022-01-14T17:33:01 992.2 33.7 58.1
2022-01-14T17:34:01 992.2 33.6 58.5
2022-01-14T17:35:01 992.2 33.5 59.1
2022-01-14T17:36:01 992.2 33.3 60.5
2022-01-14T17:37:01 992.2 33.3 59.9
2022-01-14T17:38:01 992.2 33.3 60.6
2022-01-14T17:39:00 992.2 33.4 59.5
2022-01-14T17:40:01 992.2 33.5 59.5
2022-01-14T17:41:01 992.2 33.6 59.3
2022-01-14T17:42:01 992.4 33.6 59.8
2022-01-14T17:43:00 992.2 33.6 58.4
2022-01-14T17:44:01 992.2 33.5 59.8
2022-01-14T17:45:01 992.2 33.5 59.8
2022-01-14T17:46:01 992.2 33.3 59.9
2022-01-14T17:47:01 992.2 33.2 59.6
2022-01-14T17:48:01 992.2 33.1 59.9
2022-01-14T17:49:01 992.2 33.0 59.7
2022-01-14T17:50:00 992.2 32.8 61.1
2022-01-14T17:51:01 992.2 32.7 61.7
2022-01-14T17:52:01 992.2 32.6 61.1
2022-01-14T17:53:01 992.2 32.6 61.9
2022-01-14T17:54:01 992.0 32.7 61.6
2022-01-14T17:55:01 992.0 32.7 62.0
2022-01-14T17:56:01 992.1 32.6 61.4
2022-01-14T17:57:00 992.0 32.6 61.6
2022-01-14T17:58:01 992.0 32.7 62.5
2022-01-14T17:59:01 992.0 32.6 62.0
2022-01-14T18:00:01 992.0 32.5 63.1
2022-01-14T18:01:01 992.0 32.3 63.7
2022-01-14T18:02:01 991.9 32.3 63.6
2022-01-14T18:03:01 991.9 32.3 63.3
2022-01-14T18:04:01 991.9 32.3 63.9
2022-01-14T18:05:01 991.9 32.4 63.3
2022-01-14T18:06:01 991.9 32.6 63.5
2022-01-14T18:07:00 992.0 32.7 62.6
2022-01-14T18:08:01 992.0 32.7 63.2
2022-01-14T18:09:01 992.0 32.8 63.4
2022-01-14T18:10:01 991.9 33.0 62.3
2022-01-14T18:11:01 992.1 33.2 61.7
2022-01-14T18:12:01 991.9 33.3 61.0
2022-01-14T18:13:01 991.9 33.6 59.9
2022-01-14T18:14:01 991.9 33.8 59.8
2022-01-14T18:15:01 991.9 34.0 59.6
2022-01-14T18:16:01 992.1 34.2 61.1
2022-01-14T18:17:00 992.1 34.1 60.9
2022-01-14T18:18:01 992.1 33.8 60.7
2022-01-14T18:19:01 991.9 33.5 63.2
2022-01-14T18:20:01 991.9 33.3 66.2
2022-01-14T18:21:01 991.9 33.0 66.8
2022-01-14T18:22:01 991.9 32.9 65.2
2022-01-14T18:23:01 991.8 32.7 64.0
2022-01-14T18:24:01 991.8 32.6 67.2
2022-01-14T18:25:01 991.7 32.7 65.9
2022-01-14T18:26:01 991.6 32.9 66.1
2022-01-14T18:27:00 991.7 33.1 64.0
2022-01-14T18:28:01 991.7 33.2 62.7
2022-01-14T18:29:01 991.7 33.4 60.8
2022-01-14T18:30:01 991.8 33.4 59.6
2022-01-14T18:31:01 991.7 33.6 59.6
2022-01-14T18:32:01 991.7 33.8 59.9
2022-01-14T18:33:01 991.7 33.9 58.6
2022-01-14T18:34:01 991.7 34.0 58.5
2022-01-14T18:35:01 991.7 33.9 58.9
2022-01-14T18:36:01 991.6 33.8 58.0
2022-01-14T18:37:00 991.6 33.7 58.2
2022-01-14T18:38:01 991.7 33.5 58.2
2022-01-14T18:39:01 991.7 33.4 58.1
2022-01-14T18:40:01 991.7 33.4 58.2
2022-01-14T18:41:01 991.7 33.1 57.0
2022-01-14T18:42:01 991.9 32.7 56.9
2022-01-14T18:43:01 992.0 32.1 58.5
2022-01-14T18:44:01 992.0 31.6 60.9
2022-01-14T18:45:01 992.0 31.2 62.5
2022-01-14T18:46:01 992.0 30.7 65.4
2022-01-14T18:47:00 992.0 30.2 68.1
2022-01-14T18:48:01 992.0 29.5 70.1
2022-01-14T18:49:01 992.0 28.8 73.9
2022-01-14T18:50:01 992.2 28.2 75.2
2022-01-14T18:51:01 992.0 27.6 76.8
2022-01-14T18:52:01 992.1 27.3 79.8
2022-01-14T18:53:01 991.9 27.0 79.6
2022-01-14T18:54:01 991.9 26.8 81.0
2022-01-14T18:55:01 992.0 26.7 79.9
2022-01-14T18:56:01 992.1 26.5 83.3
2022-01-14T18:57:00 992.1 26.4 84.5
2022-01-14T18:58:01 991.9 26.5 83.3
2022-01-14T18:59:01 991.9 26.6 84.7
2022-01-14T19:00:01 991.9 26.9 84.9
2022-01-14T19:01:01 991.9 27.3 86.1
2022-01-14T19:02:01 991.8 27.5 84.2
2022-01-14T19:03:01 991.8 27.8 82.4
2022-01-14T19:04:01 991.6 28.0 82.1
2022-01-14T19:05:01 991.6 28.4 84.7
2022-01-14T19:06:01 991.6 28.5 80.7
2022-01-14T19:07:00 991.6 28.8 81.8
2022-01-14T19:08:01 991.6 29.0 77.6
2022-01-14T19:09:01 991.6 29.2 75.0
2022-01-14T19:10:01 991.6 29.4 75.6
2022-01-14T19:11:01 991.6 29.6 74.9
2022-01-14T19:12:01 991.8 29.7 72.7
2022-01-14T19:13:01 991.8 29.8 75.5
2022-01-14T19:14:01 991.8 29.8 71.7
2022-01-14T19:15:01 991.8 29.8 71.5
2022-01-14T19:16:01 991.7 29.8 72.4
2022-01-14T19:17:00 991.6 29.9 73.0
2022-01-14T19:18:01 991.6 29.8 72.5
2022-01-14T19:19:01 991.6 29.8 71.2
2022-01-14T19:20:01 991.6 29.7 70.9
2022-01-14T19:21:01 991.6 29.7 71.0
2022-01-14T19:22:01 991.6 29.6 69.8
2022-01-14T19:23:01 991.6 29.6 70.8
2022-01-14T19:24:01 991.6 29.6 70.1
2022-01-14T19:25:01 991.6 29.5 70.4
2022-01-14T19:26:01 991.6 29.5 69.7
2022-01-14T19:27:00 991.6 29.5 70.5
2022-01-14T19:28:01 991.6 29.5 70.9
2022-01-14T19:29:01 991.6 29.5 70.4
2022-01-14T19:30:01 991.6 29.5 71.5
2022-01-14T19:31:01 991.6 29.4 71.7
2022-01-14T19:32:01 991.6 29.4 71.3
2022-01-14T19:33:01 991.6 29.4 69.9
2022-01-14T19:34:00 991.6 29.4 70.3
2022-01-14T19:35:01 991.6 29.3 70.8
2022-01-14T19:36:01 991.6 29.3 70.9
2022-01-14T19:37:01 991.6 29.3 70.7
2022-01-14T19:38:01 991.6 29.4 71.4
2022-01-14T19:39:01 991.6 29.3 70.8
2022-01-14T19:40:01 991.6 29.3 72.2
2022-01-14T19:41:01 991.6 29.3 71.0
2022-01-14T19:42:01 991.6 29.3 72.2
2022-01-14T19:43:01 991.6 29.3 72.2
2022-01-14T19:44:00 991.6 29.2 72.5
2022-01-14T19:45:01 991.6 29.2 72.1
2022-01-14T19:46:01 991.6 29.1 71.9
2022-01-14T19:47:01 991.6 29.0 73.2
2022-01-14T19:48:01 991.6 29.0 72.5
2022-01-14T19:49:01 991.4 29.0 72.5
2022-01-14T19:50:01 991.6 28.9 73.4
2022-01-14T19:51:01 991.6 28.9 73.5
2022-01-14T19:52:01 991.6 28.9 73.7
2022-01-14T19:53:01 991.6 28.9 73.3
2022-01-14T19:54:01 991.6 28.8 73.9
2022-01-14T19:55:01 991.6 28.8 74.5
2022-01-14T19:56:01 991.6 28.8 74.7
2022-01-14T19:57:01 991.6 28.8 75.2
2022-01-14T19:58:00 991.6 28.8 75.0
2022-01-14T19:59:01 991.6 28.8 74.3
2022-01-14T20:00:01 991.6 28.7 73.7
2022-01-14T20:01:01 991.6 28.7 74.2
2022-01-14T20:02:01 991.6 28.7 74.5
2022-01-14T20:03:01 991.6 28.6 75.1
2022-01-14T20:04:01 991.6 28.6 74.9
2022-01-14T20:05:01 991.6 28.6 74.8
2022-01-14T20:06:01 991.5 28.6 75.2
2022-01-14T20:07:01 991.5 28.7 75.7
2022-01-14T20:08:01 991.5 28.7 75.9
2022-01-14T20:09:01 991.5 28.7 75.4
2022-01-14T20:10:01 991.5 28.7 75.9
2022-01-14T20:11:01 991.5 28.7 75.2
2022-01-14T20:12:01 991.5 28.8 75.7
2022-01-14T20:13:01 991.5 28.8 74.5
2022-01-14T20:14:01 991.5 28.8 74.7
2022-01-14T20:15:00 991.5 28.8 74.2
2022-01-14T20:16:01 991.5 28.9 74.5
2022-01-14T20:17:01 991.5 28.9 74.8
2022-01-14T20:18:01 991.5 28.9 74.3
2022-01-14T20:19:01 991.5 28.9 75.1
2022-01-14T20:20:01 991.5 29.0 74.8
2022-01-14T20:21:01 991.5 29.0 74.7
2022-01-14T20:22:00 991.5 29.0 74.9
2022-01-14T20:23:01 991.5 29.0 75.7
2022-01-14T20:24:01 991.5 29.1 74.1
2022-01-14T20:25:01 991.5 29.1 74.0
2022-01-14T20:26:00 991.5 29.2 74.0
2022-01-14T20:27:01 991.5 29.2 73.1
2022-01-14T20:28:01 991.5 29.2 73.6
2022-01-14T20:29:01 991.5 29.2 73.4
2022-01-14T20:30:01 991.5 29.3 74.0
2022-01-14T20:31:01 991.6 29.3 72.2
2022-01-14T20:32:01 991.6 29.3 72.2
2022-01-14T20:33:00 991.6 29.3 72.4
2022-01-14T20:34:01 991.6 29.3 71.1
2022-01-14T20:35:01 991.6 29.3 72.6
2022-01-14T20:36:01 991.6 29.3 72.3
2022-01-14T20:37:01 991.6 29.2 72.6
2022-01-14T20:38:01 991.8 29.2 72.9
2022-01-14T20:39:01 991.8 29.2 72.5
2022-01-14T20:40:00 991.8 29.2 72.6
2022-01-14T20:41:01 991.6 29.2 73.1
2022-01-14T20:42:01 991.6 29.2 72.1
2022-01-14T20:43:01 991.8 29.2 72.3
2022-01-14T20:44:01 991.8 29.2 71.1
2022-01-14T20:45:01 991.8 29.3 71.9
2022-01-14T20:46:01 991.8 29.3 72.7
2022-01-14T20:47:01 991.8 29.3 75.1
2022-01-14T20:48:01 991.8 29.4 76.7
2022-01-14T20:49:01 991.9 29.4 78.0
2022-01-14T20:50:00 991.9 29.4 78.3
2022-01-14T20:51:01 991.8 29.5 78.1
2022-01-14T20:52:01 991.8 29.4 78.5
2022-01-14T20:53:01 991.8 29.4 78.9
2022-01-14T20:54:01 991.9 29.4 79.1
2022-01-14T20:55:01 991.9 29.4 78.6
2022-01-14T20:56:01 991.9 29.4 78.8
2022-01-14T20:57:01 991.9 29.3 79.1
2022-01-14T20:58:01 991.9 29.3 78.7
2022-01-14T20:59:01 991.9 29.3 78.8
2022-01-14T21:00:00 991.9 29.3 79.4
2022-01-14T21:01:01 991.9 29.3 79.4
2022-01-14T21:02:01 992.1 29.3 79.2
2022-01-14T21:03:01 992.1 29.3 79.2
2022-01-14T21:04:01 992.1 29.3 78.8
2022-01-14T21:05:01 992.1 29.3 78.7
2022-01-14T21:06:01 992.1 29.3 78.7
2022-01-14T21:07:00 992.1 29.3 79.2
2022-01-14T21:08:01 992.1 29.3 79.4
2022-01-14T21:09:01 992.1 29.2 79.4
2022-01-14T21:10:01 992.1 29.2 80.5
2022-01-14T21:11:01 992.1 29.2 80.8
2022-01-14T21:12:01 992.1 29.1 81.0
2022-01-14T21:13:01 992.1 29.1 81.9
2022-01-14T21:14:00 992.1 29.1 82.2
2022-01-14T21:15:01 992.1 29.0 82.2
2022-01-14T21:16:01 992.1 29.0 81.4
2022-01-14T21:17:01 992.1 29.0 81.2
2022-01-14T21:18:01 992.1 29.0 82.0
2022-01-14T21:19:01 992.1 29.0 81.2
2022-01-14T21:20:01 992.1 28.9 81.2
2022-01-14T21:21:01 992.1 28.9 81.8
2022-01-14T21:22:01 992.1 28.8 81.2
2022-01-14T21:23:01 992.1 28.8 81.9
2022-01-14T21:24:00 992.1 28.8 82.2
2022-01-14T21:25:01 992.1 28.8 82.1
2022-01-14T21:26:01 992.1 28.7 82.0
2022-01-14T21:27:01 992.1 28.7 82.3
2022-01-14T21:28:01 992.1 28.7 82.4
2022-01-14T21:29:01 992.1 28.7 82.6
2022-01-14T21:30:01 992.1 28.7 82.3
2022-01-14T21:31:00 992.1 28.7 82.4
2022-01-14T21:32:01 992.2 28.7 82.1
2022-01-14T21:33:01 992.2 28.7 81.7
2022-01-14T21:34:01 992.2 28.7 81.3
2022-01-14T21:35:01 992.2 28.7 81.2
2022-01-14T21:36:01 992.2 28.7 80.8
2022-01-14T21:37:01 992.2 28.7 81.1
2022-01-14T21:38:01 992.2 28.7 80.8
2022-01-14T21:39:01 992.2 28.7 81.3
2022-01-14T21:40:01 992.2 28.7 80.8
2022-01-14T21:41:01 992.4 28.7 80.1
2022-01-14T21:42:01 992.4 28.7 81.1
2022-01-14T21:43:01 992.4 28.6 81.0
2022-01-14T21:44:01 992.4 28.7 80.8
2022-01-14T21:45:01 992.4 28.7 80.8
2022-01-14T21:46:01 992.4 28.7 80.9
2022-01-14T21:47:01 992.4 28.7 81.2
2022-01-14T21:48:00 992.5 28.6 81.3
2022-01-14T21:49:01 992.5 28.6 81.8
2022-01-14T21:50:01 992.5 28.5 82.2
2022-01-14T21:51:01 992.5 28.5 82.8
2022-01-14T21:52:01 992.4 28.5 83.1
2022-01-14T21:53:01 992.4 28.5 82.9
2022-01-14T21:54:01 992.4 28.5 83.1
2022-01-14T21:55:01 992.4 28.5 83.1
2022-01-14T21:56:01 992.4 28.5 82.7
2022-01-14T21:57:01 992.5 28.5 83.1
2022-01-14T21:58:00 992.5 28.5 83.0
2022-01-14T21:59:01 992.5 28.5 82.9
2022-01-14T22:00:01 992.5 28.5 83.1
2022-01-14T22:01:01 992.5 28.5 83.0
2022-01-14T22:02:01 992.5 28.5 83.2
2022-01-14T22:03:01 992.5 28.5 83.4
2022-01-14T22:04:01 992.5 28.5 84.0
2022-01-14T22:05:01 992.5 28.5 83.3
2022-01-14T22:06:01 992.5 28.5 82.6
2022-01-14T22:07:01 992.5 28.5 82.4
2022-01-14T22:08:00 992.5 28.5 82.1
2022-01-14T22:09:01 992.5 28.5 82.0
2022-01-14T22:10:01 992.5 28.5 82.5
2022-01-14T22:11:01 992.5 28.5 82.2
2022-01-14T22:12:00 992.5 28.5 82.2
2022-01-14T22:13:01 992.5 28.4 81.2
2022-01-14T22:14:01 992.5 28.4 81.2
2022-01-14T22:15:01 992.5 28.5 81.5
2022-01-14T22:16:01 992.5 28.4 81.9
2022-01-14T22:17:01 992.5 28.3 82.7
2022-01-14T22:18:01 992.5 28.3 83.4
2022-01-14T22:19:01 992.5 28.3 85.3
2022-01-14T22:20:01 992.4 28.2 85.8
2022-01-14T22:21:01 992.5 28.1 86.2
2022-01-14T22:22:00 992.5 28.0 85.6
2022-01-14T22:23:01 992.5 27.9 84.7
2022-01-14T22:24:01 992.5 27.9 85.4
2022-01-14T22:25:01 992.7 27.8 85.3
2022-01-14T22:26:01 992.7 27.8 84.3
2022-01-14T22:27:01 992.7 27.8 84.2
2022-01-14T22:28:01 992.7 27.8 83.7
2022-01-14T22:29:01 992.7 27.7 83.5
2022-01-14T22:30:01 992.7 27.7 83.4
2022-01-14T22:31:01 992.7 27.7 82.8
2022-01-14T22:32:00 992.7 27.7 82.9
2022-01-14T22:33:01 992.7 27.7 82.9
2022-01-14T22:34:01 992.7 27.7 83.0
2022-01-14T22:35:01 992.7 27.7 83.1
2022-01-14T22:36:01 992.7 27.6 83.3
2022-01-14T22:37:01 992.7 27.6 83.0
2022-01-14T22:38:01 992.7 27.6 82.7
2022-01-14T22:39:01 992.7 27.6 82.6
2022-01-14T22:40:01 992.7 27.6 82.5
2022-01-14T22:41:01 992.7 27.5 82.6
2022-01-14T22:42:00 992.7 27.5 82.7
2022-01-14T22:43:01 992.7 27.5 82.5
2022-01-14T22:44:01 992.7 27.5 82.0
2022-01-14T22:45:01 992.7 27.4 82.3
2022-01-14T22:46:01 992.7 27.4 82.4
2022-01-14T22:47:01 992.7 27.4 82.2
2022-01-14T22:48:01 992.8 27.4 82.3
2022-01-14T22:49:01 992.8 27.4 82.7
2022-01-14T22:50:01 992.8 27.3 82.4
2022-01-14T22:51:01 992.8 27.3 82.6
2022-01-14T22:52:00 993.0 27.3 82.7
2022-01-14T22:53:01 993.0 27.3 82.4
2022-01-14T22:54:01 993.0 27.3 81.5
2022-01-14T22:55:01 993.0 27.2 81.3
2022-01-14T22:56:01 993.0 27.2 81.3
2022-01-14T22:57:01 993.1 27.2 81.3
2022-01-14T22:58:01 993.0 27.2 81.5
2022-01-14T22:59:01 993.0 27.2 81.0
2022-01-14T23:00:01 993.0 27.1 81.4
2022-01-14T23:01:01 992.8 27.0 80.8
2022-01-14T23:02:00 992.8 27.0 80.7
2022-01-14T23:03:01 992.8 27.0 80.6
2022-01-14T23:04:01 992.8 27.0 80.8
2022-01-14T23:05:01 992.8 26.9 80.5
2022-01-14T23:06:01 993.0 26.9 80.8
2022-01-14T23:07:01 993.0 26.9 80.8
2022-01-14T23:08:01 993.0 26.8 80.9
2022-01-14T23:09:00 992.8 26.8 80.8
2022-01-14T23:10:01 993.0 26.8 80.6
2022-01-14T23:11:01 993.0 26.8 80.3
2022-01-14T23:12:01 993.0 26.8 80.0
2022-01-14T23:13:01 993.0 26.8 79.9
2022-01-14T23:14:01 993.0 26.7 79.4
2022-01-14T23:15:01 993.0 26.7 78.8
2022-01-14T23:16:00 993.0 26.7 79.1
2022-01-14T23:17:01 993.0 26.7 79.4
2022-01-14T23:18:01 993.0 26.7 79.6
2022-01-14T23:19:01 993.0 26.6 79.7
2022-01-14T23:20:01 993.0 26.6 79.9
2022-01-14T23:21:01 993.0 26.5 80.0
2022-01-14T23:22:01 993.0 26.5 79.3
2022-01-14T23:23:01 993.0 26.5 79.4
2022-01-14T23:24:01 993.0 26.5 79.5
2022-01-14T23:25:01 993.0 26.5 79.6
2022-01-14T23:26:01 993.0 26.5 79.7
2022-01-14T23:27:01 993.0 26.4 79.8
2022-01-14T23:28:01 993.0 26.4 79.8
2022-01-14T23:29:01 993.0 26.4 79.8
2022-01-14T23:30:01 993.1 26.4 79.9
2022-01-14T23:31:01 993.1 26.4 80.0
2022-01-14T23:32:01 993.1 26.4 79.4
2022-01-14T23:33:00 993.1 26.5 79.0
2022-01-14T23:34:01 993.1 26.6 78.7
2022-01-14T23:35:01 993.1 26.6 78.4
2022-01-14T23:36:01 993.1 26.6 78.7
2022-01-14T23:37:01 993.1 26.6 78.6
2022-01-14T23:38:01 993.1 26.6 78.1
2022-01-14T23:39:01 993.1 26.7 78.4
2022-01-14T23:40:01 993.1 26.6 78.2
2022-01-14T23:41:01 993.1 26.7 78.1
2022-01-14T23:42:01 993.1 26.7 78.2
2022-01-14T23:43:01 993.1 26.7 78.3
2022-01-14T23:44:01 993.1 26.7 78.3
2022-01-14T23:45:01 993.1 26.7 78.6
2022-01-14T23:46:01 993.1 26.7 79.0
2022-01-14T23:47:01 993.1 26.6 78.9
2022-01-14T23:48:01 993.1 26.6 78.9
2022-01-14T23:49:01 993.1 26.7 79.0
2022-01-14T23:50:01 993.1 26.7 78.9
2022-01-14T23:51:01 993.1 26.7 78.9
2022-01-14T23:52:01 993.1 26.7 78.8
2022-01-14T23:53:01 993.1 26.7 78.7
2022-01-14T23:54:01 993.1 26.7 78.8
2022-01-14T23:55:01 993.1 26.8 79.1
2022-01-14T23:56:01 993.1 26.7 78.9
2022-01-14T23:57:01 993.1 26.7 79.0
2022-01-14T23:58:01 993.1 26.7 78.9
2022-01-14T23:59:01 993.1 26.8 78.9
