2022-01-15T00:00:01 993.1 26.7 79.0
2022-01-15T00:01:01 993.1 26.7 78.8
2022-01-15T00:02:01 993.1 26.8 78.6
2022-01-15T00:03:01 993.1 26.9 78.5
2022-01-15T00:04:01 993.1 26.9 78.5
2022-01-15T00:05:01 993.1 26.9 78.5
2022-01-15T00:06:01 993.1 26.9 78.4
2022-01-15T00:07:01 993.1 26.9 78.6
2022-01-15T00:08:01 993.1 26.9 78.6
2022-01-15T00:09:01 993.1 26.8 78.7
2022-01-15T00:10:01 993.0 26.8 78.6
2022-01-15T00:11:01 993.0 26.8 78.7
2022-01-15T00:12:01 993.0 26.8 78.8
2022-01-15T00:13:01 993.0 26.8 78.9
2022-01-15T00:14:01 993.0 26.8 78.6
2022-01-15T00:15:01 993.0 26.8 78.5
2022-01-15T00:16:01 993.0 26.8 78.4
2022-01-15T00:17:01 993.0 26.8 78.4
2022-01-15T00:18:01 993.0 26.8 78.6
2022-01-15T00:19:01 993.0 26.8 78.5
2022-01-15T00:20:01 993.0 26.8 78.5
2022-01-15T00:21:01 993.0 26.8 78.5
2022-01-15T00:22:01 993.0 26.9 78.2
2022-01-15T00:23:01 993.1 26.9 78.2
2022-01-15T00:24:01 993.1 26.9 78.2
2022-01-15T00:25:01 993.1 26.9 78.3
2022-01-15T00:26:01 993.1 26.9 78.3
2022-01-15T00:27:01 993.1 26.9 78.3
2022-01-15T00:28:01 993.1 26.9 78.5
2022-01-15T00:29:01 993.1 26.9 78.7
2022-01-15T00:30:01 993.1 26.8 78.6
2022-01-15T00:31:01 993.1 26.8 78.6
2022-01-15T00:32:01 993.1 26.9 78.6
2022-01-15T00:33:01 993.3 26.9 78.7
2022-01-15T00:34:01 993.3 26.9 78.8
2022-01-15T00:35:01 993.3 26.9 78.7
2022-01-15T00:36:01 993.3 26.9 78.7
2022-01-15T00:37:01 993.3 26.9 78.5
2022-01-15T00:38:01 993.3 27.0 78.4
2022-01-15T00:39:01 993.5 27.0 78.4
2022-01-15T00:40:01 993.5 27.0 78.5
2022-01-15T00:41:01 993.5 27.0 78.6
2022-01-15T00:42:01 993.5 27.0 78.5
2022-01-15T00:43:01 993.5 27.0 78.6
2022-01-15T00:44:01 993.5 27.0 78.8
2022-01-15T00:45:01 993.5 27.0 78.6
2022-01-15T00:46:01 993.5 27.0 78.9
2022-01-15T00:47:01 993.5 27.0 79.0
2022-01-15T00:48:01 993.5 27.0 79.0
2022-01-15T00:49:01 993.6 26.9 79.2
2022-01-15T00:50:01 993.6 27.0 79.3
2022-01-15T00:51:01 993.6 26.9 79.3
2022-01-15T00:52:01 993.8 26.9 79.3
2022-01-15T00:53:01 993.8 26.9 79.5
2022-01-15T00:54:01 993.8 26.9 79.6
2022-01-15T00:55:01 993.8 26.9 79.4
2022-01-15T00:56:01 993.8 26.9 79.4
2022-01-15T00:57:01 993.8 26.9 79.5
2022-01-15T00:58:01 993.8 26.9 79.2
2022-01-15T00:59:01 993.8 27.0 79.5
2022-01-15T01:00:01 993.8 26.9 79.7
2022-01-15T01:01:01 993.8 26.9 79.8
2022-01-15T01:02:01 993.8 26.9 79.7
2022-01-15T01:03:01 993.8 26.8 79.9
2022-01-15T01:04:01 993.9 26.8 80.0
2022-01-15T01:05:01 993.9 26.8 80.2
2022-01-15T01:06:01 993.9 26.8 80.3
2022-01-15T01:07:01 994.1 26.7 80.4
2022-01-15T01:08:01 994.1 26.7 80.5
2022-01-15T01:09:01 994.1 26.7 80.7
2022-01-15T01:10:01 994.1 26.7 80.7
2022-01-15T01:11:01 994.1 26.7 80.8
2022-01-15T01:12:01 994.1 26.7 80.9
2022-01-15T01:13:01 994.1 26.7 81.2
2022-01-15T01:14:01 994.1 26.6 81.4
2022-01-15T01:15:01 994.1 26.6 81.4
2022-01-15T01:16:01 994.2 26.6 81.5
2022-01-15T01:17:01 994.2 26.6 81.7
2022-01-15T01:18:01 994.2 26.6 81.5
2022-01-15T01:19:01 994.2 26.7 81.3
2022-01-15T01:20:01 994.2 26.7 81.3
2022-01-15T01:21:01 994.2 26.7 81.3
2022-01-15T01:22:01 994.2 26.7 81.3
2022-01-15T01:23:01 994.2 26.7 81.3
2022-01-15T01:24:01 994.2 26.7 81.4
2022-01-15T01:25:01 994.2 26.7 81.4
2022-01-15T01:26:01 994.2 26.6 81.3
2022-01-15T01:27:01 994.2 26.6 81.5
2022-01-15T01:28:01 994.4 26.6 81.7
2022-01-15T01:29:01 994.4 26.6 81.8
2022-01-15T01:30:01 994.4 26.5 82.0
2022-01-15T01:31:01 994.4 26.6 82.1
2022-01-15T01:32:01 994.4 26.5 82.3
2022-01-15T01:33:01 994.4 26.5 82.4
2022-01-15T01:34:01 994.4 26.5 82.5
2022-01-15T01:35:01 994.4 26.5 82.6
2022-01-15T01:36:01 994.4 26.5 82.6
2022-01-15T01:37:01 994.5 26.5 82.2
2022-01-15T01:38:01 994.5 26.5 82.2
2022-01-15T01:39:01 994.5 26.5 82.3
2022-01-15T01:40:01 994.5 26.5 82.4
2022-01-15T01:41:01 994.5 26.5 82.3
2022-01-15T01:42:01 994.5 26.5 82.1
2022-01-15T01:43:01 994.5 26.5 82.3
2022-01-15T01:44:01 994.5 26.5 82.2
2022-01-15T01:45:01 994.4 26.5 82.3
2022-01-15T01:46:01 994.5 26.5 82.4
2022-01-15T01:47:01 994.4 26.5 82.5
2022-01-15T01:48:01 994.4 26.5 82.7
2022-01-15T01:49:01 994.4 26.5 82.6
2022-01-15T01:50:01 994.5 26.4 82.8
2022-01-15T01:51:01 994.4 26.4 82.8
2022-01-15T01:52:01 994.5 26.4 82.8
2022-01-15T01:53:01 994.4 26.4 82.9
2022-01-15T01:54:01 994.5 26.4 82.9
2022-01-15T01:55:01 994.4 26.4 82.8
2022-01-15T01:56:01 994.5 26.4 82.9
2022-01-15T01:57:01 994.5 26.4 83.1
2022-01-15T01:58:01 994.5 26.4 83.0
2022-01-15T01:59:01 994.5 26.4 83.0
2022-01-15T02:00:01 994.5 26.3 82.9
2022-01-15T02:01:01 994.7 26.3 82.8
2022-01-15T02:02:01 994.5 26.4 82.4
2022-01-15T02:03:01 994.5 26.4 82.3
2022-01-15T02:04:01 994.5 26.4 82.4
2022-01-15T02:05:01 994.5 26.4 82.3
2022-01-15T02:06:01 994.5 26.4 82.4
2022-01-15T02:07:01 994.5 26.4 82.6
2022-01-15T02:08:01 994.5 26.4 82.6
2022-01-15T02:09:01 994.5 26.4 82.4
2022-01-15T02:10:01 994.5 26.4 82.2
2022-01-15T02:11:01 994.4 26.4 82.1
2022-01-15T02:12:01 994.5 26.4 82.0
2022-01-15T02:13:01 994.5 26.4 82.1
2022-01-15T02:14:01 994.4 26.4 82.2
2022-01-15T02:15:01 994.5 26.4 82.0
2022-01-15T02:16:01 994.5 26.4 81.9
2022-01-15T02:17:01 994.5 26.4 81.8
2022-01-15T02:18:01 994.5 26.4 81.6
2022-01-15T02:19:01 994.5 26.4 81.1
2022-01-15T02:20:01 994.4 26.5 81.2
2022-01-15T02:21:01 994.5 26.4 80.8
2022-01-15T02:22:01 994.4 26.5 80.8
2022-01-15T02:23:01 994.4 26.5 81.0
2022-01-15T02:24:01 994.5 26.5 80.7
2022-01-15T02:25:01 994.5 26.5 80.8
2022-01-15T02:26:01 994.5 26.5 80.6
2022-01-15T02:27:01 994.5 26.5 80.6
2022-01-15T02:28:01 994.5 26.5 80.7
2022-01-15T02:29:01 994.5 26.5 80.7
2022-01-15T02:30:01 994.5 26.5 80.5
2022-01-15T02:31:01 994.5 26.5 80.4
2022-01-15T02:32:01 994.4 26.5 80.5
2022-01-15T02:33:01 994.5 26.4 80.5
2022-01-15T02:34:01 994.4 26.5 80.4
2022-01-15T02:35:01 994.5 26.4 80.5
2022-01-15T02:36:01 994.5 26.4 80.7
2022-01-15T02:37:01 994.4 26.5 80.7
2022-01-15T02:38:01 994.4 26.5 80.7
2022-01-15T02:39:01 994.4 26.5 80.7
2022-01-15T02:40:01 994.5 26.5 81.0
2022-01-15T02:41:01 994.4 26.5 80.2
2022-01-15T02:42:01 994.4 26.5 80.1
2022-01-15T02:43:01 994.4 26.5 80.0
2022-01-15T02:44:01 994.4 26.5 80.1
2022-01-15T02:45:01 994.4 26.5 80.0
2022-01-15T02:46:01 994.4 26.5 80.0
2022-01-15T02:47:01 994.4 26.5 80.0
2022-01-15T02:48:01 994.4 26.5 80.2
2022-01-15T02:49:01 994.4 26.5 80.3
2022-01-15T02:50:01 994.4 26.5 80.5
2022-01-15T02:51:01 994.4 26.5 80.6
2022-01-15T02:52:01 994.4 26.4 80.7
2022-01-15T02:53:01 994.4 26.4 80.8
2022-01-15T02:54:01 994.4 26.4 80.7
2022-01-15T02:55:01 994.2 26.4 80.8
2022-01-15T02:56:01 994.2 26.4 80.9
2022-01-15T02:57:01 994.2 26.4 80.7
2022-01-15T02:58:01 994.2 26.4 80.8
2022-01-15T02:59:01 994.2 26.4 80.9
2022-01-15T03:00:01 994.2 26.4 81.1
2022-01-15T03:01:01 994.2 26.3 81.2
2022-01-15T03:02:01 994.2 26.3 81.4
2022-01-15T03:03:01 994.2 26.3 81.4
2022-01-15T03:04:01 994.2 26.3 81.5
2022-01-15T03:05:01 994.1 26.3 81.5
2022-01-15T03:06:01 994.1 26.2 81.6
2022-01-15T03:07:01 994.1 26.2 81.7
2022-01-15T03:08:01 994.1 26.2 81.8
2022-01-15T03:09:01 994.1 26.2 81.8
2022-01-15T03:10:01 993.9 26.2 81.8
2022-01-15T03:11:01 993.9 26.2 81.8
2022-01-15T03:12:01 993.9 26.2 81.9
2022-01-15T03:13:01 993.9 26.2 81.9
2022-01-15T03:14:01 993.9 26.2 81.9
2022-01-15T03:15:01 993.9 26.2 81.9
2022-01-15T03:16:01 993.9 26.1 82.0
2022-01-15T03:17:01 993.9 26.2 82.0
2022-01-15T03:18:01 993.9 26.1 81.8
2022-01-15T03:19:01 993.9 26.2 81.9
2022-01-15T03:20:01 993.8 26.2 82.1
2022-01-15T03:21:01 993.8 26.2 82.2
2022-01-15T03:22:01 993.8 26.2 82.1
2022-01-15T03:23:01 993.8 26.2 82.1
2022-01-15T03:24:01 993.8 26.2 82.1
2022-01-15T03:25:01 993.9 26.2 82.3
2022-01-15T03:26:01 993.9 26.2 82.3
2022-01-15T03:27:01 993.9 26.2 82.4
2022-01-15T03:28:01 993.9 26.2 82.5
2022-01-15T03:29:01 993.9 26.2 82.5
2022-01-15T03:30:01 993.9 26.2 82.4
2022-01-15T03:31:01 993.9 26.2 82.4
2022-01-15T03:32:01 993.9 26.2 82.2
2022-01-15T03:33:01 993.9 26.2 82.0
2022-01-15T03:34:01 993.9 26.2 81.8
2022-01-15T03:35:01 993.8 26.2 81.7
2022-01-15T03:36:01 993.8 26.2 81.7
2022-01-15T03:37:01 993.8 26.2 81.7
2022-01-15T03:38:01 993.8 26.2 81.8
2022-01-15T03:39:01 993.8 26.2 81.8
2022-01-15T03:40:01 993.8 26.2 81.8
2022-01-15T03:41:01 993.8 26.2 81.9
2022-01-15T03:42:01 993.8 26.2 82.0
2022-01-15T03:43:01 993.9 26.2 82.0
2022-01-15T03:44:01 993.9 26.1 82.1
2022-01-15T03:45:01 993.8 26.1 82.2
2022-01-15T03:46:01 993.8 26.1 82.4
2022-01-15T03:47:01 993.8 26.1 82.4
2022-01-15T03:48:01 993.8 26.1 82.4
2022-01-15T03:49:01 993.8 26.1 82.5
2022-01-15T03:50:01 993.8 26.0 82.5
2022-01-15T03:51:01 993.8 26.0 82.7
2022-01-15T03:52:01 993.8 26.0 82.8
2022-01-15T03:53:01 993.8 26.0 82.9
2022-01-15T03:54:01 993.8 26.0 83.0
2022-01-15T03:55:01 993.8 26.0 83.0
2022-01-15T03:56:01 993.8 26.0 83.2
2022-01-15T03:57:01 993.8 26.0 83.0
2022-01-15T03:58:01 993.8 26.0 83.2
2022-01-15T03:59:01 993.8 26.0 83.2
2022-01-15T04:00:01 993.8 26.0 83.1
2022-01-15T04:01:01 993.8 26.0 83.0
2022-01-15T04:02:01 993.8 26.0 82.9
2022-01-15T04:03:01 993.8 26.0 83.0
2022-01-15T04:04:01 993.8 26.0 82.7
2022-01-15T04:05:01 993.8 26.0 82.8
2022-01-15T04:06:01 993.8 26.0 82.8
2022-01-15T04:07:01 993.8 26.0 82.7
2022-01-15T04:08:01 993.8 26.0 82.7
2022-01-15T04:09:01 993.8 26.0 82.8
2022-01-15T04:10:01 993.8 26.1 82.6
2022-01-15T04:11:01 993.8 26.1 82.6
2022-01-15T04:12:01 993.8 26.1 82.7
2022-01-15T04:13:01 993.8 26.1 82.7
2022-01-15T04:14:01 993.8 26.1 82.8
2022-01-15T04:15:01 993.8 26.1 82.8
2022-01-15T04:16:01 993.8 26.0 82.8
2022-01-15T04:17:01 993.8 26.1 83.0
2022-01-15T04:18:01 993.8 26.1 82.9
2022-01-15T04:19:01 993.8 26.0 82.8
2022-01-15T04:20:01 993.8 26.0 83.1
2022-01-15T04:21:01 993.8 26.1 83.3
2022-01-15T04:22:01 993.8 26.0 83.1
2022-01-15T04:23:01 993.8 26.0 83.3
2022-01-15T04:24:01 993.8 26.0 83.4
2022-01-15T04:25:01 993.6 26.0 83.1
2022-01-15T04:26:01 993.6 26.0 83.1
2022-01-15T04:27:01 993.6 26.0 83.0
2022-01-15T04:28:01 993.6 26.0 83.0
2022-01-15T04:29:01 993.6 26.0 83.1
2022-01-15T04:30:01 993.6 26.0 83.2
2022-01-15T04:31:01 993.6 26.0 83.3
2022-01-15T04:32:01 993.6 26.0 83.4
2022-01-15T04:33:01 993.6 26.0 83.5
2022-01-15T04:34:01 993.6 26.0 83.5
2022-01-15T04:35:01 993.6 26.0 83.6
2022-01-15T04:36:01 993.6 26.0 83.7
2022-01-15T04:37:01 993.6 25.9 83.7
2022-01-15T04:38:01 993.6 25.9 83.7
2022-01-15T04:39:01 993.6 25.9 83.9
2022-01-15T04:40:01 993.6 25.9 83.9
2022-01-15T04:41:01 993.6 25.9 83.7
2022-01-15T04:42:01 993.6 25.8 83.6
2022-01-15T04:43:01 993.6 25.9 83.6
2022-01-15T04:44:01 993.6 25.9 83.6
2022-01-15T04:45:01 993.6 25.9 83.7
2022-01-15T04:46:01 993.6 25.9 83.6
2022-01-15T04:47:01 993.6 25.9 83.6
2022-01-15T04:48:01 993.6 25.9 83.5
2022-01-15T04:49:01 993.6 25.9 83.7
2022-01-15T04:50:01 993.6 25.9 83.5
2022-01-15T04:51:01 993.6 25.9 83.6
2022-01-15T04:52:01 993.6 25.9 83.8
2022-01-15T04:53:01 993.6 25.9 83.9
2022-01-15T04:54:01 993.5 25.9 84.0
2022-01-15T04:55:01 993.6 25.9 84.1
2022-01-15T04:56:01 993.5 25.9 84.2
2022-01-15T04:57:01 993.6 25.8 84.2
2022-01-15T04:58:01 993.5 25.8 84.2
2022-01-15T04:59:01 993.5 25.9 84.1
2022-01-15T05:00:01 993.5 25.9 84.2
2022-01-15T05:01:01 993.5 25.9 84.2
2022-01-15T05:02:01 993.5 25.9 83.9
2022-01-15T05:03:01 993.5 25.9 83.9
2022-01-15T05:04:01 993.5 25.9 83.8
2022-01-15T05:05:01 993.5 25.9 83.7
2022-01-15T05:06:01 993.5 26.0 83.8
2022-01-15T05:07:01 993.3 26.0 83.9
2022-01-15T05:08:01 993.3 25.9 84.0
2022-01-15T05:09:01 993.3 25.9 84.0
2022-01-15T05:10:01 993.2 25.9 84.2
2022-01-15T05:11:01 993.2 25.9 84.3
2022-01-15T05:12:01 993.2 25.9 84.4
2022-01-15T05:13:01 993.2 25.8 84.6
2022-01-15T05:14:01 993.2 25.8 84.6
2022-01-15T05:15:01 993.2 25.9 84.6
2022-01-15T05:16:01 993.1 25.9 84.8
2022-01-15T05:17:01 993.1 25.9 84.7
2022-01-15T05:18:01 993.1 25.9 84.5
2022-01-15T05:19:01 993.1 25.9 84.5
2022-01-15T05:20:01 993.1 25.9 84.3
2022-01-15T05:21:01 993.1 25.9 84.0
2022-01-15T05:22:01 993.1 26.0 84.1
2022-01-15T05:23:01 993.1 26.0 83.9
2022-01-15T05:24:01 993.1 26.0 83.7
2022-01-15T05:25:01 993.0 26.0 83.8
2022-01-15T05:26:01 993.1 26.0 83.5
2022-01-15T05:27:01 993.1 26.0 83.1
2022-01-15T05:28:01 993.1 26.1 82.6
2022-01-15T05:29:01 993.1 26.1 82.5
2022-01-15T05:30:01 993.0 26.1 82.5
2022-01-15T05:31:01 993.0 26.2 82.7
2022-01-15T05:32:01 993.0 26.1 82.6
2022-01-15T05:33:01 993.1 26.1 82.6
2022-01-15T05:34:01 993.0 26.1 82.5
2022-01-15T05:35:01 993.0 26.2 82.6
2022-01-15T05:36:01 993.0 26.2 82.6
2022-01-15T05:37:01 993.0 26.2 82.5
2022-01-15T05:38:01 993.0 26.2 82.5
2022-01-15T05:39:01 993.0 26.2 82.6
2022-01-15T05:40:01 993.0 26.2 82.6
2022-01-15T05:41:01 993.0 26.2 82.7
2022-01-15T05:42:01 992.8 26.2 82.3
2022-01-15T05:43:01 992.8 26.2 82.2
2022-01-15T05:44:01 992.8 26.2 82.2
2022-01-15T05:45:01 992.8 26.2 82.3
2022-01-15T05:46:01 992.8 26.2 82.2
2022-01-15T05:47:01 992.8 26.2 82.3
2022-01-15T05:48:01 992.7 26.2 82.1
2022-01-15T05:49:01 992.7 26.3 82.1
2022-01-15T05:50:01 992.7 26.3 81.9
2022-01-15T05:51:01 992.7 26.3 82.0
2022-01-15T05:52:01 992.7 26.3 82.0
2022-01-15T05:53:01 992.7 26.3 81.9
2022-01-15T05:54:01 992.7 26.3 82.0
2022-01-15T05:55:01 992.7 26.3 82.1
2022-01-15T05:56:01 992.7 26.3 81.7
2022-01-15T05:57:01 992.7 26.3 81.3
2022-01-15T05:58:01 992.7 26.3 81.1
2022-01-15T05:59:01 992.7 26.4 80.8
2022-01-15T06:00:01 992.7 26.4 81.0
2022-01-15T06:01:01 992.7 26.4 80.8
2022-01-15T06:02:01 992.7 26.4 80.8
2022-01-15T06:03:01 992.7 26.5 80.8
2022-01-15T06:04:01 992.7 26.5 80.8
2022-01-15T06:05:01 992.7 26.5 81.0
2022-01-15T06:06:01 992.7 26.5 80.8
2022-01-15T06:07:01 992.7 26.5 80.8
2022-01-15T06:08:01 992.7 26.6 80.9
2022-01-15T06:09:01 992.7 26.5 80.9
2022-01-15T06:10:01 992.7 26.6 81.3
2022-01-15T06:11:01 992.7 26.6 81.0
2022-01-15T06:12:01 992.7 26.6 81.1
2022-01-15T06:13:01 992.7 26.6 81.3
2022-01-15T06:14:01 992.7 26.7 81.3
2022-01-15T06:15:01 992.7 26.7 81.0
2022-01-15T06:16:01 992.5 26.8 80.9
2022-01-15T06:17:01 992.7 26.8 80.6
2022-01-15T06:18:01 992.5 26.9 80.4
2022-01-15T06:19:01 992.5 27.0 79.9
2022-01-15T06:20:01 992.5 27.0 79.2
2022-01-15T06:21:01 992.5 27.1 77.9
2022-01-15T06:22:01 992.5 27.2 77.6
2022-01-15T06:23:01 992.5 27.3 76.7
2022-01-15T06:24:01 992.5 27.3 75.9
2022-01-15T06:25:01 992.5 27.4 76.4
2022-01-15T06:26:01 992.5 27.4 76.3
2022-01-15T06:27:01 992.5 27.5 76.0
2022-01-15T06:28:01 992.5 27.5 75.6
2022-01-15T06:29:01 992.5 27.5 75.0
2022-01-15T06:30:01 992.5 27.5 74.6
2022-01-15T06:31:01 992.5 27.5 75.0
2022-01-15T06:32:01 992.5 27.5 75.2
2022-01-15T06:33:01 992.5 27.6 75.3
2022-01-15T06:34:01 992.5 27.5 75.6
2022-01-15T06:35:01 992.5 27.5 75.8
2022-01-15T06:36:01 992.5 27.5 75.9
2022-01-15T06:37:01 992.5 27.5 76.4
2022-01-15T06:38:01 992.7 27.5 76.3
2022-01-15T06:39:01 992.5 27.5 76.5
2022-01-15T06:40:01 992.5 27.5 76.6
2022-01-15T06:41:01 992.5 27.5 76.5
2022-01-15T06:42:01 992.5 27.6 76.6
2022-01-15T06:43:01 992.5 27.6 76.2
2022-01-15T06:44:01 992.5 27.6 76.0
2022-01-15T06:45:01 992.5 27.6 75.9
2022-01-15T06:46:01 992.5 27.6 75.9
2022-01-15T06:47:01 992.5 27.6 75.7
2022-01-15T06:48:01 992.5 27.6 76.0
2022-01-15T06:49:01 992.5 27.6 76.4
2022-01-15T06:50:01 992.5 27.5 76.8
2022-01-15T06:51:01 992.7 27.5 77.0
2022-01-15T06:52:01 992.7 27.5 76.9
2022-01-15T06:53:01 992.5 27.5 76.5
2022-01-15T06:54:01 992.5 27.5 76.4
2022-01-15T06:55:01 992.7 27.5 76.3
2022-01-15T06:56:01 992.7 27.5 76.2
2022-01-15T06:57:01 992.7 27.5 76.0
2022-01-15T06:58:01 992.7 27.5 75.7
2022-01-15T06:59:01 992.7 27.5 76.0
2022-01-15T07:00:01 992.7 27.5 75.7
2022-01-15T07:01:01 992.7 27.5 75.7
2022-01-15T07:02:01 992.7 27.5 76.0
2022-01-15T07:03:01 992.7 27.5 75.4
2022-01-15T07:04:01 992.7 27.5 75.5
2022-01-15T07:05:01 992.7 27.5 75.8
2022-01-15T07:06:01 992.7 27.5 76.1
2022-01-15T07:07:01 992.7 27.5 76.1
2022-01-15T07:08:01 992.7 27.4 76.1
2022-01-15T07:09:01 992.7 27.4 76.4
2022-01-15T07:10:01 992.7 27.4 76.5
2022-01-15T07:11:01 992.7 27.4 75.9
2022-01-15T07:12:01 992.7 27.4 75.7
2022-01-15T07:13:01 992.7 27.4 75.4
2022-01-15T07:14:01 992.7 27.4 75.3
2022-01-15T07:15:01 992.7 27.4 75.1
2022-01-15T07:16:01 992.7 27.4 75.3
2022-01-15T07:17:01 992.7 27.4 75.5
2022-01-15T07:18:01 992.7 27.4 75.7
2022-01-15T07:19:01 992.7 27.4 75.5
2022-01-15T07:20:01 992.7 27.4 75.5
2022-01-15T07:21:01 992.7 27.4 75.1
2022-01-15T07:22:01 992.7 27.4 75.4
2022-01-15T07:23:01 992.7 27.4 75.2
2022-01-15T07:24:01 992.7 27.3 75.3
2022-01-15T07:25:01 992.7 27.3 75.6
2022-01-15T07:26:01 992.7 27.3 75.6
2022-01-15T07:27:01 992.7 27.3 75.7
2022-01-15T07:28:01 992.7 27.3 76.1
2022-01-15T07:29:01 992.7 27.2 76.2
2022-01-15T07:30:01 992.7 27.2 76.4
2022-01-15T07:31:01 992.7 27.2 76.4
2022-01-15T07:32:01 992.7 27.2 76.8
2022-01-15T07:33:01 992.7 27.2 76.7
2022-01-15T07:34:01 992.7 27.2 76.6
2022-01-15T07:35:01 992.7 27.2 77.0
2022-01-15T07:36:01 992.7 27.2 77.2
2022-01-15T07:37:01 992.7 27.2 77.3
2022-01-15T07:38:01 992.7 27.2 77.3
2022-01-15T07:39:01 992.7 27.2 77.6
2022-01-15T07:40:01 992.7 27.2 77.5
2022-01-15T07:41:01 992.7 27.2 77.5
2022-01-15T07:42:01 992.7 27.2 77.5
2022-01-15T07:43:01 992.7 27.1 77.5
2022-01-15T07:44:01 992.7 27.1 77.5
2022-01-15T07:45:01 992.7 27.1 77.5
2022-01-15T07:46:01 992.7 27.1 77.6
2022-01-15T07:47:01 992.7 27.1 77.5
2022-01-15T07:48:01 992.7 27.1 77.6
2022-01-15T07:49:01 992.7 27.1 77.4
2022-01-15T07:50:01 992.7 27.1 77.2
2022-01-15T07:51:01 992.7 27.1 77.3
2022-01-15T07:52:01 992.7 27.1 77.4
2022-01-15T07:53:01 992.7 27.1 77.5
2022-01-15T07:54:01 992.7 27.1 77.2
2022-01-15T07:55:01 992.7 27.1 77.5
2022-01-15T07:56:01 992.7 27.0 77.3
2022-01-15T07:57:01 992.7 27.1 77.4
2022-01-15T07:58:01 992.7 27.1 77.3
2022-01-15T07:59:01 992.7 27.0 77.3
2022-01-15T08:00:01 992.7 27.0 77.5
2022-01-15T08:01:01 992.7 27.0 78.0
2022-01-15T08:02:01 992.7 27.0 78.1
2022-01-15T08:03:01 992.7 27.0 77.2
2022-01-15T08:04:01 992.7 27.0 77.2
2022-01-15T08:05:01 992.7 27.0 77.4
2022-01-15T08:06:01 992.7 27.0 77.6
2022-01-15T08:07:01 992.7 27.0 78.0
2022-01-15T08:08:01 992.7 27.0 78.5
2022-01-15T08:09:01 992.7 27.0 78.8
2022-01-15T08:10:01 992.7 27.0 78.5
2022-01-15T08:11:01 992.7 26.9 78.5
2022-01-15T08:12:01 992.7 26.9 78.6
2022-01-15T08:13:01 992.7 26.9 79.0
2022-01-15T08:14:01 992.7 26.9 79.1
2022-01-15T08:15:01 992.7 26.9 79.3
2022-01-15T08:16:01 992.7 26.9 79.4
2022-01-15T08:17:01 992.7 26.8 79.3
2022-01-15T08:18:01 992.7 26.8 79.3
2022-01-15T08:19:01 992.7 26.8 79.6
2022-01-15T08:20:01 992.7 26.8 79.7
2022-01-15T08:21:01 992.7 26.8 79.6
2022-01-15T08:22:01 992.7 26.8 79.9
2022-01-15T08:23:01 992.7 26.7 80.0
2022-01-15T08:24:01 992.7 26.7 80.1
2022-01-15T08:25:01 992.7 26.7 80.4
2022-01-15T08:26:01 992.7 26.7 80.3
2022-01-15T08:27:01 992.7 26.7 80.3
2022-01-15T08:28:01 992.7 26.7 80.2
2022-01-15T08:29:01 992.7 26.7 80.3
2022-01-15T08:30:01 992.7 26.7 80.3
2022-01-15T08:31:01 992.7 26.7 80.5
2022-01-15T08:32:01 992.7 26.6 80.6
2022-01-15T08:33:01 992.7 26.6 80.8
2022-01-15T08:34:01 992.7 26.6 80.8
2022-01-15T08:35:01 992.8 26.6 80.7
2022-01-15T08:36:01 992.8 26.6 80.8
2022-01-15T08:37:01 992.7 26.5 80.7
2022-01-15T08:38:01 992.7 26.5 80.8
2022-01-15T08:39:01 992.7 26.5 80.8
2022-01-15T08:40:01 992.7 26.5 80.8
2022-01-15T08:41:01 992.7 26.5 81.0
2022-01-15T08:42:01 992.7 26.5 80.5
2022-01-15T08:43:01 992.8 26.5 80.3
2022-01-15T08:44:01 992.8 26.5 80.3
2022-01-15T08:45:01 992.8 26.5 80.2
2022-01-15T08:46:01 992.8 26.5 80.4
2022-01-15T08:47:01 992.8 26.5 80.6
2022-01-15T08:48:01 992.8 26.5 80.9
2022-01-15T08:49:01 992.8 26.5 80.7
2022-01-15T08:50:01 992.8 26.5 80.5
2022-01-15T08:51:01 992.8 26.5 80.7
2022-01-15T08:52:01 992.8 26.4 80.7
2022-01-15T08:53:01 992.8 26.4 80.4
2022-01-15T08:54:01 992.8 26.4 80.2
2022-01-15T08:55:01 992.8 26.5 80.4
2022-01-15T08:56:01 992.8 26.5 80.1
2022-01-15T08:57:01 993.0 26.5 80.3
2022-01-15T08:58:01 993.0 26.5 80.6
2022-01-15T08:59:01 993.0 26.5 80.7
2022-01-15T09:00:01 993.0 26.4 80.8
2022-01-15T09:01:01 993.0 26.4 81.1
2022-01-15T09:02:01 993.0 26.4 81.2
2022-01-15T09:03:01 993.0 26.4 80.9
2022-01-15T09:04:01 993.0 26.4 80.5
2022-01-15T09:05:01 993.0 26.4 80.4
2022-01-15T09:06:01 993.1 26.4 80.7
2022-01-15T09:07:01 993.0 26.4 80.8
2022-01-15T09:08:01 993.0 26.4 80.1
2022-01-15T09:09:01 993.1 26.4 80.2
2022-01-15T09:10:01 993.1 26.4 79.8
2022-01-15T09:11:01 993.1 26.5 79.4
2022-01-15T09:12:01 993.1 26.5 79.3
2022-01-15T09:13:01 993.1 26.5 79.3
2022-01-15T09:14:01 993.1 26.5 79.4
2022-01-15T09:15:01 993.1 26.5 79.7
2022-01-15T09:16:01 993.1 26.5 79.7
2022-01-15T09:17:01 993.1 26.5 79.8
2022-01-15T09:18:01 993.1 26.5 79.8
2022-01-15T09:19:01 993.1 26.5 79.4
2022-01-15T09:20:01 993.1 26.5 79.3
2022-01-15T09:21:01 993.1 26.6 79.6
2022-01-15T09:22:01 993.1 26.6 79.5
2022-01-15T09:23:01 993.1 26.6 79.5
2022-01-15T09:24:01 993.1 26.6 79.7
2022-01-15T09:25:01 993.1 26.6 79.7
2022-01-15T09:26:01 993.1 26.5 79.8
2022-01-15T09:27:01 993.1 26.6 79.6
2022-01-15T09:28:01 993.1 26.6 79.2
2022-01-15T09:29:01 993.1 26.6 79.2
2022-01-15T09:30:01 993.1 26.6 79.3
2022-01-15T09:31:01 993.1 26.6 79.3
2022-01-15T09:32:01 993.1 26.6 79.3
2022-01-15T09:33:01 993.1 26.6 79.1
2022-01-15T09:34:01 993.1 26.6 78.9
2022-01-15T09:35:01 993.1 26.6 78.8
2022-01-15T09:36:01 993.1 26.7 78.8
2022-01-15T09:37:01 993.1 26.7 78.8
2022-01-15T09:38:01 993.1 26.7 78.7
2022-01-15T09:39:01 993.1 26.7 78.7
2022-01-15T09:40:01 993.1 26.7 78.7
2022-01-15T09:41:01 993.1 26.7 78.4
2022-01-15T09:42:01 993.1 26.7 78.2
2022-01-15T09:43:01 993.1 26.7 78.5
2022-01-15T09:44:01 993.1 26.8 78.5
2022-01-15T09:45:01 993.1 26.8 77.8
2022-01-15T09:46:01 993.3 26.8 77.7
2022-01-15T09:47:01 993.1 26.9 77.2
2022-01-15T09:48:01 993.3 27.0 77.1
2022-01-15T09:49:01 993.3 27.0 77.0
2022-01-15T09:50:01 993.1 27.1 76.7
2022-01-15T09:51:01 993.3 27.1 76.8
2022-01-15T09:52:01 993.3 27.2 76.8
2022-01-15T09:53:01 993.3 27.3 76.6
2022-01-15T09:54:01 993.3 27.3 76.3
2022-01-15T09:55:01 993.3 27.2 76.3
2022-01-15T09:56:01 993.3 27.2 76.1
2022-01-15T09:57:01 993.5 27.2 76.5
2022-01-15T09:59:01 993.3 27.1 76.8
2022-01-15T10:00:01 993.5 27.1 76.8
2022-01-15T10:01:01 993.5 27.2 77.3
2022-01-15T10:02:01 993.5 27.2 77.0
2022-01-15T10:03:01 993.5 27.3 76.4
2022-01-15T10:04:01 993.5 27.4 76.6
2022-01-15T10:05:01 993.5 27.5 76.8
2022-01-15T10:06:01 993.6 27.5 76.6
2022-01-15T10:07:01 993.5 27.6 75.5
2022-01-15T10:09:01 993.6 27.7 75.9
2022-01-15T10:10:01 993.6 27.8 75.6
2022-01-15T10:11:01 993.6 27.8 75.0
2022-01-15T10:12:01 993.6 27.8 75.0
2022-01-15T10:13:01 993.6 27.9 74.8
2022-01-15T10:14:01 993.6 27.9 74.0
2022-01-15T10:16:01 993.6 27.9 74.5
2022-01-15T10:17:01 993.6 28.0 74.5
2022-01-15T10:18:01 993.8 28.0 74.4
2022-01-15T10:19:01 993.8 28.1 74.0
2022-01-15T10:20:01 993.8 28.1 73.9
2022-01-15T10:21:01 993.8 28.2 74.2
2022-01-15T10:23:01 993.8 28.3 73.4
2022-01-15T10:24:01 993.8 28.3 73.4
2022-01-15T10:27:01 993.8 28.4 74.0
2022-01-15T10:28:01 993.8 28.4 73.7
2022-01-15T10:29:01 993.8 28.5 73.2
2022-01-15T10:30:01 993.8 28.5 73.7
2022-01-15T10:31:01 993.8 28.5 73.6
2022-01-15T10:34:01 993.8 28.6 73.2
2022-01-15T10:35:01 993.8 28.6 73.6
2022-01-15T10:37:01 993.8 28.7 73.2
2022-01-15T10:38:01 993.8 28.7 72.8
2022-01-15T10:41:01 993.8 28.8 71.8
2022-01-15T10:42:01 993.8 28.8 71.2
2022-01-15T10:45:01 993.8 28.8 71.6
2022-01-15T10:46:01 993.9 28.8 70.7
2022-01-15T10:49:01 993.9 28.8 71.9
2022-01-15T10:53:01 993.9 28.8 71.7
2022-01-15T10:56:01 994.1 28.9 72.0
2022-01-15T11:03:01 994.2 29.0 72.1
2022-01-15T11:10:00 994.2 29.1 71.2
2022-01-15T11:13:01 994.2 29.3 71.3
2022-01-15T11:17:00 994.2 29.3 71.5
2022-01-15T11:24:00 994.2 29.3 72.1
2022-01-15T11:27:00 994.2 29.4 71.8
2022-01-15T11:28:00 994.2 29.5 71.3
2022-01-15T11:34:00 994.2 29.8 70.3
2022-01-15T11:37:00 994.2 29.8 70.0
2022-01-15T11:38:00 994.2 29.8 69.6
2022-01-15T11:44:00 994.2 30.0 68.9
2022-01-15T11:45:00 994.2 30.0 69.5
2022-01-15T11:47:00 994.2 30.1 69.2
2022-01-15T11:48:00 994.2 30.1 68.8
2022-01-15T11:51:00 994.2 30.3 69.5
2022-01-15T11:54:00 994.2 30.3 68.4
2022-01-15T11:55:00 994.2 30.3 68.6
2022-01-15T11:57:00 994.2 30.4 69.1
2022-01-15T11:58:00 994.2 30.5 69.1
2022-01-15T11:59:00 994.2 30.5 68.2
2022-01-15T12:01:00 994.2 30.5 68.2
2022-01-15T12:04:00 994.2 30.7 67.2
2022-01-15T12:05:00 994.2 30.7 66.9
2022-01-15T12:06:00 994.2 30.7 67.4
2022-01-15T12:08:00 994.2 30.7 67.8
2022-01-15T12:09:00 994.2 30.9 67.4
2022-01-15T12:11:00 994.2 30.9 67.6
2022-01-15T12:12:00 994.2 31.0 67.9
2022-01-15T12:14:00 994.2 31.0 66.9
2022-01-15T12:15:00 994.2 31.0 67.4
2022-01-15T12:16:00 994.2 31.0 66.9
2022-01-15T12:17:00 994.2 31.1 67.4
2022-01-15T12:18:00 994.2 31.1 68.5
2022-01-15T12:19:00 994.2 31.0 69.2
2022-01-15T12:21:00 994.2 30.9 66.9
2022-01-15T12:22:00 994.2 30.9 68.3
2022-01-15T12:23:00 994.2 31.0 67.7
2022-01-15T12:24:00 994.2 31.0 68.4
2022-01-15T12:25:00 994.2 31.1 68.3
2022-01-15T12:26:00 994.2 31.1 68.5
2022-01-15T12:27:00 994.2 31.1 69.5
2022-01-15T12:28:00 994.2 31.0 69.2
2022-01-15T12:29:00 994.2 30.9 69.2
2022-01-15T12:30:00 994.2 30.9 68.8
2022-01-15T12:31:00 994.2 31.0 68.1
2022-01-15T12:32:00 994.2 31.0 67.3
2022-01-15T12:33:00 994.2 31.2 66.8
2022-01-15T12:34:00 994.2 31.4 67.2
2022-01-15T12:35:00 994.2 31.5 65.7
2022-01-15T12:36:00 994.2 31.5 66.0
2022-01-15T12:37:00 994.2 31.6 65.3
2022-01-15T12:38:00 994.2 31.6 64.8
2022-01-15T12:39:00 994.2 31.6 65.8
2022-01-15T12:40:00 994.2 31.6 65.4
2022-01-15T12:41:00 994.2 31.4 65.9
2022-01-15T12:42:00 994.2 31.5 65.7
2022-01-15T12:43:00 994.2 31.5 65.8
2022-01-15T12:44:00 994.2 31.5 66.0
2022-01-15T12:45:00 994.1 31.5 66.4
2022-01-15T12:46:00 994.1 31.6 66.1
2022-01-15T12:47:00 994.1 31.8 66.0
2022-01-15T12:48:00 994.2 31.9 65.0
2022-01-15T12:49:00 994.1 32.0 65.6
2022-01-15T12:50:00 994.2 31.9 64.4
2022-01-15T12:51:00 994.2 31.8 64.5
2022-01-15T12:52:00 994.2 31.8 63.9
2022-01-15T12:53:00 994.2 31.8 64.2
2022-01-15T12:54:00 994.2 31.8 64.6
2022-01-15T12:55:00 994.2 31.8 64.5
2022-01-15T12:56:00 994.2 32.0 65.3
2022-01-15T12:57:00 994.2 32.1 65.3
2022-01-15T12:58:00 994.2 32.2 64.1
2022-01-15T12:59:00 994.2 32.3 64.5
2022-01-15T13:00:00 994.2 32.4 64.5
2022-01-15T13:01:00 994.2 32.4 64.1
2022-01-15T13:02:00 994.2 32.3 63.6
2022-01-15T13:03:00 994.2 32.1 65.1
2022-01-15T13:04:00 994.2 32.1 65.2
2022-01-15T13:05:00 994.2 32.0 64.7
2022-01-15T13:06:00 994.2 32.1 65.0
2022-01-15T13:07:00 994.2 32.1 64.5
2022-01-15T13:08:00 994.2 32.2 64.4
2022-01-15T13:09:00 994.2 32.3 64.6
2022-01-15T13:10:00 994.2 32.4 64.4
2022-01-15T13:11:00 994.2 32.5 63.8
2022-01-15T13:12:00 994.2 32.6 63.3
2022-01-15T13:13:00 994.2 32.7 63.3
2022-01-15T13:14:00 994.2 32.7 63.7
2022-01-15T13:15:00 994.2 32.6 63.5
2022-01-15T13:16:00 994.1 32.5 63.4
2022-01-15T13:17:00 994.1 32.5 64.7
2022-01-15T13:18:00 994.1 32.4 64.5
2022-01-15T13:19:00 994.1 32.5 66.3
2022-01-15T13:20:00 994.1 32.7 64.2
2022-01-15T13:21:00 994.1 32.9 62.4
2022-01-15T13:22:00 994.1 33.1 63.7
2022-01-15T13:23:00 994.1 33.0 63.1
2022-01-15T13:24:00 994.1 32.8 63.1
2022-01-15T13:25:00 994.1 32.7 63.7
2022-01-15T13:26:00 994.1 32.8 63.5
2022-01-15T13:27:00 994.1 33.0 63.8
2022-01-15T13:28:00 994.1 33.1 63.5
2022-01-15T13:29:00 993.9 32.9 64.7
2022-01-15T13:30:00 994.1 33.0 64.3
2022-01-15T13:31:00 994.1 33.0 64.2
2022-01-15T13:32:00 993.9 33.0 63.0
2022-01-15T13:33:00 993.9 32.9 63.2
2022-01-15T13:34:00 993.9 32.9 62.3
2022-01-15T13:35:00 993.9 32.9 62.9
2022-01-15T13:36:00 993.9 32.9 62.2
2022-01-15T13:37:00 993.9 33.0 62.1
2022-01-15T13:38:00 993.7 33.0 63.0
2022-01-15T13:39:00 993.7 33.0 63.5
2022-01-15T13:40:00 993.7 32.9 64.1
2022-01-15T13:41:00 993.7 32.8 64.5
2022-01-15T13:42:00 993.9 32.8 65.3
2022-01-15T13:43:00 993.7 32.7 66.2
2022-01-15T13:44:00 993.7 32.8 65.7
2022-01-15T13:45:00 993.7 32.9 62.7
2022-01-15T13:46:00 993.7 33.0 62.7
2022-01-15T13:47:00 993.7 33.2 62.7
2022-01-15T13:48:00 993.7 33.4 62.3
2022-01-15T13:49:00 993.7 33.4 62.3
2022-01-15T13:50:00 993.7 33.5 63.2
2022-01-15T13:51:00 993.7 33.4 63.2
2022-01-15T13:52:00 993.7 33.3 62.6
2022-01-15T13:53:00 993.7 33.3 64.1
2022-01-15T13:54:00 993.7 33.3 64.2
2022-01-15T13:55:00 993.7 33.1 63.7
2022-01-15T13:56:00 993.7 33.0 64.8
2022-01-15T13:57:00 993.7 33.0 65.3
2022-01-15T13:58:00 993.7 33.2 64.3
2022-01-15T13:59:00 993.7 33.3 63.4
2022-01-15T14:00:00 993.7 33.2 63.9
2022-01-15T14:01:00 993.7 33.3 63.2
2022-01-15T14:02:00 993.7 33.3 63.0
2022-01-15T14:03:00 993.6 33.1 63.5
2022-01-15T14:04:00 993.6 33.1 63.9
2022-01-15T14:05:00 993.6 33.1 62.8
2022-01-15T14:06:00 993.6 33.2 63.9
2022-01-15T14:07:00 993.6 33.4 61.5
2022-01-15T14:08:00 993.6 33.6 62.6
2022-01-15T14:09:00 993.6 33.6 64.0
2022-01-15T14:10:00 993.6 33.5 63.7
2022-01-15T14:11:00 993.6 33.4 62.3
2022-01-15T14:12:00 993.6 33.4 62.9
2022-01-15T14:13:00 993.6 33.4 63.7
2022-01-15T14:14:00 993.6 33.3 64.0
2022-01-15T14:15:00 993.6 33.0 64.9
2022-01-15T14:16:00 993.6 32.9 65.9
2022-01-15T14:17:00 993.6 33.0 65.4
2022-01-15T14:18:00 993.6 33.0 64.8
2022-01-15T14:19:00 993.6 33.0 64.9
2022-01-15T14:20:00 993.6 33.0 65.4
2022-01-15T14:21:00 993.6 33.0 65.9
2022-01-15T14:22:00 993.6 33.0 64.4
2022-01-15T14:23:00 993.6 32.8 64.8
2022-01-15T14:24:00 993.6 32.7 66.9
2022-01-15T14:25:00 993.6 32.6 66.8
2022-01-15T14:26:00 993.6 32.7 66.4
2022-01-15T14:27:00 993.6 32.9 65.8
2022-01-15T14:28:00 993.6 33.1 63.5
2022-01-15T14:29:00 993.6 33.2 63.3
2022-01-15T14:30:00 993.6 33.2 64.2
2022-01-15T14:31:00 993.6 33.2 66.4
2022-01-15T14:32:00 993.4 33.2 64.9
2022-01-15T14:33:00 993.4 33.2 64.6
2022-01-15T14:34:00 993.4 33.2 64.3
2022-01-15T14:35:00 993.4 33.3 63.1
2022-01-15T14:36:00 993.4 33.4 64.1
2022-01-15T14:37:00 993.4 33.5 64.7
2022-01-15T14:38:00 993.4 33.6 65.0
2022-01-15T14:39:00 993.4 33.7 62.2
2022-01-15T14:40:00 993.4 33.5 64.2
2022-01-15T14:41:00 993.4 33.4 63.9
2022-01-15T14:42:00 993.4 33.6 63.0
2022-01-15T14:43:00 993.4 33.8 63.2
2022-01-15T14:44:00 993.6 33.9 63.0
2022-01-15T14:45:00 993.6 34.0 61.8
2022-01-15T14:46:00 993.7 34.0 62.2
2022-01-15T14:47:00 993.7 34.0 62.1
2022-01-15T14:48:00 993.7 34.2 63.1
2022-01-15T14:49:00 993.7 34.1 61.8
2022-01-15T14:50:00 993.7 33.9 61.7
2022-01-15T14:51:00 993.9 33.7 63.5
2022-01-15T14:52:00 994.1 33.5 64.5
2022-01-15T14:53:00 994.2 33.5 64.3
2022-01-15T14:54:00 994.5 33.6 63.0
2022-01-15T14:55:00 994.5 33.7 63.7
2022-01-15T14:56:00 994.2 33.9 60.3
2022-01-15T14:57:00 993.9 34.2 58.4
2022-01-15T14:58:00 993.4 34.4 58.7
2022-01-15T14:59:00 993.1 34.7 58.7
2022-01-15T15:00:00 993.1 34.8 58.8
2022-01-15T15:01:00 993.1 34.7 59.9
2022-01-15T15:02:00 993.1 34.3 62.1
2022-01-15T15:03:00 993.1 34.2 61.5
2022-01-15T15:04:00 993.1 34.3 60.6
2022-01-15T15:05:00 992.8 34.5 60.1
2022-01-15T15:06:00 992.7 34.4 60.3
2022-01-15T15:07:00 992.7 34.0 61.8
2022-01-15T15:08:00 992.7 33.8 62.2
2022-01-15T15:09:00 992.8 33.9 61.8
2022-01-15T15:10:00 992.8 33.9 60.0
2022-01-15T15:11:00 992.8 33.9 61.1
2022-01-15T15:12:00 992.8 33.9 61.6
2022-01-15T15:13:00 992.8 34.1 60.4
2022-01-15T15:14:00 992.8 34.4 59.7
2022-01-15T15:15:00 993.0 34.4 60.0
2022-01-15T15:16:00 993.0 34.3 59.2
2022-01-15T15:17:00 992.8 34.2 62.0
2022-01-15T15:18:00 992.7 34.2 59.9
2022-01-15T15:19:00 992.7 34.2 60.4
2022-01-15T15:20:00 992.7 34.2 60.2
2022-01-15T15:21:00 992.7 34.3 61.0
2022-01-15T15:22:00 992.7 34.3 59.9
2022-01-15T15:23:00 992.7 34.3 60.1
2022-01-15T15:24:00 992.7 34.3 60.4
2022-01-15T15:25:00 992.7 34.3 61.0
2022-01-15T15:26:00 993.0 34.4 60.3
2022-01-15T15:27:00 993.1 34.5 62.1
2022-01-15T15:28:00 993.1 34.7 58.1
2022-01-15T15:29:00 993.0 34.8 58.5
2022-01-15T15:30:00 992.7 34.8 59.9
2022-01-15T15:31:00 992.5 34.8 57.7
2022-01-15T15:32:00 992.5 34.8 59.0
2022-01-15T15:33:00 992.5 34.7 59.1
2022-01-15T15:34:00 992.5 34.5 60.6
2022-01-15T15:35:00 992.7 34.5 59.2
2022-01-15T15:36:00 992.7 34.6 59.5
2022-01-15T15:37:00 992.7 34.7 59.8
2022-01-15T15:38:00 992.7 34.9 59.2
2022-01-15T15:39:00 992.7 34.8 58.4
2022-01-15T15:40:00 992.7 34.5 60.3
2022-01-15T15:41:00 992.7 34.3 61.3
2022-01-15T15:42:00 992.7 34.5 62.0
2022-01-15T15:43:00 992.5 34.8 60.4
2022-01-15T15:44:00 992.5 35.0 57.5
2022-01-15T15:45:00 992.5 35.1 58.2
2022-01-15T15:46:00 992.5 35.2 58.5
2022-01-15T15:47:00 992.5 34.9 59.2
2022-01-15T15:48:00 992.4 34.8 57.5
2022-01-15T15:49:00 992.4 34.8 59.6
2022-01-15T15:50:00 992.4 34.9 58.0
2022-01-15T15:51:00 992.4 35.0 58.0
2022-01-15T15:52:00 992.4 34.9 58.5
2022-01-15T15:53:00 992.4 34.9 58.6
2022-01-15T15:54:00 992.4 35.1 58.8
2022-01-15T15:55:00 992.4 35.2 58.6
2022-01-15T15:56:00 992.2 35.3 56.5
2022-01-15T15:57:00 992.4 35.4 57.7
2022-01-15T15:58:00 992.2 35.3 57.8
2022-01-15T15:59:00 992.2 35.2 57.3
2022-01-15T16:00:00 992.2 35.0 58.2
2022-01-15T16:01:00 992.2 35.1 59.0
2022-01-15T16:02:00 992.2 35.3 58.8
2022-01-15T16:03:00 992.2 35.4 56.9
2022-01-15T16:04:00 992.4 35.4 57.5
2022-01-15T16:05:00 992.4 35.3 59.0
2022-01-15T16:06:00 992.2 35.1 57.7
2022-01-15T16:07:00 992.2 34.9 57.6
2022-01-15T16:08:00 992.0 34.8 58.1
2022-01-15T16:09:00 992.0 34.7 58.5
2022-01-15T16:10:00 992.0 34.6 60.2
2022-01-15T16:11:00 992.0 34.3 59.4
2022-01-15T16:12:00 992.0 34.3 61.6
2022-01-15T16:13:00 992.0 34.4 59.2
2022-01-15T16:14:00 992.1 34.4 59.0
2022-01-15T16:15:00 992.0 34.4 60.1
2022-01-15T16:16:00 992.0 34.7 60.0
2022-01-15T16:17:00 992.0 35.0 59.5
2022-01-15T16:18:00 992.0 34.9 59.0
2022-01-15T16:19:00 992.0 34.8 58.1
2022-01-15T16:20:00 992.0 34.7 58.7
2022-01-15T16:21:00 992.0 34.6 59.7
2022-01-15T16:22:00 992.0 34.7 58.5
2022-01-15T16:23:00 992.0 34.9 59.0
2022-01-15T16:24:00 991.9 35.0 57.1
2022-01-15T16:25:00 992.0 35.0 57.1
2022-01-15T16:26:00 992.0 34.8 58.7
2022-01-15T16:27:00 991.9 34.6 59.3
2022-01-15T16:28:00 991.9 34.7 58.1
2022-01-15T16:29:00 991.9 34.8 57.4
2022-01-15T16:30:00 991.9 35.0 57.5
2022-01-15T16:31:00 991.9 35.1 58.0
2022-01-15T16:32:00 991.9 35.0 57.2
2022-01-15T16:33:00 991.7 34.8 57.9
2022-01-15T16:34:00 991.7 34.9 58.2
2022-01-15T16:35:00 991.6 34.8 58.9
2022-01-15T16:36:00 991.7 34.7 58.9
2022-01-15T16:37:00 991.7 34.6 60.5
2022-01-15T16:38:00 991.6 34.8 58.5
2022-01-15T16:39:00 991.6 35.0 59.5
2022-01-15T16:40:00 991.6 35.1 59.6
2022-01-15T16:41:00 991.6 35.3 57.7
2022-01-15T16:42:00 991.6 35.4 55.4
2022-01-15T16:43:00 991.6 35.4 56.7
2022-01-15T16:44:00 991.6 35.4 56.8
2022-01-15T16:45:00 991.6 35.3 56.6
2022-01-15T16:46:00 991.6 35.3 58.0
2022-01-15T16:47:00 991.6 35.3 58.0
2022-01-15T16:48:00 991.6 35.3 56.5
2022-01-15T16:49:00 991.4 35.2 57.7
2022-01-15T16:50:00 991.6 35.2 56.6
2022-01-15T16:51:00 991.6 35.5 56.4
2022-01-15T16:52:00 991.6 35.7 57.6
2022-01-15T16:53:00 991.6 35.7 57.2
2022-01-15T16:54:00 991.4 35.6 57.8
2022-01-15T16:55:00 991.4 35.7 57.3
2022-01-15T16:56:00 991.4 35.8 55.9
2022-01-15T16:57:00 991.4 35.8 54.7
2022-01-15T16:58:00 991.3 35.8 55.5
2022-01-15T16:59:00 991.3 35.8 54.7
2022-01-15T17:00:00 991.3 35.6 57.2
2022-01-15T17:01:00 991.1 35.6 56.3
2022-01-15T17:02:00 991.3 35.7 54.3
2022-01-15T17:03:00 991.1 35.8 55.8
2022-01-15T17:04:00 991.1 35.9 54.5
2022-01-15T17:05:00 991.1 35.8 55.7
2022-01-15T17:06:00 991.1 35.8 55.9
2022-01-15T17:07:00 991.0 35.8 56.6
2022-01-15T17:08:00 991.0 35.9 54.2
2022-01-15T17:09:00 991.0 35.8 54.9
2022-01-15T17:10:00 991.0 35.8 55.4
2022-01-15T17:11:00 991.0 35.7 54.6
2022-01-15T17:12:00 991.0 35.4 56.6
2022-01-15T17:13:00 991.0 35.3 56.8
2022-01-15T17:14:00 991.0 35.3 56.4
2022-01-15T17:15:00 991.0 35.4 56.6
2022-01-15T17:16:00 991.0 35.5 55.0
2022-01-15T17:17:00 990.8 35.5 55.6
2022-01-15T17:18:00 990.8 35.5 54.7
2022-01-15T17:19:00 990.8 35.5 54.8
2022-01-15T17:20:00 990.8 35.6 55.5
2022-01-15T17:21:00 990.8 36.0 54.9
2022-01-15T17:22:00 990.7 35.9 54.6
2022-01-15T17:23:00 990.7 35.9 53.7
2022-01-15T17:24:00 990.7 35.7 54.3
2022-01-15T17:25:00 990.7 35.6 54.7
2022-01-15T17:26:00 990.7 35.6 56.0
2022-01-15T17:27:00 990.5 35.8 55.4
2022-01-15T17:28:00 990.7 35.7 54.2
2022-01-15T17:29:00 990.5 35.7 54.1
2022-01-15T17:30:00 990.5 35.8 55.0
2022-01-15T17:31:00 990.5 35.9 53.9
2022-01-15T17:32:00 990.5 35.9 54.0
2022-01-15T17:33:00 990.4 35.9 53.2
2022-01-15T17:34:00 990.5 36.0 53.9
2022-01-15T17:35:00 990.4 36.2 52.3
2022-01-15T17:36:00 990.4 36.0 53.3
2022-01-15T17:37:00 990.4 35.9 55.3
2022-01-15T17:38:00 990.4 36.1 55.0
2022-01-15T17:39:00 990.4 36.2 54.1
2022-01-15T17:40:00 990.4 36.1 53.9
2022-01-15T17:41:00 990.4 35.9 54.5
2022-01-15T17:42:00 990.4 35.8 54.3
2022-01-15T17:43:00 990.4 35.6 55.0
2022-01-15T17:44:00 990.4 35.6 56.2
2022-01-15T17:45:00 990.4 35.6 56.1
2022-01-15T17:46:00 990.4 35.7 55.2
2022-01-15T17:47:00 990.4 35.8 54.7
2022-01-15T17:48:00 990.2 35.7 53.7
2022-01-15T17:49:00 990.2 35.8 54.6
2022-01-15T17:50:00 990.2 35.9 54.0
2022-01-15T17:51:00 990.2 36.0 54.3
2022-01-15T17:52:00 990.2 36.3 53.7
2022-01-15T17:53:00 990.1 36.3 53.6
2022-01-15T17:54:00 990.1 36.4 53.9
2022-01-15T17:55:00 990.1 36.6 52.5
2022-01-15T17:56:00 990.1 36.7 51.8
2022-01-15T17:57:00 990.1 36.6 52.8
2022-01-15T17:58:00 990.1 36.6 52.9
2022-01-15T17:59:00 989.9 36.7 52.7
2022-01-15T18:00:00 989.9 36.7 52.1
2022-01-15T18:01:00 989.9 36.7 52.9
2022-01-15T18:02:00 989.9 36.6 53.7
2022-01-15T18:03:00 989.9 36.5 52.4
2022-01-15T18:04:00 989.9 36.2 53.4
2022-01-15T18:05:00 989.9 35.7 54.6
2022-01-15T18:06:00 989.9 35.4 53.1
2022-01-15T18:07:00 989.9 35.5 53.9
2022-01-15T18:08:00 989.8 35.7 54.3
2022-01-15T18:09:00 989.8 35.9 54.8
2022-01-15T18:10:00 989.8 36.1 53.0
2022-01-15T18:11:00 989.8 36.2 52.9
2022-01-15T18:12:00 989.8 36.2 52.8
2022-01-15T18:13:00 989.6 36.3 52.3
2022-01-15T18:14:00 989.6 36.1 54.2
2022-01-15T18:15:00 989.6 36.1 54.8
2022-01-15T18:16:00 989.6 36.0 54.1
2022-01-15T18:17:00 989.6 35.9 54.4
2022-01-15T18:18:00 989.6 35.7 56.3
2022-01-15T18:19:00 989.5 35.6 55.1
2022-01-15T18:20:00 989.5 35.6 55.4
2022-01-15T18:21:00 989.5 35.4 54.2
2022-01-15T18:22:00 989.5 35.4 55.3
2022-01-15T18:23:00 989.5 35.4 56.4
2022-01-15T18:24:00 989.3 35.2 57.5
2022-01-15T18:25:00 989.3 35.1 56.9
2022-01-15T18:26:00 989.3 34.9 56.5
2022-01-15T18:27:00 989.3 34.8 56.8
2022-01-15T18:28:00 989.3 34.9 56.5
2022-01-15T18:29:00 989.3 35.0 56.6
2022-01-15T18:30:00 989.3 35.2 56.4
2022-01-15T18:31:00 989.3 35.4 55.4
2022-01-15T18:32:00 989.2 35.6 54.6
2022-01-15T18:33:00 989.2 35.7 54.1
2022-01-15T18:34:00 989.2 35.8 54.9
2022-01-15T18:35:00 989.2 35.9 54.2
2022-01-15T18:36:00 989.2 35.9 52.7
2022-01-15T18:37:00 989.0 35.9 54.3
2022-01-15T18:38:00 989.0 35.8 54.1
2022-01-15T18:39:00 989.0 35.8 53.9
2022-01-15T18:40:00 989.0 35.8 54.9
2022-01-15T18:41:00 989.0 35.8 55.0
2022-01-15T18:42:00 989.0 35.9 54.4
2022-01-15T18:43:00 988.8 36.1 53.7
2022-01-15T18:44:00 988.8 36.2 53.2
2022-01-15T18:45:00 988.8 36.1 53.0
2022-01-15T18:46:00 988.8 36.0 54.0
2022-01-15T18:47:00 988.8 36.0 54.6
2022-01-15T18:48:00 988.8 36.0 54.2
2022-01-15T18:49:00 988.8 36.1 53.3
2022-01-15T18:50:00 988.7 36.1 53.2
2022-01-15T18:51:00 988.8 36.1 54.6
2022-01-15T18:52:00 988.7 36.0 54.8
2022-01-15T18:53:00 988.7 36.0 53.7
2022-01-15T18:54:00 988.7 35.8 54.1
2022-01-15T18:55:00 988.7 35.6 53.6
2022-01-15T18:56:00 988.5 35.5 55.0
2022-01-15T18:57:00 988.5 35.5 54.0
2022-01-15T18:58:00 988.5 35.5 54.7
2022-01-15T18:59:00 988.5 35.4 55.0
2022-01-15T19:00:00 988.5 35.5 54.9
2022-01-15T19:01:00 988.4 35.5 55.8
2022-01-15T19:02:00 988.4 35.5 56.1
2022-01-15T19:03:00 988.4 35.5 56.2
2022-01-15T19:04:00 988.4 35.6 55.1
2022-01-15T19:05:00 988.2 35.8 55.1
2022-01-15T19:06:00 988.2 35.9 54.4
2022-01-15T19:07:00 988.2 35.9 54.5
2022-01-15T19:08:00 988.2 35.7 55.6
2022-01-15T19:09:00 988.2 35.6 55.3
2022-01-15T19:10:00 988.2 35.6 55.8
2022-01-15T19:11:00 988.2 35.8 54.9
2022-01-15T19:12:00 988.2 35.9 53.7
2022-01-15T19:13:00 988.2 35.9 53.4
2022-01-15T19:14:00 988.1 35.8 53.3
2022-01-15T19:15:00 988.1 35.9 53.1
2022-01-15T19:16:00 988.1 35.9 52.8
2022-01-15T19:17:00 987.9 36.1 52.9
2022-01-15T19:18:00 987.9 36.0 51.9
2022-01-15T19:19:00 987.9 35.9 52.7
2022-01-15T19:20:00 987.9 35.8 52.9
2022-01-15T19:21:00 987.9 35.9 53.6
2022-01-15T19:22:00 987.9 36.0 53.4
2022-01-15T19:23:00 987.9 36.1 53.1
2022-01-15T19:24:00 987.9 36.1 53.1
2022-01-15T19:25:00 987.9 35.9 53.7
2022-01-15T19:26:00 987.9 35.7 55.0
2022-01-15T19:27:00 987.9 35.4 55.0
2022-01-15T19:28:00 987.9 35.1 54.7
2022-01-15T19:29:00 987.9 34.9 56.4
2022-01-15T19:30:00 987.9 34.8 56.0
2022-01-15T19:31:00 987.9 34.6 56.4
2022-01-15T19:32:00 987.8 34.5 56.9
2022-01-15T19:33:00 987.8 34.4 56.4
2022-01-15T19:34:00 987.8 34.4 57.1
2022-01-15T19:35:00 987.8 34.5 56.6
2022-01-15T19:36:00 987.8 34.8 56.5
2022-01-15T19:37:00 987.8 34.9 56.9
2022-01-15T19:38:00 987.8 35.1 56.5
2022-01-15T19:39:00 987.8 35.2 56.6
2022-01-15T19:40:00 987.8 35.3 54.5
2022-01-15T19:41:00 987.8 35.5 54.7
2022-01-15T19:42:00 987.8 35.6 54.0
2022-01-15T19:43:00 987.8 35.6 53.0
2022-01-15T19:44:00 987.8 35.6 53.6
2022-01-15T19:45:00 987.8 35.7 53.4
2022-01-15T19:46:00 987.8 35.8 52.5
2022-01-15T19:47:00 987.8 35.8 52.1
2022-01-15T19:48:00 987.8 35.9 52.7
2022-01-15T19:49:00 987.8 36.0 52.2
2022-01-15T19:50:00 987.8 36.0 52.5
2022-01-15T19:51:00 987.8 36.1 51.8
2022-01-15T19:52:00 987.8 35.9 53.2
2022-01-15T19:53:00 987.6 35.9 52.7
2022-01-15T19:54:00 987.6 35.8 52.6
2022-01-15T19:55:00 987.6 35.9 53.5
2022-01-15T19:56:00 987.6 35.8 52.8
2022-01-15T19:57:00 987.6 35.8 53.4
2022-01-15T19:58:00 987.6 35.7 53.3
2022-01-15T19:59:00 987.6 35.6 54.0
2022-01-15T20:00:00 987.6 35.6 53.7
2022-01-15T20:01:00 987.6 35.5 53.2
2022-01-15T20:02:00 987.6 35.5 53.3
2022-01-15T20:03:00 987.6 35.5 52.8
2022-01-15T20:04:00 987.6 35.6 52.8
2022-01-15T20:05:00 987.6 35.7 53.0
2022-01-15T20:06:00 987.6 35.8 53.5
2022-01-15T20:07:00 987.6 35.8 53.1
2022-01-15T20:08:00 987.6 35.8 52.6
2022-01-15T20:09:00 987.6 35.7 53.6
2022-01-15T20:10:00 987.6 35.7 53.3
2022-01-15T20:11:00 987.6 35.7 53.7
2022-01-15T20:12:00 987.6 35.6 53.9
2022-01-15T20:13:00 987.6 35.5 54.4
2022-01-15T20:14:00 987.6 35.2 54.4
2022-01-15T20:15:00 987.6 35.1 54.6
2022-01-15T20:16:00 987.6 35.0 55.1
2022-01-15T20:17:00 987.6 35.0 55.0
2022-01-15T20:18:00 987.6 35.1 55.5
2022-01-15T20:19:00 987.6 35.1 54.9
2022-01-15T20:20:00 987.6 35.0 56.2
2022-01-15T20:21:00 987.5 34.9 55.5
2022-01-15T20:22:00 987.6 35.0 56.1
2022-01-15T20:23:00 987.6 35.0 55.7
2022-01-15T20:24:00 987.6 35.0 56.0
2022-01-15T20:25:00 987.6 35.1 56.2
2022-01-15T20:26:00 987.6 35.1 55.8
2022-01-15T20:27:00 987.6 35.2 55.6
2022-01-15T20:28:00 987.6 35.2 56.1
2022-01-15T20:29:00 987.6 35.3 55.8
2022-01-15T20:30:00 987.6 35.4 54.8
2022-01-15T20:31:00 987.6 35.4 54.9
2022-01-15T20:32:00 987.6 35.4 53.6
2022-01-15T20:33:00 987.6 35.5 53.5
2022-01-15T20:34:00 987.6 35.4 52.7
2022-01-15T20:35:00 987.6 35.4 52.4
2022-01-15T20:36:00 987.6 35.2 53.2
2022-01-15T20:37:00 987.6 35.3 53.1
2022-01-15T20:38:00 987.6 35.3 52.7
2022-01-15T20:39:00 987.6 35.4 53.2
2022-01-15T20:40:00 987.6 35.3 53.4
2022-01-15T20:41:00 987.6 35.4 52.8
2022-01-15T20:42:00 987.6 35.5 52.9
2022-01-15T20:43:00 987.6 35.7 51.9
2022-01-15T20:44:00 987.5 35.8 51.9
2022-01-15T20:45:00 987.5 35.8 52.2
2022-01-15T20:46:00 987.5 35.9 52.3
2022-01-15T20:47:00 987.5 35.9 51.3
2022-01-15T20:48:00 987.5 35.9 51.4
2022-01-15T20:49:00 987.5 36.0 51.3
2022-01-15T20:50:00 987.5 36.0 51.5
2022-01-15T20:51:00 987.5 36.1 51.1
2022-01-15T20:52:00 987.5 36.0 52.0
2022-01-15T20:53:00 987.5 35.8 51.2
2022-01-15T20:54:00 987.3 35.7 52.1
2022-01-15T20:55:00 987.3 35.7 52.5
2022-01-15T20:56:00 987.3 35.7 52.5
2022-01-15T20:57:00 987.3 35.7 53.7
2022-01-15T20:58:00 987.3 35.7 52.1
2022-01-15T20:59:00 987.3 35.7 52.5
2022-01-15T21:00:00 987.3 35.7 52.6
2022-01-15T21:01:00 987.3 35.6 52.3
2022-01-15T21:02:00 987.3 35.6 52.7
2022-01-15T21:03:00 987.3 35.5 53.0
2022-01-15T21:04:00 987.3 35.5 52.1
2022-01-15T21:05:00 987.3 35.6 52.3
2022-01-15T21:06:00 987.3 35.6 51.3
2022-01-15T21:07:00 987.3 35.6 52.1
2022-01-15T21:08:00 987.3 35.5 52.7
2022-01-15T21:09:00 987.3 35.4 52.6
2022-01-15T21:10:00 987.3 35.3 53.0
2022-01-15T21:11:00 987.3 35.2 52.0
2022-01-15T21:12:00 987.3 35.0 52.8
2022-01-15T21:13:00 987.3 34.9 53.3
2022-01-15T21:14:00 987.3 34.8 53.3
2022-01-15T21:15:00 987.3 34.8 54.2
2022-01-15T21:16:00 987.1 34.7 54.3
2022-01-15T21:17:00 987.3 34.6 54.1
2022-01-15T21:18:00 987.1 34.6 53.2
2022-01-15T21:19:00 987.1 34.6 54.0
2022-01-15T21:20:00 987.2 34.6 53.1
2022-01-15T21:21:00 987.2 34.6 53.4
2022-01-15T21:22:00 987.1 34.7 53.5
2022-01-15T21:23:00 987.2 34.7 54.0
2022-01-15T21:24:00 987.2 34.6 53.9
2022-01-15T21:25:00 987.2 34.6 55.1
2022-01-15T21:26:00 987.2 34.6 54.9
2022-01-15T21:27:00 987.2 34.5 55.0
2022-01-15T21:28:00 987.2 34.5 55.3
2022-01-15T21:29:00 987.2 34.5 54.8
2022-01-15T21:30:00 987.2 34.5 54.3
2022-01-15T21:31:00 987.2 34.5 53.9
2022-01-15T21:32:00 987.2 34.6 53.8
2022-01-15T21:33:00 987.2 34.6 54.5
2022-01-15T21:34:00 987.2 34.6 55.8
2022-01-15T21:35:00 987.2 34.5 56.4
2022-01-15T21:36:00 987.2 34.5 56.5
2022-01-15T21:37:00 987.2 34.4 56.6
2022-01-15T21:38:00 987.2 34.3 56.5
2022-01-15T21:39:00 987.2 34.3 56.5
2022-01-15T21:40:00 987.2 34.2 56.4
2022-01-15T21:41:00 987.2 34.2 55.7
2022-01-15T21:42:00 987.2 34.3 56.1
2022-01-15T21:43:00 987.2 34.2 56.2
2022-01-15T21:44:00 987.3 34.2 56.3
2022-01-15T21:45:00 987.3 34.2 56.8
2022-01-15T21:46:00 987.2 34.2 57.5
2022-01-15T21:47:00 987.2 34.2 58.1
2022-01-15T21:48:00 987.2 34.1 58.1
2022-01-15T21:49:00 987.2 34.1 57.9
2022-01-15T21:50:00 987.3 34.1 58.0
2022-01-15T21:51:00 987.3 34.2 57.0
2022-01-15T21:52:00 987.3 34.2 56.7
2022-01-15T21:53:00 987.3 34.2 56.9
2022-01-15T21:54:00 987.3 34.2 56.8
2022-01-15T21:55:00 987.3 34.2 57.3
2022-01-15T21:56:00 987.3 34.2 57.7
2022-01-15T21:57:00 987.3 34.2 57.3
2022-01-15T21:58:00 987.3 34.2 57.1
2022-01-15T21:59:00 987.3 34.2 56.7
2022-01-15T22:00:00 987.3 34.2 55.7
2022-01-15T22:01:00 987.3 34.2 55.7
2022-01-15T22:02:00 987.3 34.3 56.0
2022-01-15T22:03:00 987.3 34.2 56.1
2022-01-15T22:04:00 987.3 34.2 55.7
2022-01-15T22:05:00 987.3 34.2 55.2
2022-01-15T22:06:00 987.3 34.2 55.1
2022-01-15T22:07:00 987.3 34.3 55.0
2022-01-15T22:08:00 987.3 34.3 55.1
2022-01-15T22:09:00 987.3 34.3 55.4
2022-01-15T22:10:00 987.2 34.3 56.0
2022-01-15T22:11:00 987.3 34.3 57.0
2022-01-15T22:12:00 987.2 34.2 57.7
2022-01-15T22:13:00 987.2 34.2 58.5
2022-01-15T22:14:00 987.2 34.1 58.8
2022-01-15T22:15:00 987.2 34.1 59.3
2022-01-15T22:16:00 987.2 34.0 59.2
2022-01-15T22:17:00 987.2 34.0 60.1
2022-01-15T22:18:00 987.2 33.9 59.4
2022-01-15T22:19:00 987.2 33.9 58.7
2022-01-15T22:20:00 987.2 33.9 57.8
2022-01-15T22:21:00 987.2 33.8 57.6
2022-01-15T22:22:00 987.2 33.9 57.7
2022-01-15T22:23:00 987.3 33.9 58.0
2022-01-15T22:24:00 987.3 33.9 58.2
2022-01-15T22:25:00 987.3 33.9 58.5
2022-01-15T22:26:00 987.3 33.9 58.4
2022-01-15T22:27:00 987.3 33.9 58.5
2022-01-15T22:28:00 987.3 33.8 59.1
2022-01-15T22:29:00 987.3 33.8 59.6
2022-01-15T22:30:00 987.3 33.8 59.4
2022-01-15T22:31:00 987.5 33.8 59.5
2022-01-15T22:32:00 987.5 33.7 59.6
2022-01-15T22:33:00 987.5 33.7 59.6
2022-01-15T22:34:00 987.5 33.7 60.5
2022-01-15T22:35:00 987.6 33.7 60.7
2022-01-15T22:36:00 987.6 33.6 60.8
2022-01-15T22:37:00 987.6 33.6 60.8
2022-01-15T22:38:00 987.6 33.6 61.6
2022-01-15T22:39:00 987.6 33.6 62.4
2022-01-15T22:40:00 987.6 33.5 63.4
2022-01-15T22:41:00 987.6 33.4 63.8
2022-01-15T22:42:00 987.6 33.4 64.5
2022-01-15T22:43:00 987.6 33.3 65.2
2022-01-15T22:44:00 987.6 33.3 65.7
2022-01-15T22:45:00 987.6 33.2 65.9
2022-01-15T22:46:00 987.6 33.2 65.2
2022-01-15T22:47:00 987.8 33.1 65.6
2022-01-15T22:48:00 987.8 33.1 65.7
2022-01-15T22:49:00 987.8 33.1 64.8
2022-01-15T22:50:00 987.8 33.0 65.0
2022-01-15T22:51:00 987.8 33.1 65.4
2022-01-15T22:52:00 987.8 33.0 64.4
2022-01-15T22:53:00 987.8 33.0 64.8
2022-01-15T22:54:00 987.8 33.0 63.3
2022-01-15T22:55:00 987.9 33.0 62.7
2022-01-15T22:56:00 987.8 33.1 62.7
2022-01-15T22:57:00 987.9 33.1 63.2
2022-01-15T22:58:00 987.9 33.1 63.1
2022-01-15T22:59:00 987.9 33.2 63.5
2022-01-15T23:00:00 987.9 33.1 63.7
2022-01-15T23:01:00 987.9 33.1 63.9
2022-01-15T23:02:00 987.9 33.1 64.1
2022-01-15T23:03:00 987.9 33.1 64.3
2022-01-15T23:04:00 987.9 33.0 64.4
2022-01-15T23:05:00 987.9 33.0 64.6
2022-01-15T23:06:00 987.9 33.0 64.7
2022-01-15T23:07:00 987.9 33.0 64.3
2022-01-15T23:08:00 988.1 32.9 64.3
2022-01-15T23:09:00 988.1 32.9 64.5
2022-01-15T23:10:00 988.1 32.9 64.0
2022-01-15T23:11:00 988.1 32.9 64.4
2022-01-15T23:12:00 988.1 32.9 64.3
2022-01-15T23:13:00 988.2 32.9 64.5
2022-01-15T23:14:00 988.2 32.9 64.5
2022-01-15T23:15:00 988.2 32.9 64.6
2022-01-15T23:16:00 988.2 32.9 64.6
2022-01-15T23:17:00 988.2 32.8 65.0
2022-01-15T23:18:00 988.2 32.8 65.1
2022-01-15T23:19:00 988.2 32.9 65.4
2022-01-15T23:20:00 988.2 32.8 64.9
2022-01-15T23:21:00 988.2 32.8 65.1
2022-01-15T23:22:00 988.2 32.8 64.5
2022-01-15T23:23:00 988.2 32.8 64.6
2022-01-15T23:24:00 988.2 32.8 64.2
2022-01-15T23:25:00 988.2 32.8 64.0
2022-01-15T23:26:00 988.2 32.8 63.5
2022-01-15T23:27:00 988.2 32.8 63.5
2022-01-15T23:28:00 988.2 32.8 63.4
2022-01-15T23:29:00 988.2 32.8 63.0
2022-01-15T23:30:00 988.2 32.9 62.5
2022-01-15T23:31:00 988.2 32.9 62.6
2022-01-15T23:32:00 988.4 32.9 63.5
2022-01-15T23:33:00 988.4 32.9 63.6
2022-01-15T23:34:00 988.4 32.9 64.2
2022-01-15T23:35:00 988.4 32.9 64.2
2022-01-15T23:36:00 988.4 32.9 63.9
2022-01-15T23:37:00 988.4 32.9 64.4
2022-01-15T23:38:00 988.4 32.8 64.4
2022-01-15T23:39:00 988.4 32.8 64.6
2022-01-15T23:40:00 988.4 32.8 64.9
2022-01-15T23:41:00 988.4 32.8 65.1
2022-01-15T23:42:00 988.4 32.8 65.0
2022-01-15T23:43:00 988.4 32.8 64.9
2022-01-15T23:44:00 988.4 32.8 65.2
2022-01-15T23:45:00 988.4 32.8 65.5
2022-01-15T23:46:00 988.4 32.7 65.8
2022-01-15T23:47:00 988.4 32.8 65.9
2022-01-15T23:48:00 988.4 32.7 66.0
2022-01-15T23:49:00 988.4 32.8 66.0
2022-01-15T23:50:00 988.4 32.8 65.8
2022-01-15T23:51:00 988.4 32.8 66.2
2022-01-15T23:52:00 988.4 32.8 66.0
2022-01-15T23:53:00 988.4 32.7 65.7
2022-01-15T23:54:00 988.6 32.7 66.2
2022-01-15T23:55:00 988.4 32.8 66.5
2022-01-15T23:56:00 988.6 32.7 66.9
2022-01-15T23:57:00 988.6 32.8 67.1
2022-01-15T23:58:00 988.6 32.7 66.9
2022-01-15T23:59:00 988.6 32.7 67.5
