2022-01-16T00:00:00 974.6 30.8 49.8
2022-01-16T00:01:00 974.6 30.8 49.8
2022-01-16T00:02:00 974.7 30.7 49.9
2022-01-16T00:03:00 974.7 30.7 49.9
2022-01-16T00:04:00 974.7 30.7 49.5
2022-01-16T00:05:00 974.7 30.7 50.0
2022-01-16T00:06:00 974.7 30.6 50.1
2022-01-16T00:07:00 974.8 30.6 50.0
2022-01-16T00:08:00 974.8 30.6 50.0
2022-01-16T00:09:00 974.9 30.7 49.7
2022-01-16T00:10:00 974.9 30.7 50.5
2022-01-16T00:11:00 974.9 30.6 50.4
2022-01-16T00:12:00 974.9 30.6 50.1
2022-01-16T00:13:00 974.9 30.6 49.6
2022-01-16T00:14:00 974.9 30.6 50.1
2022-01-16T00:15:00 975.0 30.6 49.8
2022-01-16T00:16:00 975.0 30.6 49.7
2022-01-16T00:17:00 975.0 30.7 49.8
2022-01-16T00:18:00 975.0 30.6 50.0
2022-01-16T00:19:00 975.0 30.7 49.8
2022-01-16T00:20:00 975.0 30.7 49.9
2022-01-16T00:21:00 975.0 30.6 50.1
2022-01-16T00:22:00 975.0 30.6 50.4
2022-01-16T00:23:00 975.0 30.6 50.5
2022-01-16T00:24:00 975.0 30.6 50.6
2022-01-16T00:25:00 975.0 30.6 50.3
2022-01-16T00:26:00 975.0 30.6 50.4
2022-01-16T00:27:00 975.0 30.5 50.6
2022-01-16T00:28:00 975.1 30.5 50.5
2022-01-16T00:29:00 975.1 30.5 50.5
2022-01-16T00:30:00 975.1 30.5 50.7
2022-01-16T00:31:00 975.1 30.5 50.9
2022-01-16T00:32:00 975.1 30.5 51.0
2022-01-16T00:33:00 975.1 30.5 50.9
2022-01-16T00:34:00 975.1 30.5 51.1
2022-01-16T00:35:00 975.1 30.5 50.9
2022-01-16T00:36:00 975.2 30.5 50.9
2022-01-16T00:37:00 975.2 30.5 51.0
2022-01-16T00:38:00 975.2 30.5 51.0
2022-01-16T00:39:00 975.2 30.5 50.9
2022-01-16T00:40:00 975.3 30.5 50.8
2022-01-16T00:41:00 975.3 30.5 51.0
2022-01-16T00:42:00 975.3 30.5 51.0
2022-01-16T00:43:00 975.3 30.5 51.1
2022-01-16T00:44:00 975.3 30.5 51.0
2022-01-16T00:45:00 975.3 30.6 50.8
2022-01-16T00:46:00 975.4 30.6 50.3
2022-01-16T00:47:00 975.4 30.7 50.3
2022-01-16T00:48:00 975.4 30.7 50.1
2022-01-16T00:49:00 975.4 30.7 50.0
2022-01-16T00:50:00 975.4 30.7 50.0
2022-01-16T00:51:00 975.4 30.7 49.7
2022-01-16T00:52:00 975.5 30.7 49.6
2022-01-16T00:53:00 975.5 30.7 49.6
2022-01-16T00:54:00 975.5 30.7 49.4
2022-01-16T00:55:00 975.5 30.7 49.7
2022-01-16T00:56:00 975.5 30.7 49.6
2022-01-16T00:57:00 975.5 30.7 49.8
2022-01-16T00:58:00 975.5 30.7 50.1
2022-01-16T00:59:00 975.5 30.6 50.7
2022-01-16T01:00:00 975.5 30.6 50.8
2022-01-16T01:01:00 975.5 30.6 51.3
2022-01-16T01:02:00 975.5 30.6 51.7
2022-01-16T01:03:00 975.5 30.5 51.8
2022-01-16T01:04:00 975.5 30.5 52.2
2022-01-16T01:05:00 975.5 30.4 52.3
2022-01-16T01:06:00 975.5 30.3 52.8
2022-01-16T01:07:00 975.5 30.3 53.0
2022-01-16T01:08:00 975.5 30.2 53.2
2022-01-16T01:09:00 975.5 30.2 53.3
2022-01-16T01:10:00 975.5 30.2 53.2
2022-01-16T01:11:00 975.5 30.2 53.1
2022-01-16T01:12:00 975.5 30.1 53.3
2022-01-16T01:13:00 975.5 30.1 53.4
2022-01-16T01:14:00 975.5 30.1 53.4
2022-01-16T01:15:00 975.5 30.1 53.4
2022-01-16T01:16:00 975.5 30.1 53.3
2022-01-16T01:17:00 975.5 30.1 53.5
2022-01-16T01:18:00 975.5 30.1 53.8
2022-01-16T01:19:00 975.5 30.0 54.3
2022-01-16T01:20:00 975.5 30.0 53.9
2022-01-16T01:21:00 975.5 29.9 54.3
2022-01-16T01:22:00 975.5 29.9 54.4
2022-01-16T01:23:00 975.5 29.9 54.3
2022-01-16T01:24:00 975.5 29.9 54.4
2022-01-16T01:25:00 975.5 29.8 54.5
2022-01-16T01:26:00 975.5 29.8 54.6
2022-01-16T01:27:00 975.4 29.8 54.6
2022-01-16T01:28:00 975.4 29.8 55.0
2022-01-16T01:29:00 975.4 29.7 55.3
2022-01-16T01:30:00 975.4 29.7 54.8
2022-01-16T01:31:00 975.4 29.8 54.7
2022-01-16T01:32:00 975.5 29.8 54.9
2022-01-16T01:33:00 975.5 29.8 55.1
2022-01-16T01:34:00 975.5 29.7 55.2
2022-01-16T01:35:00 975.5 29.7 55.2
2022-01-16T01:36:00 975.5 29.7 55.5
2022-01-16T01:37:00 975.5 29.7 55.2
2022-01-16T01:38:00 975.6 29.7 55.5
2022-01-16T01:39:00 975.6 29.7 55.3
2022-01-16T01:40:00 975.6 29.7 55.5
2022-01-16T01:41:00 975.6 29.7 55.4
2022-01-16T01:42:00 975.6 29.7 55.5
2022-01-16T01:43:00 975.6 29.7 55.3
2022-01-16T01:44:00 975.6 29.7 55.2
2022-01-16T01:45:00 975.6 29.6 55.9
2022-01-16T01:46:00 975.6 29.6 55.5
2022-01-16T01:47:00 975.6 29.6 55.7
2022-01-16T01:48:00 975.6 29.6 55.6
2022-01-16T01:49:00 975.6 29.6 55.9
2022-01-16T01:50:00 975.6 29.6 55.6
2022-01-16T01:51:00 975.7 29.6 55.4
2022-01-16T01:52:00 975.7 29.7 55.5
2022-01-16T01:53:00 975.7 29.7 55.4
2022-01-16T01:54:00 975.7 29.7 55.9
2022-01-16T01:55:00 975.7 29.6 56.4
2022-01-16T01:56:00 975.7 29.5 57.4
2022-01-16T01:57:00 975.7 29.5 57.1
2022-01-16T01:58:00 975.8 29.5 57.1
2022-01-16T01:59:00 975.7 29.5 56.7
2022-01-16T02:00:00 975.7 29.4 56.5
2022-01-16T02:01:00 975.8 29.4 56.3
2022-01-16T02:02:00 975.8 29.4 56.2
2022-01-16T02:03:00 975.8 29.5 56.2
2022-01-16T02:04:00 975.8 29.5 56.5
2022-01-16T02:05:00 975.8 29.5 57.0
2022-01-16T02:06:00 975.7 29.5 57.2
2022-01-16T02:07:00 975.7 29.5 56.6
2022-01-16T02:08:00 975.7 29.4 56.8
2022-01-16T02:09:00 975.8 29.4 56.4
2022-01-16T02:10:00 975.8 29.5 56.1
2022-01-16T02:11:00 975.8 29.5 55.9
2022-01-16T02:12:00 975.8 29.5 56.7
2022-01-16T02:13:00 975.9 29.5 57.4
2022-01-16T02:14:00 975.9 29.4 57.2
2022-01-16T02:15:00 975.9 29.4 57.5
2022-01-16T02:16:00 976.0 29.3 58.5
2022-01-16T02:17:00 976.0 29.2 59.7
2022-01-16T02:18:00 975.9 29.1 59.7
2022-01-16T02:19:00 975.9 29.1 59.5
2022-01-16T02:20:00 976.0 29.1 60.0
2022-01-16T02:21:00 976.0 29.1 59.8
2022-01-16T02:22:00 976.0 29.1 59.4
2022-01-16T02:23:00 976.0 29.1 59.3
2022-01-16T02:24:00 976.0 29.2 59.4
2022-01-16T02:25:00 976.0 29.2 58.9
2022-01-16T02:26:00 976.0 29.3 57.7
2022-01-16T02:27:00 976.0 29.4 57.2
2022-01-16T02:28:00 976.0 29.5 56.8
2022-01-16T02:29:00 976.0 29.5 57.0
2022-01-16T02:30:00 976.0 29.5 57.0
2022-01-16T02:31:00 976.0 29.6 57.0
2022-01-16T02:32:00 975.9 29.5 57.2
2022-01-16T02:33:00 975.9 29.5 57.3
2022-01-16T02:34:00 975.9 29.5 57.3
2022-01-16T02:35:00 975.9 29.5 57.5
2022-01-16T02:36:00 975.9 29.5 57.4
2022-01-16T02:37:00 975.9 29.5 57.4
2022-01-16T02:38:00 975.9 29.5 57.4
2022-01-16T02:39:00 976.0 29.5 57.4
2022-01-16T02:40:00 976.0 29.5 57.0
2022-01-16T02:41:00 976.0 29.5 57.0
2022-01-16T02:42:00 976.1 29.6 57.0
2022-01-16T02:43:00 976.1 29.6 57.1
2022-01-16T02:44:00 976.1 29.6 57.2
2022-01-16T02:45:00 976.1 29.5 57.3
2022-01-16T02:46:00 976.1 29.6 57.5
2022-01-16T02:47:00 976.1 29.6 57.4
2022-01-16T02:48:00 976.1 29.6 57.9
2022-01-16T02:49:00 976.1 29.6 57.6
2022-01-16T02:50:00 976.0 29.6 57.7
2022-01-16T02:51:00 976.0 29.5 57.9
2022-01-16T02:52:00 976.0 29.5 58.1
2022-01-16T02:53:00 976.0 29.5 58.3
2022-01-16T02:54:00 976.0 29.4 58.3
2022-01-16T02:55:00 976.0 29.4 58.6
2022-01-16T02:56:00 976.1 29.4 58.6
2022-01-16T02:57:00 976.1 29.4 58.8
2022-01-16T02:58:00 976.1 29.4 59.1
2022-01-16T02:59:00 976.0 29.3 59.1
2022-01-16T03:00:00 976.0 29.3 59.1
2022-01-16T03:01:00 976.0 29.3 59.2
2022-01-16T03:02:00 976.0 29.3 59.3
2022-01-16T03:03:00 976.0 29.3 59.1
2022-01-16T03:04:00 976.0 29.3 59.4
2022-01-16T03:05:00 976.0 29.2 59.5
2022-01-16T03:06:00 976.0 29.2 59.5
2022-01-16T03:07:00 976.0 29.2 59.7
2022-01-16T03:08:00 976.0 29.2 59.7
2022-01-16T03:09:00 976.0 29.1 60.1
2022-01-16T03:10:00 976.1 29.1 60.0
2022-01-16T03:11:00 976.1 29.1 60.2
2022-01-16T03:12:00 976.1 29.1 60.4
2022-01-16T03:13:00 976.1 29.0 60.5
2022-01-16T03:14:00 976.1 29.0 60.5
2022-01-16T03:15:00 976.1 29.0 60.6
2022-01-16T03:16:00 976.0 29.0 60.5
2022-01-16T03:17:00 976.0 29.0 60.7
2022-01-16T03:18:00 976.0 29.0 60.6
2022-01-16T03:19:00 976.0 29.0 60.6
2022-01-16T03:20:00 976.0 29.0 60.7
2022-01-16T03:21:00 976.1 29.0 60.9
2022-01-16T03:22:00 976.1 29.0 60.8
2022-01-16T03:23:00 976.1 29.0 61.0
2022-01-16T03:24:00 976.1 28.9 61.2
2022-01-16T03:25:00 976.1 28.9 61.1
2022-01-16T03:26:00 976.1 28.9 61.2
2022-01-16T03:27:00 976.1 28.9 61.2
2022-01-16T03:28:00 976.1 28.9 61.3
2022-01-16T03:29:00 976.1 28.9 61.3
2022-01-16T03:30:00 976.1 28.9 61.4
2022-01-16T03:31:00 976.0 28.9 61.5
2022-01-16T03:32:00 976.0 28.8 61.4
2022-01-16T03:33:00 976.0 28.9 61.3
2022-01-16T03:34:00 976.0 28.9 61.4
2022-01-16T03:35:00 976.0 28.9 61.2
2022-01-16T03:36:00 975.9 28.9 61.3
2022-01-16T03:37:00 976.0 28.9 61.3
2022-01-16T03:38:00 976.0 28.9 61.3
2022-01-16T03:39:00 976.0 28.9 61.3
2022-01-16T03:40:00 975.9 28.9 61.4
2022-01-16T03:41:00 975.9 28.9 61.3
2022-01-16T03:42:00 975.9 28.9 61.3
2022-01-16T03:43:00 975.9 28.9 61.5
2022-01-16T03:44:00 975.9 28.8 61.5
2022-01-16T03:45:00 975.9 28.8 61.2
2022-01-16T03:46:00 975.9 28.8 61.2
2022-01-16T03:47:00 975.9 28.8 61.3
2022-01-16T03:48:00 975.9 28.8 61.5
2022-01-16T03:49:00 975.9 28.8 61.2
2022-01-16T03:50:00 975.9 28.8 61.5
2022-01-16T03:51:00 975.9 28.8 61.5
2022-01-16T03:52:00 975.9 28.8 61.5
2022-01-16T03:53:00 975.9 28.8 61.4
2022-01-16T03:54:00 975.8 28.8 61.1
2022-01-16T03:55:00 975.8 28.8 61.2
2022-01-16T03:56:00 975.8 28.8 61.3
2022-01-16T03:57:00 975.8 28.8 61.2
2022-01-16T03:58:00 975.8 28.8 61.3
2022-01-16T03:59:00 975.7 28.7 61.5
2022-01-16T04:00:00 975.7 28.7 61.4
2022-01-16T04:01:00 975.7 28.7 61.3
2022-01-16T04:02:00 975.7 28.7 61.6
2022-01-16T04:03:00 975.7 28.7 61.5
2022-01-16T04:04:00 975.7 28.7 61.6
2022-01-16T04:05:00 975.7 28.7 61.3
2022-01-16T04:06:00 975.7 28.7 61.1
2022-01-16T04:07:00 975.7 28.7 61.0
2022-01-16T04:08:00 975.7 28.7 61.3
2022-01-16T04:09:00 975.7 28.7 61.5
2022-01-16T04:10:00 975.7 28.6 61.5
2022-01-16T04:11:00 975.7 28.6 61.6
2022-01-16T04:12:00 975.7 28.6 61.6
2022-01-16T04:13:00 975.7 28.6 61.4
2022-01-16T04:14:00 975.7 28.6 61.6
2022-01-16T04:15:00 975.7 28.6 61.6
2022-01-16T04:16:00 975.7 28.6 61.7
2022-01-16T04:17:00 975.8 28.6 61.8
2022-01-16T04:18:00 975.8 28.6 62.0
2022-01-16T04:19:00 975.8 28.6 61.7
2022-01-16T04:20:00 975.8 28.6 61.7
2022-01-16T04:21:00 975.8 28.6 61.9
2022-01-16T04:22:00 975.8 28.6 62.0
2022-01-16T04:23:00 975.7 28.6 61.8
2022-01-16T04:24:00 975.7 28.6 61.8
2022-01-16T04:25:00 975.7 28.6 61.8
2022-01-16T04:26:00 975.6 28.6 61.9
2022-01-16T04:27:00 975.6 28.5 62.1
2022-01-16T04:28:00 975.6 28.5 62.2
2022-01-16T04:29:00 975.6 28.5 62.3
2022-01-16T04:30:00 975.6 28.5 62.4
2022-01-16T04:31:00 975.6 28.5 62.5
2022-01-16T04:32:00 975.6 28.4 62.7
2022-01-16T04:33:00 975.6 28.4 62.8
2022-01-16T04:34:00 975.6 28.4 62.9
2022-01-16T04:35:00 975.7 28.3 63.0
2022-01-16T04:36:00 975.7 28.3 63.1
2022-01-16T04:37:00 975.6 28.3 63.3
2022-01-16T04:38:00 975.6 28.3 63.1
2022-01-16T04:39:00 975.6 28.3 63.2
2022-01-16T04:40:00 975.6 28.3 63.5
2022-01-16T04:41:00 975.6 28.3 63.4
2022-01-16T04:42:00 975.6 28.2 63.2
2022-01-16T04:43:00 975.6 28.2 63.3
2022-01-16T04:44:00 975.6 28.2 63.3
2022-01-16T04:45:00 975.7 28.2 63.5
2022-01-16T04:46:00 975.6 28.2 63.6
2022-01-16T04:47:00 975.6 28.2 63.7
2022-01-16T04:48:00 975.6 28.2 63.7
2022-01-16T04:49:00 975.6 28.1 63.8
2022-01-16T04:50:00 975.5 28.1 63.8
2022-01-16T04:51:00 975.6 28.1 63.9
2022-01-16T04:52:00 975.6 28.1 64.0
2022-01-16T04:53:00 975.7 28.1 64.0
2022-01-16T04:54:00 975.6 28.1 64.1
2022-01-16T04:55:00 975.6 28.1 64.2
2022-01-16T04:56:00 975.6 28.1 64.3
2022-01-16T04:57:00 975.6 28.1 64.3
2022-01-16T04:58:00 975.6 28.1 64.4
2022-01-16T04:59:00 975.6 28.0 64.5
2022-01-16T05:00:00 975.6 28.0 64.4
2022-01-16T05:01:00 975.6 28.0 64.5
2022-01-16T05:02:00 975.6 28.0 64.4
2022-01-16T05:03:00 975.6 28.0 64.3
2022-01-16T05:04:00 975.6 28.1 64.2
2022-01-16T05:05:00 975.6 28.1 64.2
2022-01-16T05:06:00 975.6 28.1 64.2
2022-01-16T05:07:00 975.5 28.1 64.2
2022-01-16T05:08:00 975.5 28.1 64.2
2022-01-16T05:09:00 975.5 28.1 63.9
2022-01-16T05:10:00 975.5 28.1 64.1
2022-01-16T05:11:00 975.5 28.1 64.0
2022-01-16T05:12:00 975.5 28.1 64.2
2022-01-16T05:13:00 975.5 28.1 64.1
2022-01-16T05:14:00 975.5 28.1 64.1
2022-01-16T05:15:00 975.5 28.0 64.3
2022-01-16T05:16:00 975.5 28.0 64.5
2022-01-16T05:17:00 975.5 28.0 64.4
2022-01-16T05:18:00 975.4 28.0 64.5
2022-01-16T05:19:00 975.4 28.0 64.4
2022-01-16T05:20:00 975.4 28.0 64.5
2022-01-16T05:21:00 975.4 27.9 64.5
2022-01-16T05:22:00 975.4 27.9 64.3
2022-01-16T05:23:00 975.4 27.9 64.3
2022-01-16T05:24:00 975.4 27.9 64.3
2022-01-16T05:25:00 975.4 27.9 64.5
2022-01-16T05:26:00 975.4 27.9 64.5
2022-01-16T05:27:00 975.3 27.9 64.6
2022-01-16T05:28:00 975.3 27.8 64.5
2022-01-16T05:29:00 975.3 27.8 64.4
2022-01-16T05:30:00 975.3 27.8 64.5
2022-01-16T05:31:00 975.2 27.8 64.7
2022-01-16T05:32:00 975.2 27.8 64.6
2022-01-16T05:33:00 975.2 27.8 64.7
2022-01-16T05:34:00 975.2 27.7 64.9
2022-01-16T05:35:00 975.2 27.7 65.0
2022-01-16T05:36:00 975.2 27.7 64.5
2022-01-16T05:37:00 975.2 27.7 64.2
2022-01-16T05:38:00 975.1 27.6 63.8
2022-01-16T05:39:00 975.1 27.6 63.8
2022-01-16T05:40:00 975.1 27.6 64.0
2022-01-16T05:41:00 975.1 27.6 63.9
2022-01-16T05:42:00 975.2 27.6 63.2
2022-01-16T05:43:00 975.1 27.6 63.0
2022-01-16T05:44:00 975.2 27.6 63.4
2022-01-16T05:45:00 975.1 27.6 63.5
2022-01-16T05:46:00 975.2 27.6 63.7
2022-01-16T05:47:00 975.2 27.5 63.7
2022-01-16T05:48:00 975.2 27.5 63.6
2022-01-16T05:49:00 975.3 27.5 63.8
2022-01-16T05:50:00 975.3 27.5 63.8
2022-01-16T05:51:00 975.4 27.4 64.0
2022-01-16T05:52:00 975.4 27.4 63.9
2022-01-16T05:53:00 975.4 27.4 64.1
2022-01-16T05:54:00 975.4 27.4 64.0
2022-01-16T05:55:00 975.5 27.4 64.1
2022-01-16T05:56:00 975.6 27.4 64.3
2022-01-16T05:57:00 975.6 27.4 64.4
2022-01-16T05:58:00 975.6 27.3 64.5
2022-01-16T05:59:00 975.5 27.3 64.4
2022-01-16T06:00:00 975.5 27.3 64.5
2022-01-16T06:01:00 975.4 27.3 64.6
2022-01-16T06:02:00 975.4 27.3 64.8
2022-01-16T06:03:00 975.4 27.3 64.9
2022-01-16T06:04:00 975.4 27.2 65.0
2022-01-16T06:05:00 975.3 27.2 65.0
2022-01-16T06:06:00 975.2 27.2 65.1
2022-01-16T06:07:00 975.0 27.2 65.1
2022-01-16T06:08:00 974.9 27.1 65.2
2022-01-16T06:09:00 974.7 27.1 65.5
2022-01-16T06:10:00 974.7 27.1 65.5
2022-01-16T06:11:00 974.6 27.1 65.5
2022-01-16T06:12:00 974.7 27.0 65.7
2022-01-16T06:13:00 974.7 27.0 66.0
2022-01-16T06:14:00 974.7 27.0 66.0
2022-01-16T06:15:00 974.6 27.0 66.2
2022-01-16T06:16:00 974.5 26.9 66.3
2022-01-16T06:17:00 974.4 26.9 66.5
2022-01-16T06:18:00 974.3 26.9 66.5
2022-01-16T06:19:00 974.4 26.9 66.7
2022-01-16T06:20:00 974.5 26.8 66.8
2022-01-16T06:21:00 974.7 26.8 67.0
2022-01-16T06:22:00 974.8 26.8 67.0
2022-01-16T06:23:00 974.8 26.8 67.0
2022-01-16T06:24:00 974.8 26.8 67.1
2022-01-16T06:25:00 974.8 26.8 67.3
2022-01-16T06:26:00 974.8 26.7 67.5
2022-01-16T06:27:00 974.8 26.7 67.5
2022-01-16T06:28:00 974.8 26.7 67.6
2022-01-16T06:29:00 974.8 26.7 67.6
2022-01-16T06:30:00 974.9 26.6 67.8
2022-01-16T06:31:00 974.9 26.6 68.1
2022-01-16T06:32:00 974.9 26.6 68.1
2022-01-16T06:33:00 974.8 26.6 68.2
2022-01-16T06:34:00 974.8 26.6 68.3
2022-01-16T06:35:00 974.8 26.6 68.5
2022-01-16T06:36:00 975.0 26.5 68.6
2022-01-16T06:37:00 975.1 26.5 68.7
2022-01-16T06:38:00 975.2 26.5 68.8
2022-01-16T06:39:00 975.2 26.5 68.8
2022-01-16T06:40:00 975.2 26.5 69.1
2022-01-16T06:41:00 975.1 26.4 69.1
2022-01-16T06:42:00 975.1 26.4 69.0
2022-01-16T06:43:00 975.1 26.4 69.3
2022-01-16T06:44:00 975.0 26.4 69.4
2022-01-16T06:45:00 975.0 26.4 69.3
2022-01-16T06:46:00 975.0 26.4 69.5
2022-01-16T06:47:00 975.1 26.3 69.6
2022-01-16T06:48:00 975.1 26.3 69.8
2022-01-16T06:49:00 975.2 26.3 70.1
2022-01-16T06:50:00 975.2 26.3 70.1
2022-01-16T06:51:00 975.2 26.2 70.1
2022-01-16T06:52:00 975.3 26.2 70.2
2022-01-16T06:53:00 975.3 26.2 70.3
2022-01-16T06:54:00 975.3 26.2 70.3
2022-01-16T06:55:00 975.2 26.2 70.5
2022-01-16T06:56:00 975.2 26.1 70.5
2022-01-16T06:57:00 975.2 26.1 70.5
2022-01-16T06:58:00 975.2 26.1 70.5
2022-01-16T06:59:00 975.2 26.1 70.5
2022-01-16T07:00:00 975.3 26.1 70.6
2022-01-16T07:01:00 975.3 26.1 70.8
2022-01-16T07:02:00 975.3 26.1 71.0
2022-01-16T07:03:00 975.3 26.1 71.0
2022-01-16T07:04:00 975.3 26.1 71.0
2022-01-16T07:05:00 975.3 26.0 71.0
2022-01-16T07:06:00 975.4 26.0 71.2
2022-01-16T07:07:00 975.4 26.0 71.0
2022-01-16T07:08:00 975.4 26.0 71.1
2022-01-16T07:09:00 975.4 26.0 71.4
2022-01-16T07:10:00 975.4 26.0 71.3
2022-01-16T07:11:00 975.4 25.9 71.5
2022-01-16T07:12:00 975.4 25.9 71.7
2022-01-16T07:13:00 975.4 25.9 71.8
2022-01-16T07:14:00 975.4 25.9 71.9
2022-01-16T07:15:00 975.4 25.9 72.2
2022-01-16T07:16:00 975.4 25.8 72.2
2022-01-16T07:17:00 975.3 25.8 72.2
2022-01-16T07:18:00 975.3 25.8 72.3
2022-01-16T07:19:00 975.3 25.8 72.3
2022-01-16T07:20:00 975.3 25.8 72.3
2022-01-16T07:21:00 975.3 25.8 72.5
2022-01-16T07:22:00 975.3 25.8 72.7
2022-01-16T07:23:00 975.3 25.7 72.7
2022-01-16T07:24:00 975.3 25.7 72.8
2022-01-16T07:25:00 975.3 25.7 73.1
2022-01-16T07:26:00 975.3 25.7 73.2
2022-01-16T07:27:00 975.2 25.7 73.1
2022-01-16T07:28:00 975.3 25.6 73.3
2022-01-16T07:29:00 975.3 25.6 73.3
2022-01-16T07:30:00 975.2 25.6 73.3
2022-01-16T07:31:00 975.2 25.6 73.4
2022-01-16T07:32:00 975.2 25.6 73.2
2022-01-16T07:33:00 975.3 25.6 73.2
2022-01-16T07:34:00 975.3 25.6 73.4
2022-01-16T07:35:00 975.3 25.6 73.5
2022-01-16T07:36:00 975.3 25.6 73.6
2022-01-16T07:37:00 975.2 25.6 73.4
2022-01-16T07:38:00 975.2 25.6 73.6
2022-01-16T07:39:00 975.2 25.6 73.6
2022-01-16T07:40:00 975.3 25.6 73.7
2022-01-16T07:41:00 975.3 25.5 73.8
2022-01-16T07:42:00 975.3 25.5 73.9
2022-01-16T07:43:00 975.3 25.5 73.9
2022-01-16T07:44:00 975.2 25.5 73.9
2022-01-16T07:45:00 975.2 25.5 74.1
2022-01-16T07:46:00 975.3 25.5 74.1
2022-01-16T07:47:00 975.2 25.5 74.2
2022-01-16T07:48:00 975.2 25.4 74.3
2022-01-16T07:49:00 975.2 25.4 74.3
2022-01-16T07:50:00 975.2 25.4 74.5
2022-01-16T07:51:00 975.2 25.4 74.5
2022-01-16T07:52:00 975.2 25.4 74.6
2022-01-16T07:53:00 975.2 25.4 74.6
2022-01-16T07:54:00 975.2 25.4 74.7
2022-01-16T07:55:00 975.2 25.4 74.7
2022-01-16T07:56:00 975.2 25.4 74.6
2022-01-16T07:57:00 975.2 25.4 74.8
2022-01-16T07:58:00 975.2 25.3 74.9
2022-01-16T07:59:00 975.1 25.3 75.0
2022-01-16T08:00:00 975.1 25.3 75.1
2022-01-16T08:01:00 975.2 25.3 75.0
2022-01-16T08:02:00 975.2 25.3 75.0
2022-01-16T08:03:00 975.2 25.3 75.3
2022-01-16T08:04:00 975.2 25.3 75.3
2022-01-16T08:05:00 975.2 25.3 75.4
2022-01-16T08:06:00 975.2 25.2 75.6
2022-01-16T08:07:00 975.2 25.2 75.7
2022-01-16T08:08:00 975.2 25.2 76.0
2022-01-16T08:09:00 975.2 25.2 75.8
2022-01-16T08:10:00 975.2 25.2 76.0
2022-01-16T08:11:00 975.3 25.2 76.3
2022-01-16T08:12:00 975.3 25.1 76.3
2022-01-16T08:13:00 975.3 25.1 76.1
2022-01-16T08:14:00 975.3 25.2 76.0
2022-01-16T08:15:00 975.3 25.1 76.2
2022-01-16T08:16:00 975.3 25.1 76.2
2022-01-16T08:17:00 975.3 25.1 76.1
2022-01-16T08:18:00 975.2 25.1 76.5
2022-01-16T08:19:00 975.2 25.1 76.4
2022-01-16T08:20:00 975.2 25.1 76.6
2022-01-16T08:21:00 975.3 25.1 76.7
2022-01-16T08:22:00 975.3 25.1 76.9
2022-01-16T08:23:00 975.3 25.1 76.4
2022-01-16T08:24:00 975.3 25.1 76.3
2022-01-16T08:25:00 975.4 25.1 76.4
2022-01-16T08:26:00 975.3 25.1 76.7
2022-01-16T08:27:00 975.4 25.1 76.3
2022-01-16T08:28:00 975.4 25.1 76.4
2022-01-16T08:29:00 975.4 25.1 76.3
2022-01-16T08:30:00 975.4 25.1 76.4
2022-01-16T08:31:00 975.4 25.1 76.1
2022-01-16T08:32:00 975.4 25.1 76.1
2022-01-16T08:33:00 975.4 25.1 76.2
2022-01-16T08:34:00 975.4 25.1 76.5
2022-01-16T08:35:00 975.4 25.2 75.6
2022-01-16T08:36:00 975.4 25.3 75.0
2022-01-16T08:37:00 975.4 25.4 74.8
2022-01-16T08:38:00 975.5 25.4 75.0
2022-01-16T08:39:00 975.4 25.4 74.9
2022-01-16T08:40:00 975.4 25.4 74.9
2022-01-16T08:41:00 975.5 25.4 74.6
2022-01-16T08:42:00 975.5 25.5 74.4
2022-01-16T08:43:00 975.5 25.5 74.2
2022-01-16T08:44:00 975.5 25.5 74.3
2022-01-16T08:45:00 975.5 25.5 74.2
2022-01-16T08:46:00 975.5 25.5 74.0
2022-01-16T08:47:00 975.5 25.6 73.9
2022-01-16T08:48:00 975.5 25.6 73.7
2022-01-16T08:49:00 975.5 25.6 73.8
2022-01-16T08:50:00 975.5 25.6 73.8
2022-01-16T08:51:00 975.5 25.6 73.7
2022-01-16T08:52:00 975.5 25.6 73.7
2022-01-16T08:53:00 975.6 25.6 73.7
2022-01-16T08:54:00 975.6 25.6 73.3
2022-01-16T08:55:00 975.6 25.6 73.4
2022-01-16T08:56:00 975.6 25.6 73.4
2022-01-16T08:57:00 975.6 25.6 73.4
2022-01-16T08:58:00 975.6 25.6 73.3
2022-01-16T08:59:00 975.6 25.6 73.4
2022-01-16T09:00:00 975.6 25.6 73.6
2022-01-16T09:01:00 975.5 25.6 73.8
2022-01-16T09:02:00 975.6 25.6 73.8
2022-01-16T09:03:00 975.6 25.6 73.8
2022-01-16T09:04:00 975.6 25.5 74.0
2022-01-16T09:05:00 975.6 25.5 74.0
2022-01-16T09:06:00 975.6 25.5 74.0
2022-01-16T09:07:00 975.6 25.5 74.0
2022-01-16T09:08:00 975.6 25.5 74.0
2022-01-16T09:09:00 975.6 25.5 74.0
2022-01-16T09:10:00 975.6 25.5 74.2
2022-01-16T09:11:00 975.6 25.5 74.1
2022-01-16T09:12:00 975.6 25.5 74.2
2022-01-16T09:13:00 975.6 25.5 74.3
2022-01-16T09:14:00 975.7 25.5 74.2
2022-01-16T09:15:00 975.6 25.5 74.4
2022-01-16T09:16:00 975.6 25.5 74.5
2022-01-16T09:17:00 975.7 25.5 74.6
2022-01-16T09:18:00 975.7 25.4 74.6
2022-01-16T09:19:00 975.7 25.4 74.8
2022-01-16T09:20:00 975.7 25.4 74.8
2022-01-16T09:21:00 975.7 25.4 74.9
2022-01-16T09:22:00 975.7 25.4 75.1
2022-01-16T09:23:00 975.7 25.4 75.1
2022-01-16T09:24:00 975.7 25.4 75.2
2022-01-16T09:25:00 975.7 25.4 75.3
2022-01-16T09:26:00 975.7 25.4 75.2
2022-01-16T09:27:00 975.7 25.3 75.3
2022-01-16T09:28:00 975.8 25.3 75.5
2022-01-16T09:29:00 975.8 25.3 75.7
2022-01-16T09:30:00 975.8 25.3 75.7
2022-01-16T09:31:00 975.8 25.3 75.5
2022-01-16T09:32:00 975.8 25.3 75.5
2022-01-16T09:33:00 975.7 25.3 75.6
2022-01-16T09:34:00 975.7 25.3 75.6
2022-01-16T09:35:00 975.7 25.3 75.7
2022-01-16T09:36:00 975.7 25.3 75.8
2022-01-16T09:37:00 975.8 25.3 75.9
2022-01-16T09:38:00 975.8 25.3 76.0
2022-01-16T09:39:00 975.8 25.3 75.8
2022-01-16T09:40:00 975.8 25.3 75.8
2022-01-16T09:41:00 975.8 25.3 75.9
2022-01-16T09:42:00 975.8 25.3 75.9
2022-01-16T09:43:00 975.8 25.3 75.8
2022-01-16T09:44:00 975.8 25.3 76.0
2022-01-16T09:45:00 975.8 25.4 75.6
2022-01-16T09:46:00 975.8 25.5 75.2
2022-01-16T09:47:00 975.9 25.7 74.8
2022-01-16T09:48:00 975.9 25.8 74.4
2022-01-16T09:49:00 975.9 26.0 73.8
2022-01-16T09:50:00 975.9 26.1 73.2
2022-01-16T09:51:00 975.9 26.1 73.0
2022-01-16T09:52:00 975.9 26.2 72.4
2022-01-16T09:53:00 975.9 26.3 72.2
2022-01-16T09:54:00 975.9 26.3 72.0
2022-01-16T09:55:00 975.9 26.3 72.2
2022-01-16T09:56:00 975.9 26.3 71.8
2022-01-16T09:57:00 976.0 26.2 72.1
2022-01-16T09:58:00 976.0 26.2 72.5
2022-01-16T09:59:00 976.0 26.2 72.5
2022-01-16T10:00:00 976.0 26.1 72.8
2022-01-16T10:01:00 976.0 26.1 72.8
2022-01-16T10:02:00 976.0 26.1 72.7
2022-01-16T10:03:00 976.0 26.1 72.8
2022-01-16T10:04:00 976.1 26.1 73.0
2022-01-16T10:05:00 976.1 26.1 73.3
2022-01-16T10:06:00 976.1 26.1 72.8
2022-01-16T10:07:00 976.1 26.1 72.2
2022-01-16T10:08:00 976.2 26.2 72.6
2022-01-16T10:09:00 976.2 26.2 72.5
2022-01-16T10:10:00 976.2 26.3 71.7
2022-01-16T10:11:00 976.2 26.3 71.9
2022-01-16T10:12:00 976.2 26.4 71.5
2022-01-16T10:13:00 976.2 26.6 71.3
2022-01-16T10:14:00 976.1 26.7 71.1
2022-01-16T10:15:00 976.1 26.8 70.1
2022-01-16T10:16:00 976.1 26.9 70.3
2022-01-16T10:17:00 976.1 27.0 70.1
2022-01-16T10:18:00 976.1 27.1 69.7
2022-01-16T10:19:00 976.1 27.1 69.4
2022-01-16T10:20:00 976.2 27.2 69.3
2022-01-16T10:21:00 976.2 27.3 68.6
2022-01-16T10:22:00 976.2 27.4 68.3
2022-01-16T10:23:00 976.2 27.4 68.5
2022-01-16T10:24:00 976.2 27.5 68.3
2022-01-16T10:25:00 976.2 27.5 67.8
2022-01-16T10:26:00 976.2 27.5 68.0
2022-01-16T10:27:00 976.2 27.6 67.5
2022-01-16T10:28:00 976.2 27.6 67.4
2022-01-16T10:29:00 976.2 27.6 67.7
2022-01-16T10:30:00 976.2 27.6 67.5
2022-01-16T10:31:00 976.2 27.8 67.6
2022-01-16T10:32:00 976.2 27.8 66.9
2022-01-16T10:33:00 976.3 27.8 67.3
2022-01-16T10:34:00 976.2 27.9 66.4
2022-01-16T10:35:00 976.3 27.9 66.0
2022-01-16T10:36:00 976.3 27.9 66.2
2022-01-16T10:37:00 976.3 28.0 66.2
2022-01-16T10:38:00 976.3 27.9 66.2
2022-01-16T10:39:00 976.3 27.9 66.6
2022-01-16T10:40:00 976.3 28.1 65.9
2022-01-16T10:41:00 976.3 28.3 65.6
2022-01-16T10:42:00 976.3 28.5 65.0
2022-01-16T10:43:00 976.3 28.6 64.3
2022-01-16T10:44:00 976.3 28.5 64.0
2022-01-16T10:45:00 976.3 28.4 64.2
2022-01-16T10:46:00 976.3 28.6 63.5
2022-01-16T10:47:00 976.2 28.6 62.5
2022-01-16T10:48:00 976.2 28.5 63.4
2022-01-16T10:49:00 976.2 28.5 63.4
2022-01-16T10:50:00 976.2 28.7 63.0
2022-01-16T10:51:00 976.2 28.6 63.1
2022-01-16T10:52:00 976.2 28.6 63.7
2022-01-16T10:53:00 976.2 28.6 63.3
2022-01-16T10:54:00 976.3 28.7 63.4
2022-01-16T10:55:00 976.2 28.8 62.3
2022-01-16T10:56:00 976.3 28.7 62.8
2022-01-16T10:57:00 976.2 28.7 62.0
2022-01-16T10:58:00 976.3 28.8 62.2
2022-01-16T10:59:00 976.3 28.9 61.5
2022-01-16T11:00:00 976.2 29.0 60.8
2022-01-16T11:01:00 976.2 28.8 61.2
2022-01-16T11:02:00 976.2 28.8 61.1
2022-01-16T11:03:00 976.2 28.9 61.4
2022-01-16T11:04:00 976.1 29.1 61.0
2022-01-16T11:05:00 976.1 29.1 61.5
2022-01-16T11:06:00 976.1 29.2 60.5
2022-01-16T11:07:00 976.1 29.2 60.3
2022-01-16T11:08:00 976.1 29.1 60.0
2022-01-16T11:09:00 976.2 29.2 60.0
2022-01-16T11:10:00 976.1 29.2 60.0
2022-01-16T11:11:00 976.1 29.1 60.0
2022-01-16T11:12:00 976.1 29.1 60.0
2022-01-16T11:13:00 976.1 29.3 60.0
2022-01-16T11:14:00 976.1 29.6 60.0
2022-01-16T11:15:00 976.1 29.6 58.9
2022-01-16T11:16:00 976.1 29.6 59.8
2022-01-16T11:17:00 976.1 29.8 59.2
2022-01-16T11:18:00 976.1 29.9 58.6
2022-01-16T11:19:00 976.1 30.0 58.5
2022-01-16T11:20:00 976.1 30.3 57.6
2022-01-16T11:21:00 976.1 30.2 57.1
2022-01-16T11:22:00 976.1 30.1 57.0
2022-01-16T11:23:00 976.1 30.0 57.3
2022-01-16T11:24:00 976.0 30.1 58.2
2022-01-16T11:25:00 976.1 30.2 57.0
2022-01-16T11:26:00 976.1 30.3 57.1
2022-01-16T11:27:00 976.1 30.1 57.7
2022-01-16T11:28:00 976.0 30.2 57.8
2022-01-16T11:29:00 976.1 30.4 57.3
2022-01-16T11:30:00 976.0 30.5 56.3
2022-01-16T11:31:00 976.1 30.6 56.2
2022-01-16T11:32:00 976.1 30.6 55.9
2022-01-16T11:33:00 976.1 30.5 56.3
2022-01-16T11:34:00 976.1 30.5 56.0
2022-01-16T11:35:00 976.1 30.6 56.8
2022-01-16T11:36:00 976.1 30.7 56.4
2022-01-16T11:37:00 976.1 30.8 55.8
2022-01-16T11:38:00 976.2 30.7 55.8
2022-01-16T11:39:00 976.2 30.6 56.3
2022-01-16T11:40:00 976.1 30.8 56.0
2022-01-16T11:41:00 976.2 30.7 56.1
2022-01-16T11:42:00 976.1 30.7 56.5
2022-01-16T11:43:00 976.1 30.7 56.7
2022-01-16T11:44:00 976.2 30.9 56.2
2022-01-16T11:45:00 976.1 30.9 55.9
2022-01-16T11:46:00 976.2 30.9 56.1
2022-01-16T11:47:00 976.2 30.8 55.5
2022-01-16T11:48:00 976.2 31.1 56.2
2022-01-16T11:49:00 976.2 31.2 55.0
2022-01-16T11:50:00 976.2 31.4 55.0
2022-01-16T11:51:00 976.2 31.3 55.0
2022-01-16T11:52:00 976.2 31.4 54.4
2022-01-16T11:53:00 976.3 31.2 54.2
2022-01-16T11:54:00 976.3 31.2 55.4
2022-01-16T11:55:00 976.3 31.2 55.1
2022-01-16T11:56:00 976.3 31.1 55.1
2022-01-16T11:57:00 976.2 31.3 55.3
2022-01-16T11:58:00 976.3 31.6 54.1
2022-01-16T11:59:00 976.3 31.3 54.1
2022-01-16T12:00:00 976.3 31.3 54.8
2022-01-16T12:01:00 976.3 31.4 53.4
2022-01-16T12:02:00 976.2 31.4 54.7
2022-01-16T12:03:00 976.3 31.4 55.2
2022-01-16T12:04:00 976.3 31.4 55.8
2022-01-16T12:05:00 976.3 31.8 54.4
2022-01-16T12:06:00 976.3 31.9 53.3
2022-01-16T12:07:00 976.2 32.1 53.9
2022-01-16T12:08:00 976.2 32.1 53.8
2022-01-16T12:09:00 976.2 32.2 53.0
2022-01-16T12:10:00 976.2 32.2 53.5
2022-01-16T12:11:00 976.2 32.5 51.9
2022-01-16T12:12:00 976.2 32.6 51.4
2022-01-16T12:13:00 976.2 32.5 52.1
2022-01-16T12:14:00 976.2 32.3 52.3
2022-01-16T12:15:00 976.1 32.2 52.5
2022-01-16T12:16:00 976.1 32.6 52.1
2022-01-16T12:17:00 976.1 32.4 51.6
2022-01-16T12:18:00 976.1 32.5 52.9
2022-01-16T12:19:00 976.1 32.7 52.6
2022-01-16T12:20:00 976.1 32.8 52.5
2022-01-16T12:21:00 976.1 32.7 51.1
2022-01-16T12:22:00 976.1 32.8 52.4
2022-01-16T12:23:00 976.1 32.8 50.8
2022-01-16T12:24:00 976.0 32.5 51.8
2022-01-16T12:25:00 976.0 32.4 51.7
2022-01-16T12:26:00 976.0 32.5 52.1
2022-01-16T12:27:00 976.0 32.6 51.5
2022-01-16T12:28:00 976.0 33.0 51.7
2022-01-16T12:29:00 976.0 32.7 52.2
2022-01-16T12:30:00 976.0 32.8 51.7
2022-01-16T12:31:00 976.0 32.9 52.4
2022-01-16T12:32:00 976.0 32.9 50.9
2022-01-16T12:33:00 976.0 32.8 50.5
2022-01-16T12:34:00 976.0 32.8 51.5
2022-01-16T12:35:00 976.0 32.9 52.1
2022-01-16T12:36:00 976.0 32.9 50.5
2022-01-16T12:37:00 976.0 32.9 51.5
2022-01-16T12:38:00 976.0 33.0 50.8
2022-01-16T12:39:00 976.0 33.1 50.8
2022-01-16T12:40:00 976.0 33.1 51.0
2022-01-16T12:41:00 976.0 33.3 49.6
2022-01-16T12:42:00 976.0 33.1 49.9
2022-01-16T12:43:00 975.9 33.3 50.1
2022-01-16T12:44:00 976.0 33.3 49.9
2022-01-16T12:45:00 975.9 33.2 49.1
2022-01-16T12:46:00 975.9 33.1 50.4
2022-01-16T12:47:00 976.0 33.0 50.7
2022-01-16T12:48:00 975.9 33.0 50.2
2022-01-16T12:49:00 975.9 33.3 49.8
2022-01-16T12:50:00 975.9 33.1 49.4
2022-01-16T12:51:00 975.9 33.3 50.3
2022-01-16T12:52:00 975.9 33.4 50.1
2022-01-16T12:53:00 975.9 33.6 49.1
2022-01-16T12:54:00 975.9 33.5 48.7
2022-01-16T12:55:00 975.9 33.7 48.6
2022-01-16T12:56:00 975.9 33.8 49.9
2022-01-16T12:57:00 975.9 34.1 49.3
2022-01-16T12:58:00 976.0 34.1 48.8
2022-01-16T12:59:00 975.9 34.2 48.7
2022-01-16T13:00:00 975.9 34.3 47.8
2022-01-16T13:01:00 975.9 34.2 46.8
2022-01-16T13:02:00 975.9 34.1 47.6
2022-01-16T13:03:00 975.9 33.8 48.0
2022-01-16T13:04:00 975.9 34.0 47.5
2022-01-16T13:05:00 975.9 34.0 47.3
2022-01-16T13:06:00 975.9 34.2 47.9
2022-01-16T13:07:00 975.9 34.3 48.6
2022-01-16T13:08:00 975.9 34.5 47.0
2022-01-16T13:09:00 975.9 34.5 46.8
2022-01-16T13:10:00 975.9 34.1 46.4
2022-01-16T13:11:00 976.0 34.1 47.0
2022-01-16T13:12:00 976.0 33.9 46.5
2022-01-16T13:13:00 975.9 34.0 47.0
2022-01-16T13:14:00 975.9 34.4 46.2
2022-01-16T13:15:00 975.9 34.4 45.8
2022-01-16T13:16:00 975.9 34.4 46.2
2022-01-16T13:17:00 975.9 34.8 46.4
2022-01-16T13:18:00 975.9 34.5 46.0
2022-01-16T13:19:00 975.9 34.2 47.3
2022-01-16T13:20:00 975.9 34.5 45.5
2022-01-16T13:21:00 975.9 34.7 45.5
2022-01-16T13:22:00 975.9 34.8 45.3
2022-01-16T13:23:00 976.0 34.7 46.2
2022-01-16T13:24:00 975.9 34.7 46.0
2022-01-16T13:25:00 975.9 35.0 47.4
2022-01-16T13:26:00 975.9 35.0 45.4
2022-01-16T13:27:00 975.9 35.0 45.1
2022-01-16T13:28:00 975.9 35.2 46.9
2022-01-16T13:29:00 975.9 35.4 44.8
2022-01-16T13:30:00 975.9 35.4 45.0
2022-01-16T13:31:00 975.9 35.4 44.7
2022-01-16T13:32:00 975.9 35.5 44.5
2022-01-16T13:33:00 975.9 35.3 45.1
2022-01-16T13:34:00 975.9 35.0 44.6
2022-01-16T13:35:00 975.9 35.3 44.9
2022-01-16T13:36:00 975.8 35.3 44.4
2022-01-16T13:37:00 975.8 35.5 44.1
2022-01-16T13:38:00 975.8 35.6 44.8
2022-01-16T13:39:00 975.8 35.4 45.0
2022-01-16T13:40:00 975.8 35.3 45.0
2022-01-16T13:41:00 975.8 35.6 44.5
2022-01-16T13:42:00 975.8 35.3 44.6
2022-01-16T13:43:00 975.8 35.4 44.3
2022-01-16T13:44:00 975.8 35.4 46.1
2022-01-16T13:45:00 975.8 35.8 43.5
2022-01-16T13:46:00 975.8 35.8 43.5
2022-01-16T13:47:00 975.8 35.5 43.5
2022-01-16T13:48:00 975.8 35.3 44.1
2022-01-16T13:49:00 975.8 35.2 46.0
2022-01-16T13:50:00 975.7 34.9 48.2
2022-01-16T13:51:00 975.7 34.5 48.9
2022-01-16T13:52:00 975.6 34.0 49.8
2022-01-16T13:53:00 975.5 34.2 51.1
2022-01-16T13:54:00 975.5 34.3 49.5
2022-01-16T13:55:00 975.5 34.3 49.1
2022-01-16T13:56:00 975.5 34.3 50.5
2022-01-16T13:57:00 975.5 34.5 49.7
2022-01-16T13:58:00 975.4 34.8 50.1
2022-01-16T13:59:00 975.4 34.8 48.6
2022-01-16T14:00:00 975.4 34.7 49.1
2022-01-16T14:01:00 975.4 34.6 49.2
2022-01-16T14:02:00 975.4 34.5 49.2
2022-01-16T14:03:00 975.4 34.8 50.6
2022-01-16T14:04:00 975.3 34.8 49.3
2022-01-16T14:05:00 975.3 34.9 48.2
2022-01-16T14:06:00 975.3 35.0 47.5
2022-01-16T14:07:00 975.3 34.8 47.0
2022-01-16T14:08:00 975.3 34.9 49.5
2022-01-16T14:09:00 975.3 34.9 47.3
2022-01-16T14:10:00 975.3 35.0 49.0
2022-01-16T14:11:00 975.3 35.3 48.4
2022-01-16T14:12:00 975.3 35.5 45.6
2022-01-16T14:13:00 975.3 35.4 46.5
2022-01-16T14:14:00 975.2 35.5 44.0
2022-01-16T14:15:00 975.2 35.6 43.8
2022-01-16T14:16:00 975.2 35.7 44.4
2022-01-16T14:17:00 975.2 36.0 44.5
2022-01-16T14:18:00 975.2 36.3 44.2
2022-01-16T14:19:00 975.2 36.0 43.3
2022-01-16T14:20:00 975.2 35.7 42.9
2022-01-16T14:21:00 975.2 35.9 43.1
2022-01-16T14:22:00 975.2 36.2 45.1
2022-01-16T14:23:00 975.2 36.3 42.8
2022-01-16T14:24:00 975.2 36.0 42.5
2022-01-16T14:25:00 975.2 35.9 42.8
2022-01-16T14:26:00 975.2 36.1 42.5
2022-01-16T14:27:00 975.2 36.1 41.9
2022-01-16T14:28:00 975.1 36.0 43.0
2022-01-16T14:29:00 975.1 36.1 42.4
2022-01-16T14:30:00 975.1 36.3 43.4
2022-01-16T14:31:00 975.1 36.6 42.2
2022-01-16T14:32:00 975.1 36.6 43.9
2022-01-16T14:33:00 975.1 36.7 41.5
2022-01-16T14:34:00 975.0 36.5 41.9
2022-01-16T14:35:00 975.0 36.5 42.7
2022-01-16T14:36:00 975.1 36.7 42.2
2022-01-16T14:37:00 975.0 36.6 41.6
2022-01-16T14:38:00 975.0 36.5 42.1
2022-01-16T14:39:00 975.0 36.9 43.0
2022-01-16T14:40:00 975.0 36.8 41.3
2022-01-16T14:41:00 975.0 36.9 41.3
2022-01-16T14:42:00 975.0 37.1 40.5
2022-01-16T14:43:00 974.9 36.9 41.6
2022-01-16T14:44:00 974.9 36.9 41.5
2022-01-16T14:45:00 974.9 37.0 40.5
2022-01-16T14:46:00 974.9 36.9 41.3
2022-01-16T14:47:00 974.9 37.1 41.9
2022-01-16T14:48:00 974.9 37.0 40.6
2022-01-16T14:49:00 974.9 37.0 42.0
2022-01-16T14:50:00 974.9 37.2 40.8
2022-01-16T14:51:00 974.9 37.0 41.9
2022-01-16T14:52:00 974.9 37.0 39.9
2022-01-16T14:53:00 974.8 37.1 40.2
2022-01-16T14:54:00 974.8 37.3 40.6
2022-01-16T14:55:00 974.8 37.0 43.7
2022-01-16T14:56:00 974.8 36.7 45.6
2022-01-16T14:57:00 974.8 36.7 45.9
2022-01-16T14:58:00 974.8 36.9 46.3
2022-01-16T14:59:00 974.7 37.2 46.9
2022-01-16T15:00:00 974.7 37.2 44.6
2022-01-16T15:01:00 974.6 37.2 46.0
2022-01-16T15:02:00 974.6 37.4 43.4
2022-01-16T15:03:00 974.7 36.9 43.9
2022-01-16T15:04:00 974.6 36.5 45.2
2022-01-16T15:05:00 974.6 36.5 46.3
2022-01-16T15:06:00 974.6 36.7 46.0
2022-01-16T15:07:00 974.5 36.3 45.9
2022-01-16T15:08:00 974.5 36.0 47.1
2022-01-16T15:09:00 974.6 36.1 46.6
2022-01-16T15:10:00 974.5 35.9 46.0
2022-01-16T15:11:00 974.5 36.0 47.7
2022-01-16T15:12:00 974.5 35.6 48.5
2022-01-16T15:13:00 974.5 35.4 48.8
2022-01-16T15:14:00 974.5 35.2 49.6
2022-01-16T15:15:00 974.5 35.3 48.9
2022-01-16T15:16:00 974.5 35.6 49.9
2022-01-16T15:17:00 974.5 36.0 48.0
2022-01-16T15:18:00 974.4 36.0 49.0
2022-01-16T15:19:00 974.5 36.0 47.1
2022-01-16T15:20:00 974.4 35.9 46.8
2022-01-16T15:21:00 974.4 35.8 47.5
2022-01-16T15:22:00 974.3 35.5 47.3
2022-01-16T15:23:00 974.4 35.4 48.2
2022-01-16T15:24:00 974.4 35.4 50.3
2022-01-16T15:25:00 974.4 35.7 48.2
2022-01-16T15:26:00 974.3 35.4 48.5
2022-01-16T15:27:00 974.4 35.4 47.9
2022-01-16T15:28:00 974.4 35.4 47.4
2022-01-16T15:29:00 974.4 35.6 48.7
2022-01-16T15:30:00 974.4 35.7 47.2
2022-01-16T15:31:00 974.4 35.6 48.1
2022-01-16T15:32:00 974.3 35.7 47.7
2022-01-16T15:33:00 974.4 35.9 48.2
2022-01-16T15:34:00 974.4 35.9 48.5
2022-01-16T15:35:00 974.4 35.8 48.1
2022-01-16T15:36:00 974.3 35.7 47.6
2022-01-16T15:37:00 974.3 35.9 47.9
2022-01-16T15:38:00 974.3 35.9 47.4
2022-01-16T15:39:00 974.2 36.0 47.2
2022-01-16T15:40:00 974.2 35.8 47.7
2022-01-16T15:41:00 974.3 35.7 48.0
2022-01-16T15:42:00 974.2 35.3 49.1
2022-01-16T15:43:00 974.2 35.3 50.6
2022-01-16T15:44:00 974.1 35.5 49.1
2022-01-16T15:45:00 974.2 35.8 47.1
2022-01-16T15:46:00 974.2 36.0 46.9
2022-01-16T15:47:00 974.1 36.0 46.4
2022-01-16T15:48:00 974.1 35.9 47.4
2022-01-16T15:49:00 974.1 35.6 47.0
2022-01-16T15:50:00 974.0 35.4 49.1
2022-01-16T15:51:00 974.0 35.1 47.8
2022-01-16T15:52:00 974.0 34.8 48.9
2022-01-16T15:53:00 973.9 34.7 49.9
2022-01-16T15:54:00 974.0 34.9 49.9
2022-01-16T15:55:00 974.0 34.9 50.5
2022-01-16T15:56:00 974.0 35.0 51.0
2022-01-16T15:57:00 973.9 35.1 50.5
2022-01-16T15:58:00 973.8 35.5 49.3
2022-01-16T15:59:00 973.8 35.9 49.0
2022-01-16T16:00:00 973.8 35.7 47.4
2022-01-16T16:01:00 973.8 35.6 48.8
2022-01-16T16:02:00 973.8 35.4 47.6
2022-01-16T16:03:00 973.8 35.0 48.3
2022-01-16T16:04:00 973.8 35.1 48.3
2022-01-16T16:05:00 973.8 35.2 48.4
2022-01-16T16:06:00 973.8 35.1 48.6
2022-01-16T16:07:00 973.7 35.3 48.1
2022-01-16T16:08:00 973.7 35.5 49.3
2022-01-16T16:09:00 973.7 35.9 46.9
2022-01-16T16:10:00 973.7 36.2 47.1
2022-01-16T16:11:00 973.7 36.3 45.7
2022-01-16T16:12:00 973.7 36.3 44.7
2022-01-16T16:13:00 973.7 35.9 45.1
2022-01-16T16:14:00 973.7 35.5 46.1
2022-01-16T16:15:00 973.7 35.5 46.5
2022-01-16T16:16:00 973.7 35.9 46.3
2022-01-16T16:17:00 973.7 36.1 45.4
2022-01-16T16:18:00 973.7 36.2 44.7
2022-01-16T16:19:00 973.7 36.4 45.4
2022-01-16T16:20:00 973.7 36.4 44.5
2022-01-16T16:21:00 973.6 36.3 44.9
2022-01-16T16:22:00 973.6 36.3 46.5
2022-01-16T16:23:00 973.6 36.6 43.6
2022-01-16T16:24:00 973.5 36.3 44.8
2022-01-16T16:25:00 973.5 36.5 45.9
2022-01-16T16:26:00 973.5 36.8 45.1
2022-01-16T16:27:00 973.5 37.0 44.4
2022-01-16T16:28:00 973.4 37.4 45.3
2022-01-16T16:29:00 973.4 37.3 42.9
2022-01-16T16:30:00 973.4 37.0 43.5
2022-01-16T16:31:00 973.4 37.2 43.2
2022-01-16T16:32:00 973.4 37.4 44.4
2022-01-16T16:33:00 973.4 37.5 42.9
2022-01-16T16:34:00 973.3 37.2 43.2
2022-01-16T16:35:00 973.3 36.8 43.3
2022-01-16T16:36:00 973.4 36.3 44.7
2022-01-16T16:37:00 973.3 36.1 45.1
2022-01-16T16:38:00 973.3 36.2 45.4
2022-01-16T16:39:00 973.2 35.9 45.6
2022-01-16T16:40:00 973.2 35.7 46.4
2022-01-16T16:41:00 973.2 35.6 46.4
2022-01-16T16:42:00 973.2 35.7 46.3
2022-01-16T16:43:00 973.2 35.7 46.9
2022-01-16T16:44:00 973.2 35.9 46.4
2022-01-16T16:45:00 973.2 36.0 46.8
2022-01-16T16:46:00 973.2 36.4 47.5
2022-01-16T16:47:00 973.2 37.1 47.3
2022-01-16T16:48:00 973.2 37.5 43.5
2022-01-16T16:49:00 973.2 37.7 43.9
2022-01-16T16:50:00 973.2 37.7 43.3
2022-01-16T16:51:00 973.2 37.8 42.7
2022-01-16T16:52:00 973.1 37.8 41.9
2022-01-16T16:53:00 973.1 38.1 41.3
2022-01-16T16:54:00 973.1 38.3 40.5
2022-01-16T16:55:00 973.1 38.6 41.6
2022-01-16T16:56:00 973.1 39.0 41.5
2022-01-16T16:57:00 973.1 39.2 38.4
2022-01-16T16:58:00 973.1 39.3 40.0
2022-01-16T16:59:00 973.0 39.4 35.3
2022-01-16T17:00:00 973.0 39.4 34.8
2022-01-16T17:01:00 973.0 39.7 34.0
2022-01-16T17:02:00 972.9 39.9 32.9
2022-01-16T17:03:00 972.9 39.9 34.0
2022-01-16T17:04:00 972.9 39.6 33.2
2022-01-16T17:05:00 973.0 39.4 34.3
2022-01-16T17:06:00 972.9 39.2 35.0
2022-01-16T17:07:00 972.9 39.1 35.0
2022-01-16T17:08:00 972.9 39.0 34.7
2022-01-16T17:09:00 972.9 39.2 34.0
2022-01-16T17:10:00 972.9 39.2 34.3
2022-01-16T17:11:00 972.8 39.0 34.7
2022-01-16T17:12:00 972.8 39.3 35.7
2022-01-16T17:13:00 972.8 39.7 34.6
2022-01-16T17:14:00 972.8 39.3 35.2
2022-01-16T17:15:00 972.7 39.5 33.8
2022-01-16T17:16:00 972.7 39.4 32.9
2022-01-16T17:17:00 972.7 38.9 34.1
2022-01-16T17:18:00 972.6 39.0 34.4
2022-01-16T17:19:00 972.6 38.9 33.3
2022-01-16T17:20:00 972.6 38.6 33.5
2022-01-16T17:21:00 972.6 38.5 33.5
2022-01-16T17:22:00 972.6 38.9 34.5
2022-01-16T17:23:00 972.6 39.4 34.6
2022-01-16T17:24:00 972.5 39.4 34.0
2022-01-16T17:25:00 972.5 39.3 34.0
2022-01-16T17:26:00 972.5 39.5 33.1
2022-01-16T17:27:00 972.5 39.6 31.9
2022-01-16T17:28:00 972.5 39.7 32.1
2022-01-16T17:29:00 972.5 39.5 32.6
2022-01-16T17:30:00 972.4 39.2 33.9
2022-01-16T17:31:00 972.4 39.7 33.1
2022-01-16T17:32:00 972.4 39.4 32.7
2022-01-16T17:33:00 972.3 39.6 32.0
2022-01-16T17:34:00 972.3 39.8 33.1
2022-01-16T17:35:00 972.3 40.5 33.0
2022-01-16T17:36:00 972.3 40.3 30.9
2022-01-16T17:37:00 972.3 39.7 31.1
2022-01-16T17:38:00 972.2 39.3 32.0
2022-01-16T17:39:00 972.2 39.7 32.0
2022-01-16T17:40:00 972.2 40.4 32.3
2022-01-16T17:41:00 972.2 40.7 32.3
2022-01-16T17:42:00 972.2 41.1 31.2
2022-01-16T17:43:00 972.2 40.7 30.6
2022-01-16T17:44:00 972.1 40.5 30.4
2022-01-16T17:45:00 972.1 40.9 30.1
2022-01-16T17:46:00 972.1 40.8 31.1
2022-01-16T17:47:00 972.1 41.0 30.4
2022-01-16T17:48:00 972.1 41.3 29.6
2022-01-16T17:49:00 972.1 41.2 27.9
2022-01-16T17:50:00 972.1 40.2 29.6
2022-01-16T17:51:00 972.0 39.8 29.6
2022-01-16T17:52:00 972.0 39.7 30.2
2022-01-16T17:53:00 972.0 39.3 30.4
2022-01-16T17:54:00 972.0 39.4 30.9
2022-01-16T17:55:00 971.9 39.6 30.6
2022-01-16T17:56:00 971.9 39.6 31.5
2022-01-16T17:57:00 971.9 39.4 30.8
2022-01-16T17:58:00 972.0 39.0 31.7
2022-01-16T17:59:00 971.9 38.7 32.2
2022-01-16T18:00:00 971.9 38.2 33.3
2022-01-16T18:01:00 971.9 38.0 32.9
2022-01-16T18:02:00 971.9 37.9 33.8
2022-01-16T18:03:00 971.8 38.0 34.1
2022-01-16T18:04:00 971.8 37.9 34.0
2022-01-16T18:05:00 971.8 37.9 34.4
2022-01-16T18:06:00 971.8 38.2 34.3
2022-01-16T18:07:00 971.7 38.5 34.1
2022-01-16T18:08:00 971.7 38.7 33.3
2022-01-16T18:09:00 971.7 38.3 33.8
2022-01-16T18:10:00 971.6 38.8 33.2
2022-01-16T18:11:00 971.6 39.0 33.3
2022-01-16T18:12:00 971.6 39.0 32.4
2022-01-16T18:13:00 971.6 38.6 33.3
2022-01-16T18:14:00 971.6 38.5 33.3
2022-01-16T18:15:00 971.6 38.4 33.5
2022-01-16T18:16:00 971.6 38.3 33.0
2022-01-16T18:17:00 971.6 38.2 33.6
2022-01-16T18:18:00 971.6 38.0 34.2
2022-01-16T18:19:00 971.5 37.9 34.3
2022-01-16T18:20:00 971.5 37.8 34.6
2022-01-16T18:21:00 971.5 37.7 34.8
2022-01-16T18:22:00 971.5 38.1 34.3
2022-01-16T18:23:00 971.4 38.0 34.3
2022-01-16T18:24:00 971.4 37.9 34.1
2022-01-16T18:25:00 971.4 38.1 33.8
2022-01-16T18:26:00 971.4 38.7 33.3
2022-01-16T18:27:00 971.4 39.3 34.2
2022-01-16T18:28:00 971.4 39.5 31.7
2022-01-16T18:29:00 971.4 39.3 31.5
2022-01-16T18:30:00 971.4 39.3 31.3
2022-01-16T18:31:00 971.3 39.6 31.7
2022-01-16T18:32:00 971.3 39.9 32.4
2022-01-16T18:33:00 971.3 40.1 31.1
2022-01-16T18:34:00 971.3 40.0 31.8
2022-01-16T18:35:00 971.2 40.3 29.6
2022-01-16T18:36:00 971.2 40.6 29.7
2022-01-16T18:37:00 971.2 40.9 29.7
2022-01-16T18:38:00 971.1 41.4 30.3
2022-01-16T18:39:00 971.1 41.6 28.5
2022-01-16T18:40:00 971.1 41.4 26.1
2022-01-16T18:41:00 971.1 41.3 27.6
2022-01-16T18:42:00 971.0 41.2 27.7
2022-01-16T18:43:00 971.0 41.5 26.4
2022-01-16T18:44:00 971.0 41.7 25.5
2022-01-16T18:45:00 970.9 41.3 25.8
2022-01-16T18:46:00 970.9 40.7 26.1
2022-01-16T18:47:00 970.9 40.3 27.0
2022-01-16T18:48:00 970.9 40.1 26.2
2022-01-16T18:49:00 970.8 40.0 26.5
2022-01-16T18:50:00 970.8 40.2 26.0
2022-01-16T18:51:00 970.8 40.4 26.4
2022-01-16T18:52:00 970.8 40.3 27.3
2022-01-16T18:53:00 970.7 40.3 28.2
2022-01-16T18:54:00 970.8 40.4 28.8
2022-01-16T18:55:00 970.7 40.5 29.1
2022-01-16T18:56:00 970.7 40.8 27.6
2022-01-16T18:57:00 970.7 40.8 27.4
2022-01-16T18:58:00 970.7 40.6 28.9
2022-01-16T18:59:00 970.6 40.7 27.7
2022-01-16T19:00:00 970.7 40.7 27.6
2022-01-16T19:01:00 970.6 40.9 27.7
2022-01-16T19:02:00 970.7 41.1 27.6
2022-01-16T19:03:00 970.7 41.0 26.8
2022-01-16T19:04:00 970.6 40.9 26.5
2022-01-16T19:05:00 970.6 40.6 26.2
2022-01-16T19:06:00 970.6 40.6 26.7
2022-01-16T19:07:00 970.6 40.9 26.6
2022-01-16T19:08:00 970.6 41.0 27.3
2022-01-16T19:09:00 970.5 40.9 26.0
2022-01-16T19:10:00 970.5 40.9 26.7
2022-01-16T19:11:00 970.5 41.0 26.6
2022-01-16T19:12:00 970.4 41.0 27.0
2022-01-16T19:13:00 970.3 41.2 26.7
2022-01-16T19:14:00 970.5 41.5 26.2
2022-01-16T19:15:00 970.6 41.6 24.0
2022-01-16T19:16:00 970.5 41.6 23.2
2022-01-16T19:17:00 970.5 41.2 23.5
2022-01-16T19:18:00 970.5 41.3 23.0
2022-01-16T19:19:00 970.4 41.2 23.3
2022-01-16T19:20:00 970.5 41.5 24.0
2022-01-16T19:21:00 970.5 41.9 22.5
2022-01-16T19:22:00 970.5 42.0 23.1
2022-01-16T19:23:00 970.5 41.9 23.8
2022-01-16T19:24:00 970.4 41.4 25.4
2022-01-16T19:25:00 970.4 40.7 26.3
2022-01-16T19:26:00 970.4 40.8 27.0
2022-01-16T19:27:00 970.3 40.8 26.8
2022-01-16T19:28:00 970.3 40.9 25.3
2022-01-16T19:29:00 970.3 41.0 24.0
2022-01-16T19:30:00 970.3 41.0 23.5
2022-01-16T19:31:00 970.3 41.2 23.4
2022-01-16T19:32:00 970.3 41.3 22.1
2022-01-16T19:33:00 970.3 41.3 22.2
2022-01-16T19:34:00 970.3 41.3 22.1
2022-01-16T19:35:00 970.3 41.1 22.1
2022-01-16T19:36:00 970.3 41.3 22.7
2022-01-16T19:37:00 970.3 41.3 22.2
2022-01-16T19:38:00 970.3 41.3 21.9
2022-01-16T19:39:00 970.3 41.5 22.1
2022-01-16T19:40:00 970.3 41.6 22.1
2022-01-16T19:41:00 970.3 41.6 21.9
2022-01-16T19:42:00 970.2 41.4 21.4
2022-01-16T19:43:00 970.2 41.4 20.9
2022-01-16T19:44:00 970.1 41.4 20.4
2022-01-16T19:45:00 970.1 41.3 20.6
2022-01-16T19:46:00 970.1 41.4 22.0
2022-01-16T19:47:00 970.1 41.6 21.2
2022-01-16T19:48:00 970.1 41.5 21.1
2022-01-16T19:49:00 970.0 41.7 20.6
2022-01-16T19:50:00 970.0 41.4 20.4
2022-01-16T19:51:00 970.0 41.5 21.0
2022-01-16T19:52:00 970.0 41.6 21.6
2022-01-16T19:53:00 970.0 41.6 20.8
2022-01-16T19:54:00 969.9 41.8 20.4
2022-01-16T19:55:00 969.9 41.7 18.3
2022-01-16T19:56:00 969.9 41.6 17.7
2022-01-16T19:57:00 969.9 41.4 17.9
2022-01-16T19:58:00 969.9 41.4 18.0
2022-01-16T19:59:00 969.9 41.5 17.8
2022-01-16T20:00:00 969.9 41.7 18.1
2022-01-16T20:01:00 969.9 41.9 17.9
2022-01-16T20:02:00 970.0 41.6 17.8
2022-01-16T20:03:00 970.0 41.3 17.5
2022-01-16T20:04:00 970.0 41.3 18.1
2022-01-16T20:05:00 970.0 41.3 18.9
2022-01-16T20:06:00 970.0 41.4 18.1
2022-01-16T20:07:00 970.0 41.1 18.3
2022-01-16T20:08:00 970.0 41.1 19.3
2022-01-16T20:09:00 970.0 41.1 19.4
2022-01-16T20:10:00 969.9 41.3 20.8
2022-01-16T20:11:00 969.9 41.5 19.9
2022-01-16T20:12:00 969.9 41.0 20.1
2022-01-16T20:13:00 969.9 41.3 21.2
2022-01-16T20:14:00 969.8 41.3 20.8
2022-01-16T20:15:00 969.9 41.2 20.1
2022-01-16T20:16:00 969.8 41.1 20.1
2022-01-16T20:17:00 969.8 41.2 20.4
2022-01-16T20:18:00 969.8 40.8 20.1
2022-01-16T20:19:00 969.8 40.7 20.9
2022-01-16T20:20:00 969.8 40.8 20.6
2022-01-16T20:21:00 969.8 40.9 21.0
2022-01-16T20:22:00 969.8 40.8 20.9
2022-01-16T20:23:00 969.8 40.9 20.8
2022-01-16T20:24:00 969.8 40.9 20.8
2022-01-16T20:25:00 969.8 40.9 21.4
2022-01-16T20:26:00 969.7 40.8 21.9
2022-01-16T20:27:00 969.7 41.0 21.1
2022-01-16T20:28:00 969.7 40.8 20.4
2022-01-16T20:29:00 969.7 40.9 21.1
2022-01-16T20:30:00 969.7 41.0 20.7
2022-01-16T20:31:00 969.6 40.8 20.6
2022-01-16T20:32:00 969.6 40.7 21.3
2022-01-16T20:33:00 969.6 40.6 21.5
2022-01-16T20:34:00 969.6 40.7 22.1
2022-01-16T20:35:00 969.6 40.8 22.6
2022-01-16T20:36:00 969.6 41.0 22.6
2022-01-16T20:37:00 969.6 41.1 22.4
2022-01-16T20:38:00 969.5 40.9 22.2
2022-01-16T20:39:00 969.6 40.8 22.9
2022-01-16T20:40:00 969.5 40.9 22.9
2022-01-16T20:41:00 969.5 40.7 22.4
2022-01-16T20:42:00 969.5 40.6 22.7
2022-01-16T20:43:00 969.5 40.7 23.5
2022-01-16T20:44:00 969.5 40.7 23.6
2022-01-16T20:45:00 969.5 40.9 23.7
2022-01-16T20:46:00 969.5 40.9 23.6
2022-01-16T20:47:00 969.5 40.6 23.3
2022-01-16T20:48:00 969.5 40.3 24.0
2022-01-16T20:49:00 969.5 40.4 24.1
2022-01-16T20:50:00 969.5 40.3 24.4
2022-01-16T20:51:00 969.5 40.5 23.7
2022-01-16T20:52:00 969.5 40.3 24.5
2022-01-16T20:53:00 969.5 40.4 24.6
2022-01-16T20:54:00 969.5 40.2 24.7
2022-01-16T20:55:00 969.5 40.3 25.6
2022-01-16T20:56:00 969.5 40.2 24.6
2022-01-16T20:57:00 969.5 40.0 24.6
2022-01-16T20:58:00 969.5 40.0 25.1
2022-01-16T20:59:00 969.5 40.0 25.0
2022-01-16T21:00:00 969.5 40.2 24.5
2022-01-16T21:01:00 969.5 40.1 24.7
2022-01-16T21:02:00 969.6 40.0 24.8
2022-01-16T21:03:00 969.6 40.0 24.8
2022-01-16T21:04:00 969.6 40.1 24.9
2022-01-16T21:05:00 969.7 39.9 25.3
2022-01-16T21:06:00 969.7 40.1 25.2
2022-01-16T21:07:00 969.7 40.2 24.9
2022-01-16T21:08:00 969.8 40.3 24.8
2022-01-16T21:09:00 969.8 40.0 25.6
2022-01-16T21:10:00 969.8 39.7 32.9
2022-01-16T21:11:00 969.9 39.0 34.9
2022-01-16T21:12:00 969.8 38.5 35.8
2022-01-16T21:13:00 969.8 38.3 36.2
2022-01-16T21:14:00 969.8 38.2 37.3
2022-01-16T21:15:00 969.8 38.2 36.6
2022-01-16T21:16:00 969.8 37.9 36.9
2022-01-16T21:17:00 969.7 37.6 37.6
2022-01-16T21:18:00 969.7 37.7 38.0
2022-01-16T21:19:00 969.6 37.8 37.9
2022-01-16T21:20:00 969.6 37.8 38.0
2022-01-16T21:21:00 969.5 37.8 37.8
2022-01-16T21:22:00 969.5 37.8 38.4
2022-01-16T21:23:00 969.5 37.7 37.3
2022-01-16T21:24:00 969.5 37.7 38.2
2022-01-16T21:25:00 969.5 37.8 37.8
2022-01-16T21:26:00 969.5 37.9 36.8
2022-01-16T21:27:00 969.4 37.7 37.1
2022-01-16T21:28:00 969.4 37.6 37.8
2022-01-16T21:29:00 969.4 37.6 37.9
2022-01-16T21:30:00 969.4 37.5 38.4
2022-01-16T21:31:00 969.4 37.4 38.5
2022-01-16T21:32:00 969.4 37.6 37.0
2022-01-16T21:33:00 969.4 37.6 35.0
2022-01-16T21:34:00 969.4 37.5 35.6
2022-01-16T21:35:00 969.5 37.5 35.5
2022-01-16T21:36:00 969.5 37.4 36.0
2022-01-16T21:37:00 969.6 37.4 35.5
2022-01-16T21:38:00 969.7 37.4 34.9
2022-01-16T21:39:00 969.7 37.3 35.6
2022-01-16T21:40:00 969.8 37.3 35.9
2022-01-16T21:41:00 969.9 37.4 36.9
2022-01-16T21:42:00 969.9 37.4 37.3
2022-01-16T21:43:00 970.0 37.3 39.5
2022-01-16T21:44:00 970.0 37.1 40.7
2022-01-16T21:45:00 970.0 37.0 40.6
2022-01-16T21:46:00 970.0 36.9 40.8
2022-01-16T21:47:00 970.0 36.7 40.5
2022-01-16T21:48:00 970.0 36.5 41.3
2022-01-16T21:49:00 970.0 36.4 41.9
2022-01-16T21:50:00 970.0 36.3 40.9
2022-01-16T21:51:00 970.0 36.3 40.3
2022-01-16T21:52:00 970.0 36.2 40.3
2022-01-16T21:53:00 970.0 36.2 40.5
2022-01-16T21:54:00 970.1 36.1 40.9
2022-01-16T21:55:00 970.2 36.1 41.0
2022-01-16T21:56:00 970.2 36.0 41.0
2022-01-16T21:57:00 970.3 35.9 41.2
2022-01-16T21:58:00 970.3 35.7 41.3
2022-01-16T21:59:00 970.4 35.7 41.7
2022-01-16T22:00:00 970.4 35.7 41.9
2022-01-16T22:01:00 970.4 35.6 42.0
2022-01-16T22:02:00 970.4 35.5 42.3
2022-01-16T22:03:00 970.4 35.5 42.4
2022-01-16T22:04:00 970.4 35.4 41.0
2022-01-16T22:05:00 970.4 35.3 41.1
2022-01-16T22:06:00 970.4 35.3 41.5
2022-01-16T22:07:00 970.5 35.2 41.2
2022-01-16T22:08:00 970.5 35.2 41.5
2022-01-16T22:09:00 970.5 35.1 42.3
2022-01-16T22:10:00 970.6 35.1 41.2
2022-01-16T22:11:00 970.7 35.0 41.0
2022-01-16T22:12:00 970.7 34.9 41.1
2022-01-16T22:13:00 970.8 34.9 41.3
2022-01-16T22:14:00 970.8 34.9 41.4
2022-01-16T22:15:00 970.9 34.9 41.6
2022-01-16T22:16:00 971.0 34.8 41.5
2022-01-16T22:17:00 971.0 34.8 42.0
2022-01-16T22:18:00 971.1 34.7 43.0
2022-01-16T22:19:00 971.2 34.4 44.9
2022-01-16T22:20:00 971.2 34.0 45.8
2022-01-16T22:21:00 971.2 33.7 46.8
2022-01-16T22:22:00 971.2 33.4 47.9
2022-01-16T22:23:00 971.3 33.3 49.3
2022-01-16T22:24:00 971.3 33.1 50.5
2022-01-16T22:25:00 971.4 32.9 50.4
2022-01-16T22:26:00 971.4 32.8 50.4
2022-01-16T22:27:00 971.4 32.7 50.2
2022-01-16T22:28:00 971.5 32.6 50.6
2022-01-16T22:29:00 971.4 32.5 50.4
2022-01-16T22:30:00 971.5 32.4 49.9
2022-01-16T22:31:00 971.5 32.4 50.2
2022-01-16T22:32:00 971.5 32.2 50.4
2022-01-16T22:33:00 971.5 32.1 50.7
2022-01-16T22:34:00 971.6 31.8 50.6
2022-01-16T22:35:00 971.6 31.7 51.1
2022-01-16T22:36:00 971.6 31.5 51.6
2022-01-16T22:37:00 971.7 31.4 51.9
2022-01-16T22:38:00 971.7 31.3 52.5
2022-01-16T22:39:00 971.8 31.2 52.5
2022-01-16T22:40:00 971.8 31.1 53.3
2022-01-16T22:41:00 971.9 31.0 53.7
2022-01-16T22:42:00 971.9 30.8 54.0
2022-01-16T22:43:00 972.0 30.8 54.4
2022-01-16T22:44:00 972.1 30.7 54.6
2022-01-16T22:45:00 972.1 30.6 53.8
2022-01-16T22:46:00 972.2 30.6 54.4
2022-01-16T22:47:00 972.2 30.5 54.5
2022-01-16T22:48:00 972.3 30.4 54.5
2022-01-16T22:49:00 972.3 30.4 54.5
2022-01-16T22:50:00 972.4 30.3 54.8
2022-01-16T22:51:00 972.4 30.3 54.9
2022-01-16T22:52:00 972.5 30.2 55.0
2022-01-16T22:53:00 972.5 30.1 55.2
2022-01-16T22:54:00 972.7 30.0 55.4
2022-01-16T22:55:00 972.8 29.9 55.9
2022-01-16T22:56:00 972.8 29.7 56.7
2022-01-16T22:57:00 972.9 29.6 57.4
2022-01-16T22:58:00 972.9 29.4 58.0
2022-01-16T22:59:00 972.8 29.2 58.5
2022-01-16T23:00:00 972.9 29.1 59.0
2022-01-16T23:01:00 972.9 29.1 59.3
2022-01-16T23:02:00 972.9 29.0 59.5
2022-01-16T23:03:00 973.1 28.8 60.3
2022-01-16T23:04:00 973.0 28.6 61.2
2022-01-16T23:05:00 973.1 28.5 62.1
2022-01-16T23:06:00 973.1 28.4 63.2
2022-01-16T23:07:00 973.2 28.3 64.1
2022-01-16T23:08:00 973.2 28.2 64.7
2022-01-16T23:09:00 973.1 28.2 65.1
2022-01-16T23:10:00 973.2 28.1 65.5
2022-01-16T23:11:00 973.1 28.1 66.0
2022-01-16T23:12:00 973.0 28.0 66.4
2022-01-16T23:13:00 973.0 28.0 66.7
2022-01-16T23:14:00 973.1 27.9 66.9
2022-01-16T23:15:00 973.0 27.9 67.1
2022-01-16T23:16:00 973.0 27.8 67.2
2022-01-16T23:17:00 973.1 27.8 67.3
2022-01-16T23:18:00 973.1 27.8 67.4
2022-01-16T23:19:00 973.1 27.8 67.1
2022-01-16T23:20:00 973.1 27.8 67.0
2022-01-16T23:21:00 973.1 27.8 65.9
2022-01-16T23:22:00 973.1 27.8 65.7
2022-01-16T23:23:00 973.1 27.8 65.7
2022-01-16T23:24:00 973.1 27.8 66.3
2022-01-16T23:25:00 973.2 27.7 65.0
2022-01-16T23:26:00 973.2 27.7 64.6
2022-01-16T23:27:00 973.2 27.8 63.7
2022-01-16T23:28:00 973.3 27.8 63.3
2022-01-16T23:29:00 973.2 27.8 62.3
2022-01-16T23:30:00 973.3 27.8 62.6
2022-01-16T23:31:00 973.3 27.8 62.4
2022-01-16T23:32:00 973.3 27.8 61.5
2022-01-16T23:33:00 973.3 27.8 60.9
2022-01-16T23:34:00 973.3 27.8 60.6
2022-01-16T23:35:00 973.3 27.8 60.7
2022-01-16T23:36:00 973.4 27.8 60.6
2022-01-16T23:37:00 973.4 27.8 60.8
2022-01-16T23:38:00 973.4 27.8 60.5
2022-01-16T23:39:00 973.4 27.7 60.7
2022-01-16T23:40:00 973.4 27.7 60.8
2022-01-16T23:41:00 973.5 27.7 60.9
2022-01-16T23:42:00 973.5 27.7 60.9
2022-01-16T23:43:00 973.5 27.6 61.0
2022-01-16T23:44:00 973.5 27.6 61.2
2022-01-16T23:45:00 973.5 27.6 61.4
2022-01-16T23:46:00 973.5 27.5 61.7
2022-01-16T23:47:00 973.5 27.5 61.8
2022-01-16T23:48:00 973.6 27.5 62.1
2022-01-16T23:49:00 973.6 27.5 62.2
2022-01-16T23:50:00 973.6 27.4 62.3
2022-01-16T23:51:00 973.6 27.4 62.5
2022-01-16T23:52:00 973.5 27.4 62.7
2022-01-16T23:53:00 973.6 27.3 63.0
2022-01-16T23:54:00 973.5 27.3 63.2
2022-01-16T23:55:00 973.5 27.3 63.5
2022-01-16T23:56:00 973.6 27.2 63.7
2022-01-16T23:57:00 973.5 27.2 64.0
2022-01-16T23:58:00 973.6 27.2 64.0
2022-01-16T23:59:00 973.6 27.2 64.2
