2022-01-16T00:00:00 995.9 24.4 95.2
2022-01-16T00:01:00 995.9 24.5 95.6
2022-01-16T00:02:00 995.8 24.6 95.2
2022-01-16T00:03:00 995.9 24.6 94.8
2022-01-16T00:04:00 996.0 24.7 94.7
2022-01-16T00:05:00 996.0 24.7 94.2
2022-01-16T00:06:00 995.9 24.8 93.6
2022-01-16T00:07:00 996.0 24.9 93.1
2022-01-16T00:08:00 996.0 24.9 93.2
2022-01-16T00:09:00 995.9 24.9 93.1
2022-01-16T00:10:00 995.9 25.0 92.8
2022-01-16T00:11:00 995.8 25.0 92.4
2022-01-16T00:12:00 995.8 25.1 92.2
2022-01-16T00:13:00 995.8 25.1 91.9
2022-01-16T00:14:00 995.8 25.0 91.8
2022-01-16T00:15:00 995.8 25.0 92.1
2022-01-16T00:16:00 995.8 25.0 92.0
2022-01-16T00:17:00 995.8 25.0 92.6
2022-01-16T00:18:00 995.8 25.0 92.8
2022-01-16T00:19:00 995.8 25.0 93.0
2022-01-16T00:20:00 995.8 24.9 92.8
2022-01-16T00:21:00 995.8 24.9 92.8
2022-01-16T00:22:00 995.8 24.8 93.0
2022-01-16T00:23:00 995.8 24.8 92.8
2022-01-16T00:24:00 995.8 24.7 92.9
2022-01-16T00:25:00 995.8 24.7 93.1
2022-01-16T00:26:00 995.8 24.6 93.2
2022-01-16T00:27:00 995.8 24.6 93.5
2022-01-16T00:28:00 995.7 24.5 93.6
2022-01-16T00:29:00 995.7 24.5 93.6
2022-01-16T00:30:00 995.8 24.4 94.1
2022-01-16T00:31:00 995.8 24.4 94.3
2022-01-16T00:32:00 995.8 24.4 94.4
2022-01-16T00:33:00 995.9 24.4 95.1
2022-01-16T00:34:00 995.9 24.4 95.1
2022-01-16T00:35:00 996.0 24.3 94.9
2022-01-16T00:36:00 996.0 24.4 95.3
2022-01-16T00:37:00 996.0 24.3 95.0
2022-01-16T00:38:00 996.0 24.2 95.1
2022-01-16T00:39:00 996.0 24.2 95.2
2022-01-16T00:40:00 996.0 24.1 95.4
2022-01-16T00:41:00 996.0 24.1 95.7
2022-01-16T00:42:00 996.0 24.1 95.8
2022-01-16T00:43:00 996.0 24.1 96.2
2022-01-16T00:44:00 996.0 24.0 96.4
2022-01-16T00:45:00 996.0 24.0 96.7
2022-01-16T00:46:00 996.1 24.0 96.9
2022-01-16T00:47:00 996.1 24.0 97.2
2022-01-16T00:48:00 996.2 24.0 97.3
2022-01-16T00:49:00 996.2 24.0 97.4
2022-01-16T00:50:00 996.3 24.0 97.5
2022-01-16T00:51:00 996.3 24.0 97.5
2022-01-16T00:52:00 996.3 24.0 97.7
2022-01-16T00:53:00 996.3 23.9 97.7
2022-01-16T00:54:00 996.3 23.9 97.8
2022-01-16T00:55:00 996.3 23.9 97.8
2022-01-16T00:56:00 996.3 23.9 97.9
2022-01-16T00:57:00 996.3 23.9 98.0
2022-01-16T00:58:00 996.3 24.0 98.1
2022-01-16T00:59:00 996.3 24.0 98.2
2022-01-16T01:00:00 996.3 23.9 98.2
2022-01-16T01:01:00 996.3 23.9 98.2
2022-01-16T01:02:00 996.3 24.0 98.3
2022-01-16T01:03:00 996.3 24.0 98.3
2022-01-16T01:04:00 996.3 23.9 98.2
2022-01-16T01:05:00 996.3 23.9 98.3
2022-01-16T01:06:00 996.3 24.0 98.2
2022-01-16T01:07:00 996.3 23.9 98.2
2022-01-16T01:08:00 996.3 23.9 98.4
2022-01-16T01:09:00 996.3 24.0 98.7
2022-01-16T01:10:00 996.3 24.0 98.7
2022-01-16T01:11:00 996.3 24.0 98.6
2022-01-16T01:12:00 996.3 24.0 98.4
2022-01-16T01:13:00 996.3 24.0 98.5
2022-01-16T01:14:00 996.3 24.0 98.6
2022-01-16T01:15:00 996.3 24.0 98.4
2022-01-16T01:16:00 996.3 24.1 98.5
2022-01-16T01:17:00 996.3 24.1 98.5
2022-01-16T01:18:00 996.3 24.1 98.3
2022-01-16T01:19:00 996.4 24.0 98.1
2022-01-16T01:20:00 996.4 24.0 98.1
2022-01-16T01:21:00 996.3 24.0 98.0
2022-01-16T01:22:00 996.3 23.9 98.1
2022-01-16T01:23:00 996.3 23.9 98.2
2022-01-16T01:24:00 996.3 23.9 98.3
2022-01-16T01:25:00 996.3 23.9 98.3
2022-01-16T01:26:00 996.3 23.9 98.3
2022-01-16T01:27:00 996.3 23.8 98.3
2022-01-16T01:28:00 996.3 23.8 98.4
2022-01-16T01:29:00 996.3 23.8 98.4
2022-01-16T01:30:00 996.4 23.8 98.6
2022-01-16T01:31:00 996.4 23.8 98.7
2022-01-16T01:32:00 996.4 23.8 98.7
2022-01-16T01:33:00 996.4 23.8 98.7
2022-01-16T01:34:00 996.3 23.8 98.6
2022-01-16T01:35:00 996.3 23.8 98.6
2022-01-16T01:36:00 996.3 23.8 98.5
2022-01-16T01:37:00 996.2 23.8 98.5
2022-01-16T01:38:00 996.2 23.8 98.4
2022-01-16T01:39:00 996.2 23.8 98.3
2022-01-16T01:40:00 996.2 23.8 98.4
2022-01-16T01:41:00 996.2 23.8 98.5
2022-01-16T01:42:00 996.2 23.8 98.7
2022-01-16T01:43:00 996.2 23.8 98.8
2022-01-16T01:44:00 996.2 23.8 98.8
2022-01-16T01:45:00 996.3 23.8 98.8
2022-01-16T01:46:00 996.3 23.7 98.8
2022-01-16T01:47:00 996.3 23.7 98.9
2022-01-16T01:48:00 996.3 23.8 99.0
2022-01-16T01:49:00 996.3 23.8 99.1
2022-01-16T01:50:00 996.3 23.8 99.1
2022-01-16T01:51:00 996.3 23.8 99.1
2022-01-16T01:52:00 996.3 23.7 98.9
2022-01-16T01:53:00 996.3 23.7 98.9
2022-01-16T01:54:00 996.3 23.7 99.0
2022-01-16T01:55:00 996.3 23.7 99.0
2022-01-16T01:56:00 996.4 23.7 99.2
2022-01-16T01:57:00 996.4 23.7 99.2
2022-01-16T01:58:00 996.4 23.8 99.4
2022-01-16T01:59:00 996.4 23.7 99.3
2022-01-16T02:00:00 996.3 23.7 99.3
2022-01-16T02:01:00 996.3 23.7 99.2
2022-01-16T02:02:00 996.4 23.7 99.1
2022-01-16T02:03:00 996.4 23.6 99.0
2022-01-16T02:04:00 996.4 23.6 99.0
2022-01-16T02:05:00 996.5 23.6 99.1
2022-01-16T02:06:00 996.5 23.6 99.2
2022-01-16T02:07:00 996.6 23.6 99.3
2022-01-16T02:08:00 996.7 23.7 99.3
2022-01-16T02:09:00 996.7 23.6 99.2
2022-01-16T02:10:00 996.7 23.6 99.2
2022-01-16T02:11:00 996.7 23.6 99.3
2022-01-16T02:12:00 996.8 23.6 99.3
2022-01-16T02:13:00 996.8 23.7 99.5
2022-01-16T02:14:00 996.7 23.7 99.5
2022-01-16T02:15:00 996.8 23.7 99.4
2022-01-16T02:16:00 996.8 23.6 99.4
2022-01-16T02:17:00 996.9 23.7 99.4
2022-01-16T02:18:00 996.9 23.6 99.3
2022-01-16T02:19:00 996.9 23.6 99.5
2022-01-16T02:20:00 996.9 23.6 99.4
2022-01-16T02:21:00 996.9 23.6 99.3
2022-01-16T02:22:00 996.9 23.6 99.3
2022-01-16T02:23:00 996.9 23.6 99.4
2022-01-16T02:24:00 996.9 23.6 99.3
2022-01-16T02:25:00 996.9 23.5 99.4
2022-01-16T02:26:00 996.9 23.5 99.2
2022-01-16T02:27:00 996.9 23.4 99.1
2022-01-16T02:28:00 996.9 23.4 98.9
2022-01-16T02:29:00 996.9 23.3 99.0
2022-01-16T02:30:00 996.9 23.3 99.1
2022-01-16T02:31:00 996.9 23.3 99.2
2022-01-16T02:32:00 996.9 23.3 99.3
2022-01-16T02:33:00 996.9 23.3 99.3
2022-01-16T02:34:00 996.9 23.3 99.5
2022-01-16T02:35:00 996.9 23.3 99.5
2022-01-16T02:36:00 996.9 23.3 99.5
2022-01-16T02:37:00 996.9 23.4 99.7
2022-01-16T02:38:00 996.9 23.4 99.8
2022-01-16T02:39:00 996.9 23.4 99.8
2022-01-16T02:40:00 996.9 23.4 99.7
2022-01-16T02:41:00 996.9 23.4 99.8
2022-01-16T02:42:00 996.9 23.4 99.8
2022-01-16T02:43:00 996.8 23.4 99.9
2022-01-16T02:44:00 996.8 23.4 99.8
2022-01-16T02:45:00 996.8 23.4 99.8
2022-01-16T02:46:00 996.7 23.4 100.0
2022-01-16T02:47:00 996.6 23.4 100.0
2022-01-16T02:48:00 996.6 23.4 100.0
2022-01-16T02:49:00 996.6 23.4 99.9
2022-01-16T02:50:00 996.6 23.4 99.8
2022-01-16T02:51:00 996.6 23.3 99.8
2022-01-16T02:52:00 996.6 23.3 99.8
2022-01-16T02:53:00 996.6 23.3 99.7
2022-01-16T02:54:00 996.6 23.3 99.8
2022-01-16T02:55:00 996.7 23.3 99.8
2022-01-16T02:56:00 996.7 23.3 99.8
2022-01-16T02:57:00 996.8 23.2 99.8
2022-01-16T02:58:00 996.8 23.2 99.8
2022-01-16T02:59:00 996.8 23.2 99.8
2022-01-16T03:00:00 996.8 23.2 99.9
2022-01-16T03:01:00 996.8 23.2 99.8
2022-01-16T03:02:00 996.8 23.1 99.8
2022-01-16T03:03:00 996.8 23.1 99.8
2022-01-16T03:04:00 996.8 23.1 99.8
2022-01-16T03:05:00 996.7 23.1 99.8
2022-01-16T03:06:00 996.7 23.1 100.1
2022-01-16T03:07:00 996.7 23.2 100.1
2022-01-16T03:08:00 996.7 23.2 100.1
2022-01-16T03:09:00 996.7 23.2 100.0
2022-01-16T03:10:00 996.7 23.2 100.0
2022-01-16T03:11:00 996.7 23.2 100.0
2022-01-16T03:12:00 996.7 23.2 100.0
2022-01-16T03:13:00 996.8 23.2 100.1
2022-01-16T03:14:00 996.8 23.2 100.1
2022-01-16T03:15:00 996.8 23.2 100.1
2022-01-16T03:16:00 996.8 23.2 100.1
2022-01-16T03:17:00 996.8 23.2 100.1
2022-01-16T03:18:00 996.8 23.2 100.2
2022-01-16T03:19:00 996.8 23.2 100.1
2022-01-16T03:20:00 996.7 23.2 100.2
2022-01-16T03:21:00 996.7 23.3 100.3
2022-01-16T03:22:00 996.6 23.3 100.3
2022-01-16T03:23:00 996.6 23.3 100.3
2022-01-16T03:24:00 996.5 23.3 100.3
2022-01-16T03:25:00 996.5 23.2 100.2
2022-01-16T03:26:00 996.5 23.2 100.2
2022-01-16T03:27:00 996.5 23.2 100.2
2022-01-16T03:28:00 996.5 23.3 100.3
2022-01-16T03:29:00 996.5 23.3 100.4
2022-01-16T03:30:00 996.5 23.3 100.3
2022-01-16T03:31:00 996.5 23.3 100.3
2022-01-16T03:32:00 996.5 23.3 100.3
2022-01-16T03:33:00 996.5 23.3 100.4
2022-01-16T03:34:00 996.5 23.3 100.4
2022-01-16T03:35:00 996.5 23.3 100.3
2022-01-16T03:36:00 996.5 23.3 100.3
2022-01-16T03:37:00 996.5 23.3 100.4
2022-01-16T03:38:00 996.5 23.3 100.4
2022-01-16T03:39:00 996.5 23.4 100.4
2022-01-16T03:40:00 996.5 23.3 100.4
2022-01-16T03:41:00 996.4 23.3 100.4
2022-01-16T03:42:00 996.4 23.4 100.4
2022-01-16T03:43:00 996.4 23.4 100.4
2022-01-16T03:44:00 996.3 23.4 100.4
2022-01-16T03:45:00 996.3 23.4 100.4
2022-01-16T03:46:00 996.3 23.4 100.5
2022-01-16T03:47:00 996.3 23.5 100.5
2022-01-16T03:48:00 996.2 23.5 100.6
2022-01-16T03:49:00 996.2 23.5 100.5
2022-01-16T03:50:00 996.2 23.5 100.5
2022-01-16T03:51:00 996.2 23.5 100.5
2022-01-16T03:52:00 996.2 23.6 100.7
2022-01-16T03:53:00 996.3 23.6 100.6
2022-01-16T03:54:00 996.3 23.5 100.5
2022-01-16T03:55:00 996.2 23.4 100.4
2022-01-16T03:56:00 996.2 23.4 100.4
2022-01-16T03:57:00 996.2 23.4 100.5
2022-01-16T03:58:00 996.2 23.4 100.4
2022-01-16T03:59:00 996.1 23.4 100.4
2022-01-16T04:00:00 996.1 23.4 100.4
2022-01-16T04:01:00 996.1 23.4 100.4
2022-01-16T04:02:00 996.0 23.4 100.5
2022-01-16T04:03:00 996.0 23.5 100.6
2022-01-16T04:04:00 995.9 23.6 100.6
2022-01-16T04:05:00 995.9 23.6 100.6
2022-01-16T04:06:00 995.9 23.6 100.6
2022-01-16T04:07:00 995.9 23.6 100.5
2022-01-16T04:08:00 995.9 23.5 100.5
2022-01-16T04:09:00 995.9 23.5 100.5
2022-01-16T04:10:00 995.9 23.5 100.5
2022-01-16T04:11:00 995.9 23.5 100.5
2022-01-16T04:12:00 995.8 23.4 100.4
2022-01-16T04:13:00 995.8 23.4 100.3
2022-01-16T04:14:00 995.8 23.4 100.5
2022-01-16T04:15:00 995.8 23.4 100.3
2022-01-16T04:16:00 995.7 23.4 100.4
2022-01-16T04:17:00 995.7 23.4 100.5
2022-01-16T04:18:00 995.7 23.4 100.5
2022-01-16T04:19:00 995.7 23.4 100.4
2022-01-16T04:20:00 995.7 23.4 100.4
2022-01-16T04:21:00 995.7 23.4 100.5
2022-01-16T04:22:00 995.7 23.4 100.4
2022-01-16T04:23:00 995.7 23.4 100.4
2022-01-16T04:24:00 995.8 23.3 100.4
2022-01-16T04:25:00 995.8 23.3 100.4
2022-01-16T04:26:00 995.8 23.3 100.4
2022-01-16T04:27:00 995.7 23.4 100.5
2022-01-16T04:28:00 995.7 23.4 100.5
2022-01-16T04:29:00 995.7 23.4 100.5
2022-01-16T04:30:00 995.6 23.4 100.5
2022-01-16T04:31:00 995.6 23.4 100.5
2022-01-16T04:32:00 995.5 23.5 100.6
2022-01-16T04:33:00 995.5 23.5 100.7
2022-01-16T04:34:00 995.5 23.5 100.6
2022-01-16T04:35:00 995.5 23.5 100.6
2022-01-16T04:36:00 995.6 23.5 100.6
2022-01-16T04:37:00 995.6 23.6 100.7
2022-01-16T04:38:00 995.7 23.6 100.7
2022-01-16T04:39:00 995.8 23.6 100.7
2022-01-16T04:40:00 995.8 23.6 100.7
2022-01-16T04:41:00 995.8 23.6 100.7
2022-01-16T04:42:00 995.8 23.7 100.7
2022-01-16T04:43:00 995.8 23.7 100.7
2022-01-16T04:44:00 995.8 23.7 100.7
2022-01-16T04:45:00 995.8 23.6 100.7
2022-01-16T04:46:00 995.8 23.6 100.7
2022-01-16T04:47:00 995.9 23.6 100.6
2022-01-16T04:48:00 995.9 23.6 100.7
2022-01-16T04:49:00 995.8 23.6 100.7
2022-01-16T04:50:00 995.8 23.6 100.6
2022-01-16T04:51:00 995.7 23.6 100.6
2022-01-16T04:52:00 995.7 23.5 100.6
2022-01-16T04:53:00 995.7 23.5 100.6
2022-01-16T04:54:00 995.7 23.5 100.6
2022-01-16T04:55:00 995.8 23.5 100.6
2022-01-16T04:56:00 995.8 23.5 100.6
2022-01-16T04:57:00 995.8 23.6 100.6
2022-01-16T04:58:00 995.8 23.6 100.6
2022-01-16T04:59:00 995.7 23.6 100.7
2022-01-16T05:00:00 995.7 23.7 100.7
2022-01-16T05:01:00 995.7 23.7 100.7
2022-01-16T05:02:00 995.7 23.7 100.7
2022-01-16T05:03:00 995.7 23.6 100.6
2022-01-16T05:04:00 995.7 23.6 100.6
2022-01-16T05:05:00 995.7 23.6 100.7
2022-01-16T05:06:00 995.8 23.6 100.7
2022-01-16T05:07:00 995.8 23.6 100.6
2022-01-16T05:08:00 995.9 23.6 100.6
2022-01-16T05:09:00 995.9 23.7 100.7
2022-01-16T05:10:00 996.0 23.7 100.6
2022-01-16T05:11:00 996.0 23.7 100.6
2022-01-16T05:12:00 996.0 23.7 100.6
2022-01-16T05:13:00 996.1 23.7 100.6
2022-01-16T05:14:00 996.1 23.7 100.6
2022-01-16T05:15:00 996.2 23.8 100.7
2022-01-16T05:16:00 996.2 23.8 100.6
2022-01-16T05:17:00 996.3 23.8 100.6
2022-01-16T05:18:00 996.3 23.8 100.6
2022-01-16T05:19:00 996.3 23.8 100.6
2022-01-16T05:20:00 996.3 23.8 100.7
2022-01-16T05:21:00 996.4 23.9 100.7
2022-01-16T05:22:00 996.4 23.9 100.7
2022-01-16T05:23:00 996.4 23.9 100.6
2022-01-16T05:24:00 996.4 23.9 100.6
2022-01-16T05:25:00 996.4 23.9 100.6
2022-01-16T05:26:00 996.4 23.8 100.6
2022-01-16T05:27:00 996.5 23.8 100.5
2022-01-16T05:28:00 996.5 23.8 100.5
2022-01-16T05:29:00 996.5 23.8 100.5
2022-01-16T05:30:00 996.6 23.8 100.5
2022-01-16T05:31:00 996.6 23.8 100.5
2022-01-16T05:32:00 996.6 23.8 100.5
2022-01-16T05:33:00 996.6 23.8 100.5
2022-01-16T05:34:00 996.6 23.8 100.5
2022-01-16T05:35:00 996.6 23.8 100.5
2022-01-16T05:36:00 996.6 23.8 100.5
2022-01-16T05:37:00 996.7 23.7 100.4
2022-01-16T05:38:00 996.7 23.8 100.5
2022-01-16T05:39:00 996.7 23.8 100.6
2022-01-16T05:40:00 996.7 23.8 100.6
2022-01-16T05:41:00 996.7 23.8 100.5
2022-01-16T05:42:00 996.7 23.7 100.4
2022-01-16T05:43:00 996.6 23.7 100.4
2022-01-16T05:44:00 996.6 23.7 100.4
2022-01-16T05:45:00 996.6 23.6 100.4
2022-01-16T05:46:00 996.6 23.6 100.4
2022-01-16T05:47:00 996.6 23.6 100.4
2022-01-16T05:48:00 996.7 23.6 100.5
2022-01-16T05:49:00 996.7 23.7 100.5
2022-01-16T05:50:00 996.7 23.7 100.5
2022-01-16T05:51:00 996.7 23.7 100.6
2022-01-16T05:52:00 996.6 23.8 100.6
2022-01-16T05:53:00 996.6 23.8 100.6
2022-01-16T05:54:00 996.6 23.9 100.7
2022-01-16T05:55:00 996.5 23.9 100.7
2022-01-16T05:56:00 996.4 23.9 100.7
2022-01-16T05:57:00 996.4 24.0 100.7
2022-01-16T05:58:00 996.3 23.9 100.6
2022-01-16T05:59:00 996.2 23.9 100.6
2022-01-16T06:00:00 996.1 23.9 100.5
2022-01-16T06:01:00 996.0 23.9 100.5
2022-01-16T06:02:00 996.0 23.9 100.5
2022-01-16T06:03:00 996.0 24.0 100.5
2022-01-16T06:04:00 995.9 24.0 100.5
2022-01-16T06:05:00 995.9 24.0 100.4
2022-01-16T06:06:00 995.8 24.0 100.4
2022-01-16T06:07:00 995.7 24.0 100.4
2022-01-16T06:08:00 995.6 24.0 100.4
2022-01-16T06:09:00 995.6 24.1 100.4
2022-01-16T06:10:00 995.7 24.1 100.4
2022-01-16T06:11:00 995.7 24.1 100.4
2022-01-16T06:12:00 995.7 24.1 100.4
2022-01-16T06:13:00 995.7 24.1 100.4
2022-01-16T06:14:00 995.7 24.1 100.4
2022-01-16T06:15:00 995.6 24.1 100.4
2022-01-16T06:16:00 995.6 24.1 100.4
2022-01-16T06:17:00 995.7 24.1 100.4
2022-01-16T06:18:00 995.8 24.1 100.3
2022-01-16T06:19:00 995.9 24.1 100.3
2022-01-16T06:20:00 995.9 24.1 100.3
2022-01-16T06:21:00 996.0 24.1 100.3
2022-01-16T06:22:00 996.0 24.1 100.3
2022-01-16T06:23:00 996.0 24.1 100.2
2022-01-16T06:24:00 996.0 24.1 100.2
2022-01-16T06:25:00 996.0 24.1 100.2
2022-01-16T06:26:00 996.0 24.1 100.1
2022-01-16T06:27:00 996.1 24.1 100.1
2022-01-16T06:28:00 996.1 24.0 100.0
2022-01-16T06:29:00 996.1 24.0 100.0
2022-01-16T06:30:00 996.1 24.0 100.0
2022-01-16T06:31:00 996.1 23.9 100.0
2022-01-16T06:32:00 996.1 23.9 100.1
2022-01-16T06:33:00 996.2 23.9 100.1
2022-01-16T06:34:00 996.2 23.9 100.1
2022-01-16T06:35:00 996.2 23.9 100.1
2022-01-16T06:36:00 996.1 23.9 100.1
2022-01-16T06:37:00 996.1 23.9 100.1
2022-01-16T06:38:00 996.1 23.9 100.0
2022-01-16T06:39:00 996.1 23.9 100.0
2022-01-16T06:40:00 996.1 23.9 100.0
2022-01-16T06:41:00 996.1 23.9 100.0
2022-01-16T06:42:00 996.1 23.9 100.1
2022-01-16T06:43:00 996.1 23.9 100.1
2022-01-16T06:44:00 996.1 23.9 100.0
2022-01-16T06:45:00 996.1 23.9 100.0
2022-01-16T06:46:00 996.1 23.9 100.0
2022-01-16T06:47:00 996.1 23.9 99.9
2022-01-16T06:48:00 996.0 23.9 99.8
2022-01-16T06:49:00 996.0 23.9 99.8
2022-01-16T06:50:00 996.0 23.9 99.7
2022-01-16T06:51:00 996.0 23.9 99.7
2022-01-16T06:52:00 996.0 23.8 99.6
2022-01-16T06:53:00 996.0 23.8 99.5
2022-01-16T06:54:00 996.0 23.8 99.3
2022-01-16T06:55:00 995.9 23.8 99.1
2022-01-16T06:56:00 995.9 23.8 98.8
2022-01-16T06:57:00 995.9 23.8 98.5
2022-01-16T06:58:00 995.9 23.8 98.3
2022-01-16T06:59:00 995.9 23.9 98.1
2022-01-16T07:00:00 995.9 23.9 98.0
2022-01-16T07:01:00 995.9 23.9 98.0
2022-01-16T07:02:00 995.9 23.9 98.0
2022-01-16T07:03:00 995.9 23.9 97.9
2022-01-16T07:04:00 995.9 23.8 97.9
2022-01-16T07:05:00 995.9 23.8 97.8
2022-01-16T07:06:00 995.9 23.8 97.8
2022-01-16T07:07:00 995.9 23.8 98.0
2022-01-16T07:08:00 995.8 23.8 97.8
2022-01-16T07:09:00 995.8 23.8 97.8
2022-01-16T07:10:00 995.8 23.8 97.9
2022-01-16T07:11:00 995.8 23.8 98.0
2022-01-16T07:12:00 995.8 23.8 98.2
2022-01-16T07:13:00 995.7 23.8 98.2
2022-01-16T07:14:00 995.7 23.7 98.1
2022-01-16T07:15:00 995.7 23.7 97.9
2022-01-16T07:16:00 995.7 23.7 97.7
2022-01-16T07:17:00 995.7 23.7 97.4
2022-01-16T07:18:00 995.7 23.7 97.2
2022-01-16T07:19:00 995.7 23.7 97.2
2022-01-16T07:20:00 995.7 23.7 97.5
2022-01-16T07:21:00 995.7 23.8 98.2
2022-01-16T07:22:00 995.7 23.7 97.8
2022-01-16T07:23:00 995.7 23.6 97.9
2022-01-16T07:24:00 995.7 23.6 98.2
2022-01-16T07:25:00 995.7 23.6 98.4
2022-01-16T07:26:00 995.7 23.6 98.6
2022-01-16T07:27:00 995.7 23.6 98.8
2022-01-16T07:28:00 995.7 23.5 98.7
2022-01-16T07:29:00 995.7 23.5 98.7
2022-01-16T07:30:00 995.7 23.5 98.8
2022-01-16T07:31:00 995.7 23.5 98.8
2022-01-16T07:32:00 995.7 23.4 98.9
2022-01-16T07:33:00 995.7 23.4 99.0
2022-01-16T07:34:00 995.7 23.4 99.0
2022-01-16T07:35:00 995.7 23.4 99.0
2022-01-16T07:36:00 995.7 23.4 99.0
2022-01-16T07:37:00 995.7 23.3 98.9
2022-01-16T07:38:00 995.7 23.3 99.1
2022-01-16T07:39:00 995.7 23.3 99.3
2022-01-16T07:40:00 995.8 23.3 99.4
2022-01-16T07:41:00 995.8 23.3 99.4
2022-01-16T07:42:00 995.8 23.3 99.5
2022-01-16T07:43:00 995.8 23.2 99.4
2022-01-16T07:44:00 995.8 23.3 99.6
2022-01-16T07:45:00 995.8 23.3 99.8
2022-01-16T07:46:00 995.8 23.3 99.8
2022-01-16T07:47:00 995.8 23.3 99.9
2022-01-16T07:48:00 995.8 23.3 99.9
2022-01-16T07:49:00 995.8 23.2 99.8
2022-01-16T07:50:00 995.8 23.2 99.8
2022-01-16T07:51:00 995.9 23.2 100.0
2022-01-16T07:52:00 995.9 23.2 100.0
2022-01-16T07:53:00 995.9 23.2 100.0
2022-01-16T07:54:00 995.9 23.2 100.0
2022-01-16T07:55:00 995.9 23.2 100.0
2022-01-16T07:56:00 995.9 23.2 100.1
2022-01-16T07:57:00 995.9 23.2 100.1
2022-01-16T07:58:00 996.0 23.1 100.1
2022-01-16T07:59:00 996.0 23.1 100.1
2022-01-16T08:00:00 996.0 23.1 100.1
2022-01-16T08:01:00 996.0 23.1 100.2
2022-01-16T08:02:00 996.0 23.1 100.2
2022-01-16T08:03:00 996.0 23.1 100.3
2022-01-16T08:04:00 996.0 23.1 100.3
2022-01-16T08:05:00 996.0 23.1 100.3
2022-01-16T08:06:00 996.1 23.1 100.3
2022-01-16T08:07:00 996.1 23.1 100.4
2022-01-16T08:08:00 996.1 23.1 100.4
2022-01-16T08:09:00 996.2 23.2 100.4
2022-01-16T08:10:00 996.2 23.2 100.5
2022-01-16T08:11:00 996.2 23.2 100.5
2022-01-16T08:12:00 996.2 23.2 100.5
2022-01-16T08:13:00 996.2 23.2 100.5
2022-01-16T08:14:00 996.2 23.2 100.5
2022-01-16T08:15:00 996.3 23.2 100.5
2022-01-16T08:16:00 996.3 23.2 100.5
2022-01-16T08:17:00 996.3 23.2 100.5
2022-01-16T08:18:00 996.3 23.2 100.5
2022-01-16T08:19:00 996.3 23.2 100.5
2022-01-16T08:20:00 996.3 23.2 100.5
2022-01-16T08:21:00 996.3 23.2 100.5
2022-01-16T08:22:00 996.3 23.2 100.6
2022-01-16T08:23:00 996.3 23.2 100.6
2022-01-16T08:24:00 996.2 23.2 100.6
2022-01-16T08:25:00 996.2 23.2 100.6
2022-01-16T08:26:00 996.2 23.3 100.6
2022-01-16T08:27:00 996.2 23.3 100.6
2022-01-16T08:28:00 996.2 23.3 100.7
2022-01-16T08:29:00 996.2 23.4 100.6
2022-01-16T08:30:00 996.3 23.3 100.5
2022-01-16T08:31:00 996.3 23.3 100.5
2022-01-16T08:32:00 996.3 23.3 100.6
2022-01-16T08:33:00 996.2 23.3 100.6
2022-01-16T08:34:00 996.2 23.3 100.6
2022-01-16T08:35:00 996.3 23.3 100.6
2022-01-16T08:36:00 996.3 23.3 100.6
2022-01-16T08:37:00 996.2 23.3 100.6
2022-01-16T08:38:00 996.3 23.3 100.6
2022-01-16T08:39:00 996.3 23.2 100.6
2022-01-16T08:40:00 996.2 23.2 100.6
2022-01-16T08:41:00 996.3 23.3 100.6
2022-01-16T08:42:00 996.3 23.3 100.7
2022-01-16T08:43:00 996.3 23.3 100.6
2022-01-16T08:44:00 996.3 23.3 100.6
2022-01-16T08:45:00 996.3 23.3 100.7
2022-01-16T08:46:00 996.3 23.4 100.7
2022-01-16T08:47:00 996.3 23.4 100.7
2022-01-16T08:48:00 996.4 23.3 100.6
2022-01-16T08:49:00 996.4 23.3 100.6
2022-01-16T08:50:00 996.4 23.3 100.6
2022-01-16T08:51:00 996.5 23.2 100.6
2022-01-16T08:52:00 996.5 23.2 100.5
2022-01-16T08:53:00 996.5 23.2 100.5
2022-01-16T08:54:00 996.5 23.2 100.6
2022-01-16T08:55:00 996.6 23.3 100.6
2022-01-16T08:56:00 996.6 23.3 100.6
2022-01-16T08:57:00 996.6 23.3 100.6
2022-01-16T08:58:00 996.6 23.3 100.6
2022-01-16T08:59:00 996.6 23.3 100.6
2022-01-16T09:00:00 996.5 23.3 100.6
2022-01-16T09:01:00 996.5 23.3 100.7
2022-01-16T09:02:00 996.5 23.4 100.7
2022-01-16T09:03:00 996.5 23.4 100.7
2022-01-16T09:04:00 996.5 23.4 100.7
2022-01-16T09:05:00 996.6 23.4 100.6
2022-01-16T09:06:00 996.7 23.4 100.6
2022-01-16T09:07:00 996.7 23.4 100.5
2022-01-16T09:08:00 996.7 23.4 100.5
2022-01-16T09:09:00 996.8 23.3 100.5
2022-01-16T09:10:00 996.8 23.4 100.6
2022-01-16T09:11:00 996.8 23.4 100.5
2022-01-16T09:12:00 996.8 23.4 100.5
2022-01-16T09:13:00 996.7 23.4 100.6
2022-01-16T09:14:00 996.7 23.4 100.5
2022-01-16T09:15:00 996.7 23.4 100.5
2022-01-16T09:16:00 996.7 23.4 100.5
2022-01-16T09:17:00 996.7 23.4 100.5
2022-01-16T09:18:00 996.7 23.4 100.5
2022-01-16T09:19:00 996.7 23.4 100.5
2022-01-16T09:20:00 996.7 23.4 100.5
2022-01-16T09:21:00 996.7 23.4 100.5
2022-01-16T09:22:00 996.7 23.4 100.5
2022-01-16T09:23:00 996.8 23.4 100.5
2022-01-16T09:24:00 996.8 23.4 100.5
2022-01-16T09:25:00 996.8 23.5 100.5
2022-01-16T09:26:00 996.7 23.5 100.5
2022-01-16T09:27:00 996.7 23.4 100.4
2022-01-16T09:28:00 996.6 23.4 100.4
2022-01-16T09:29:00 996.6 23.4 100.5
2022-01-16T09:30:00 996.6 23.4 100.5
2022-01-16T09:31:00 996.7 23.4 100.5
2022-01-16T09:32:00 996.7 23.4 100.4
2022-01-16T09:33:00 996.7 23.4 100.4
2022-01-16T09:34:00 996.7 23.4 100.5
2022-01-16T09:35:00 996.7 23.4 100.5
2022-01-16T09:36:00 996.7 23.5 100.5
2022-01-16T09:37:00 996.7 23.5 100.5
2022-01-16T09:38:00 996.7 23.5 100.6
2022-01-16T09:39:00 996.7 23.6 100.6
2022-01-16T09:40:00 996.7 23.6 100.6
2022-01-16T09:41:00 996.7 23.6 100.6
2022-01-16T09:42:00 996.7 23.6 100.5
2022-01-16T09:43:00 996.7 23.6 100.5
2022-01-16T09:44:00 996.8 23.6 100.5
2022-01-16T09:45:00 996.8 23.6 100.4
2022-01-16T09:46:00 996.8 23.6 100.4
2022-01-16T09:47:00 996.8 23.6 100.4
2022-01-16T09:48:00 996.8 23.7 100.4
2022-01-16T09:49:00 996.8 23.7 100.4
2022-01-16T09:50:00 996.8 23.7 100.4
2022-01-16T09:51:00 996.9 23.7 100.4
2022-01-16T09:52:00 996.9 23.7 100.3
2022-01-16T09:53:00 996.9 23.7 100.4
2022-01-16T09:54:00 996.9 23.8 100.4
2022-01-16T09:55:00 996.9 23.8 100.5
2022-01-16T09:56:00 996.9 23.8 100.4
2022-01-16T09:57:00 996.9 23.8 100.4
2022-01-16T09:58:00 996.9 23.9 100.4
2022-01-16T09:59:00 996.9 24.0 100.5
2022-01-16T10:00:00 996.9 24.0 100.4
2022-01-16T10:01:00 996.9 24.0 100.4
2022-01-16T10:02:00 997.0 24.1 100.4
2022-01-16T10:03:00 997.0 24.1 100.2
2022-01-16T10:04:00 997.1 24.2 100.2
2022-01-16T10:05:00 997.1 24.2 99.9
2022-01-16T10:06:00 997.1 24.2 99.5
2022-01-16T10:07:00 997.1 24.2 99.0
2022-01-16T10:08:00 997.1 24.3 98.4
2022-01-16T10:09:00 997.0 24.4 97.9
2022-01-16T10:10:00 997.0 24.5 97.0
2022-01-16T10:11:00 997.0 24.7 96.1
2022-01-16T10:12:00 997.1 24.9 96.2
2022-01-16T10:13:00 997.1 25.0 95.3
2022-01-16T10:14:00 997.1 25.1 94.0
2022-01-16T10:15:00 997.1 25.2 91.3
2022-01-16T10:16:00 997.2 25.4 92.1
2022-01-16T10:17:00 997.2 25.6 91.2
2022-01-16T10:18:00 997.2 25.7 89.4
2022-01-16T10:19:00 997.2 25.9 89.3
2022-01-16T10:20:00 997.2 26.0 89.3
2022-01-16T10:21:00 997.2 26.1 88.5
2022-01-16T10:22:00 997.1 26.3 88.1
2022-01-16T10:23:00 997.1 26.6 87.7
2022-01-16T10:24:00 997.1 26.8 87.3
2022-01-16T10:25:00 997.1 26.8 85.3
2022-01-16T10:26:00 997.1 26.8 83.4
2022-01-16T10:27:00 997.1 26.9 85.5
2022-01-16T10:28:00 997.1 27.0 84.2
2022-01-16T10:29:00 997.2 26.9 82.4
2022-01-16T10:30:00 997.1 27.0 84.0
2022-01-16T10:31:00 997.1 27.2 83.4
2022-01-16T10:32:00 997.1 27.2 79.6
2022-01-16T10:33:00 997.1 27.3 81.1
2022-01-16T10:34:00 997.1 27.4 82.2
2022-01-16T10:35:00 997.2 27.6 81.8
2022-01-16T10:36:00 997.2 27.8 79.7
2022-01-16T10:37:00 997.2 28.0 78.8
2022-01-16T10:38:00 997.3 28.0 80.1
2022-01-16T10:39:00 997.3 28.0 79.4
2022-01-16T10:40:00 997.3 28.0 77.8
2022-01-16T10:41:00 997.3 28.0 77.9
2022-01-16T10:42:00 997.3 28.1 78.1
2022-01-16T10:43:00 997.4 28.2 78.8
2022-01-16T10:44:00 997.4 28.4 78.3
2022-01-16T10:45:00 997.4 28.5 77.8
2022-01-16T10:46:00 997.4 28.4 75.9
2022-01-16T10:47:00 997.4 28.2 77.0
2022-01-16T10:48:00 997.4 28.4 78.0
2022-01-16T10:49:00 997.3 28.3 75.7
2022-01-16T10:50:00 997.3 28.3 76.3
2022-01-16T10:51:00 997.4 28.5 75.7
2022-01-16T10:52:00 997.4 28.8 75.4
2022-01-16T10:53:00 997.4 29.0 76.0
2022-01-16T10:54:00 997.4 29.1 72.5
2022-01-16T10:55:00 997.5 29.1 73.6
2022-01-16T10:56:00 997.5 29.0 73.8
2022-01-16T10:57:00 997.5 28.6 74.3
2022-01-16T10:58:00 997.5 28.4 75.9
2022-01-16T10:59:00 997.5 28.4 75.1
2022-01-16T11:00:00 997.4 28.5 75.5
2022-01-16T11:01:00 997.4 28.4 73.9
2022-01-16T11:02:00 997.4 28.4 73.0
2022-01-16T11:03:00 997.4 28.6 73.1
2022-01-16T11:04:00 997.5 28.8 73.5
2022-01-16T11:05:00 997.5 28.9 74.2
2022-01-16T11:06:00 997.5 29.0 71.7
2022-01-16T11:07:00 997.5 29.1 70.0
2022-01-16T11:08:00 997.5 29.2 72.2
2022-01-16T11:09:00 997.5 29.4 71.1
2022-01-16T11:10:00 997.4 29.5 70.8
2022-01-16T11:11:00 997.5 29.7 69.7
2022-01-16T11:12:00 997.5 29.8 69.5
2022-01-16T11:13:00 997.5 29.8 70.0
2022-01-16T11:14:00 997.5 29.9 69.7
2022-01-16T11:15:00 997.5 30.0 70.0
2022-01-16T11:16:00 997.5 30.0 68.0
2022-01-16T11:17:00 997.6 29.7 69.8
2022-01-16T11:18:00 997.6 29.6 69.5
2022-01-16T11:19:00 997.6 29.7 69.9
2022-01-16T11:20:00 997.6 29.9 67.9
2022-01-16T11:21:00 997.6 29.8 68.3
2022-01-16T11:22:00 997.6 29.9 69.3
2022-01-16T11:23:00 997.6 29.9 68.5
2022-01-16T11:24:00 997.6 30.0 69.0
2022-01-16T11:25:00 997.6 30.0 66.0
2022-01-16T11:26:00 997.6 30.1 66.8
2022-01-16T11:27:00 997.6 29.9 66.8
2022-01-16T11:28:00 997.6 30.0 67.7
2022-01-16T11:29:00 997.6 30.2 67.1
2022-01-16T11:30:00 997.6 30.2 67.0
2022-01-16T11:31:00 997.7 29.9 66.9
2022-01-16T11:32:00 997.7 29.7 68.6
2022-01-16T11:33:00 997.7 29.6 66.8
2022-01-16T11:34:00 997.7 29.3 68.4
2022-01-16T11:35:00 997.7 29.3 70.3
2022-01-16T11:36:00 997.7 29.2 69.4
2022-01-16T11:37:00 997.7 29.2 70.7
2022-01-16T11:38:00 997.7 29.1 70.9
2022-01-16T11:39:00 997.8 29.1 69.5
2022-01-16T11:40:00 997.8 29.1 69.8
2022-01-16T11:41:00 997.8 29.0 69.8
2022-01-16T11:42:00 997.9 29.0 71.5
2022-01-16T11:43:00 997.9 29.1 71.0
2022-01-16T11:44:00 997.9 29.0 70.1
2022-01-16T11:45:00 997.9 28.9 70.3
2022-01-16T11:46:00 997.9 28.9 72.3
2022-01-16T11:47:00 997.9 28.9 70.5
2022-01-16T11:48:00 998.0 28.9 72.0
2022-01-16T11:49:00 998.0 28.8 71.8
2022-01-16T11:50:00 998.0 28.7 72.4
2022-01-16T11:51:00 998.0 28.8 72.4
2022-01-16T11:52:00 998.0 28.9 71.6
2022-01-16T11:53:00 998.0 29.0 72.8
2022-01-16T11:54:00 998.0 29.3 70.9
2022-01-16T11:55:00 998.0 29.1 70.9
2022-01-16T11:56:00 998.0 29.0 69.9
2022-01-16T11:57:00 998.0 28.8 71.8
2022-01-16T11:58:00 998.1 28.9 72.0
2022-01-16T11:59:00 998.0 29.5 73.5
2022-01-16T12:00:00 998.0 29.7 68.7
2022-01-16T12:01:00 998.0 30.0 68.8
2022-01-16T12:02:00 998.0 29.9 69.2
2022-01-16T12:03:00 998.0 30.1 70.3
2022-01-16T12:04:00 998.0 30.5 67.3
2022-01-16T12:05:00 998.0 30.9 67.9
2022-01-16T12:06:00 998.1 31.2 64.1
2022-01-16T12:07:00 998.1 31.5 64.8
2022-01-16T12:08:00 998.1 31.9 62.8
2022-01-16T12:09:00 998.1 32.0 63.2
2022-01-16T12:10:00 998.1 32.3 61.5
2022-01-16T12:11:00 998.1 32.4 62.5
2022-01-16T12:12:00 998.1 32.8 59.9
2022-01-16T12:13:00 998.2 32.8 60.4
2022-01-16T12:14:00 998.2 32.8 59.1
2022-01-16T12:15:00 998.2 32.7 60.9
2022-01-16T12:16:00 998.2 32.5 60.3
2022-01-16T12:17:00 998.2 32.6 60.7
2022-01-16T12:18:00 998.2 32.5 59.8
2022-01-16T12:19:00 998.2 32.5 59.9
2022-01-16T12:20:00 998.2 32.4 58.8
2022-01-16T12:21:00 998.3 32.1 59.0
2022-01-16T12:22:00 998.3 32.1 60.1
2022-01-16T12:23:00 998.3 32.1 61.0
2022-01-16T12:24:00 998.3 32.1 58.8
2022-01-16T12:25:00 998.3 32.0 60.9
2022-01-16T12:26:00 998.3 32.2 59.2
2022-01-16T12:27:00 998.3 32.2 60.4
2022-01-16T12:28:00 998.3 32.2 59.4
2022-01-16T12:29:00 998.3 32.3 58.0
2022-01-16T12:30:00 998.3 32.3 57.8
2022-01-16T12:31:00 998.3 32.1 59.6
2022-01-16T12:32:00 998.3 32.2 58.5
2022-01-16T12:33:00 998.2 32.5 58.4
2022-01-16T12:34:00 998.2 32.9 57.6
2022-01-16T12:35:00 998.2 32.7 57.2
2022-01-16T12:36:00 998.2 32.6 55.5
2022-01-16T12:37:00 998.2 32.6 57.3
2022-01-16T12:38:00 998.2 32.6 56.4
2022-01-16T12:39:00 998.2 32.3 56.8
2022-01-16T12:40:00 998.2 32.3 59.5
2022-01-16T12:41:00 998.2 32.5 57.8
2022-01-16T12:42:00 998.2 32.5 57.1
2022-01-16T12:43:00 998.2 32.5 57.1
2022-01-16T12:44:00 998.2 32.4 56.9
2022-01-16T12:45:00 998.2 32.4 59.5
2022-01-16T12:46:00 998.2 33.0 58.4
2022-01-16T12:47:00 998.2 33.6 57.7
2022-01-16T12:48:00 998.1 33.3 53.8
2022-01-16T12:49:00 998.2 33.2 56.4
2022-01-16T12:50:00 998.2 33.0 55.7
2022-01-16T12:51:00 998.2 32.6 56.5
2022-01-16T12:52:00 998.2 32.7 56.3
2022-01-16T12:53:00 998.1 32.9 56.3
2022-01-16T12:54:00 998.1 33.5 54.8
2022-01-16T12:55:00 998.1 33.6 53.2
2022-01-16T12:56:00 998.1 33.3 55.2
2022-01-16T12:57:00 998.1 33.0 54.2
2022-01-16T12:58:00 998.1 33.2 55.5
2022-01-16T12:59:00 998.1 33.7 54.9
2022-01-16T13:00:00 998.1 33.9 52.8
2022-01-16T13:01:00 998.1 33.9 51.8
2022-01-16T13:02:00 998.1 33.7 53.2
2022-01-16T13:03:00 998.1 33.6 54.8
2022-01-16T13:04:00 998.1 33.8 52.6
2022-01-16T13:05:00 998.1 33.8 54.6
2022-01-16T13:06:00 998.1 34.1 56.9
2022-01-16T13:07:00 998.1 33.8 54.2
2022-01-16T13:08:00 998.1 33.6 55.3
2022-01-16T13:09:00 998.1 33.8 53.1
2022-01-16T13:10:00 998.1 34.0 54.0
2022-01-16T13:11:00 998.1 34.2 52.2
2022-01-16T13:12:00 998.1 34.5 52.1
2022-01-16T13:13:00 998.1 34.8 52.6
2022-01-16T13:14:00 998.1 34.5 51.5
2022-01-16T13:15:00 998.1 34.1 52.5
2022-01-16T13:16:00 998.2 33.7 55.5
2022-01-16T13:17:00 998.2 33.5 53.0
2022-01-16T13:18:00 998.2 33.4 52.7
2022-01-16T13:19:00 998.2 33.8 54.1
2022-01-16T13:20:00 998.2 34.1 54.8
2022-01-16T13:21:00 998.2 34.4 53.8
2022-01-16T13:22:00 998.2 34.6 52.9
2022-01-16T13:23:00 998.2 34.8 51.5
2022-01-16T13:24:00 998.2 34.8 52.6
2022-01-16T13:25:00 998.2 34.3 53.2
2022-01-16T13:26:00 998.2 34.3 54.3
2022-01-16T13:27:00 998.2 34.2 53.0
2022-01-16T13:28:00 998.2 34.0 56.1
2022-01-16T13:29:00 998.2 34.1 54.3
2022-01-16T13:30:00 998.2 34.1 54.5
2022-01-16T13:31:00 998.2 34.3 54.9
2022-01-16T13:32:00 998.2 33.9 51.8
2022-01-16T13:33:00 998.2 33.9 53.9
2022-01-16T13:34:00 998.2 34.3 56.4
2022-01-16T13:35:00 998.2 34.5 52.6
2022-01-16T13:36:00 998.2 34.3 52.8
2022-01-16T13:37:00 998.2 34.4 52.9
2022-01-16T13:38:00 998.2 34.6 51.8
2022-01-16T13:39:00 998.2 34.6 53.9
2022-01-16T13:40:00 998.2 34.4 52.1
2022-01-16T13:41:00 998.2 34.4 53.0
2022-01-16T13:42:00 998.2 34.9 54.5
2022-01-16T13:43:00 998.2 35.1 52.2
2022-01-16T13:44:00 998.2 34.8 51.9
2022-01-16T13:45:00 998.2 34.9 51.6
2022-01-16T13:46:00 998.2 34.5 53.5
2022-01-16T13:47:00 998.2 34.3 54.2
2022-01-16T13:48:00 998.2 33.8 53.9
2022-01-16T13:49:00 998.2 33.6 56.7
2022-01-16T13:50:00 998.2 34.1 54.5
2022-01-16T13:51:00 998.2 34.6 54.1
2022-01-16T13:52:00 998.2 34.7 52.1
2022-01-16T13:53:00 998.1 34.5 52.8
2022-01-16T13:54:00 998.1 34.7 52.9
2022-01-16T13:55:00 998.1 35.0 51.8
2022-01-16T13:56:00 998.1 34.9 52.2
2022-01-16T13:57:00 998.1 34.7 51.9
2022-01-16T13:58:00 998.0 34.1 52.6
2022-01-16T13:59:00 998.0 33.8 56.3
2022-01-16T14:00:00 998.1 34.3 56.6
2022-01-16T14:01:00 998.0 34.7 54.1
2022-01-16T14:02:00 998.1 34.7 52.8
2022-01-16T14:03:00 998.1 34.9 54.7
2022-01-16T14:04:00 998.1 35.0 53.2
2022-01-16T14:05:00 998.1 34.8 51.8
2022-01-16T14:06:00 998.1 34.8 51.9
2022-01-16T14:07:00 998.1 34.9 50.6
2022-01-16T14:08:00 998.1 34.9 52.0
2022-01-16T14:09:00 998.1 35.2 50.3
2022-01-16T14:10:00 998.1 35.4 50.4
2022-01-16T14:11:00 998.1 35.3 49.2
2022-01-16T14:12:00 998.1 35.0 52.2
2022-01-16T14:13:00 998.1 35.1 52.7
2022-01-16T14:14:00 998.1 35.4 52.3
2022-01-16T14:15:00 998.0 35.6 51.5
2022-01-16T14:16:00 998.0 35.8 51.7
2022-01-16T14:17:00 998.0 35.9 53.6
2022-01-16T14:18:00 998.0 36.2 52.9
2022-01-16T14:19:00 998.0 35.9 53.3
2022-01-16T14:20:00 998.0 35.4 50.4
2022-01-16T14:21:00 998.1 35.0 51.7
2022-01-16T14:22:00 998.0 34.8 52.7
2022-01-16T14:23:00 998.0 35.0 51.6
2022-01-16T14:24:00 998.0 35.0 51.3
2022-01-16T14:25:00 998.0 35.1 51.8
2022-01-16T14:26:00 998.0 34.8 52.7
2022-01-16T14:27:00 998.0 34.8 52.9
2022-01-16T14:28:00 998.0 34.8 52.0
2022-01-16T14:29:00 998.0 34.6 52.0
2022-01-16T14:30:00 998.0 34.3 53.1
2022-01-16T14:31:00 998.0 33.9 55.8
2022-01-16T14:32:00 997.9 34.1 55.3
2022-01-16T14:33:00 997.9 34.3 53.7
2022-01-16T14:34:00 997.9 34.6 55.0
2022-01-16T14:35:00 997.9 35.0 53.8
2022-01-16T14:36:00 997.9 35.2 55.5
2022-01-16T14:37:00 997.9 35.3 52.5
2022-01-16T14:38:00 997.9 35.1 54.5
2022-01-16T14:39:00 997.9 35.0 54.6
2022-01-16T14:40:00 997.8 35.1 53.2
2022-01-16T14:41:00 997.8 35.1 53.3
2022-01-16T14:42:00 997.9 35.0 51.2
2022-01-16T14:43:00 997.8 34.7 52.3
2022-01-16T14:44:00 997.8 34.7 53.0
2022-01-16T14:45:00 997.8 34.7 51.8
2022-01-16T14:46:00 997.8 34.5 51.6
2022-01-16T14:47:00 997.8 34.3 55.3
2022-01-16T14:48:00 997.8 34.1 54.0
2022-01-16T14:49:00 997.8 34.0 54.0
2022-01-16T14:50:00 997.8 34.0 54.2
2022-01-16T14:51:00 997.8 33.9 55.9
2022-01-16T14:52:00 997.8 33.9 54.5
2022-01-16T14:53:00 997.7 34.0 55.8
2022-01-16T14:54:00 997.7 34.4 55.2
2022-01-16T14:55:00 997.7 34.9 54.0
2022-01-16T14:56:00 997.7 35.1 53.8
2022-01-16T14:57:00 997.6 35.3 51.3
2022-01-16T14:58:00 997.6 34.6 53.4
2022-01-16T14:59:00 997.6 34.2 55.7
2022-01-16T15:00:00 997.6 34.0 56.2
2022-01-16T15:01:00 997.6 34.2 57.5
2022-01-16T15:02:00 997.6 34.6 55.8
2022-01-16T15:03:00 997.5 34.8 53.7
2022-01-16T15:04:00 997.5 34.8 52.1
2022-01-16T15:05:00 997.5 34.7 52.2
2022-01-16T15:06:00 997.5 35.0 51.6
2022-01-16T15:07:00 997.4 34.7 53.7
2022-01-16T15:08:00 997.4 34.9 52.4
2022-01-16T15:09:00 997.4 35.1 53.0
2022-01-16T15:10:00 997.4 35.3 54.8
2022-01-16T15:11:00 997.4 35.3 53.7
2022-01-16T15:12:00 997.4 35.3 54.0
2022-01-16T15:13:00 997.4 35.5 51.1
2022-01-16T15:14:00 997.3 35.8 50.7
2022-01-16T15:15:00 997.3 35.8 50.8
2022-01-16T15:16:00 997.3 35.7 52.5
2022-01-16T15:17:00 997.3 35.8 51.9
2022-01-16T15:18:00 997.3 36.1 52.7
2022-01-16T15:19:00 997.3 36.2 50.2
2022-01-16T15:20:00 997.3 36.2 50.5
2022-01-16T15:21:00 997.2 36.3 53.3
2022-01-16T15:22:00 997.2 36.5 51.4
2022-01-16T15:23:00 997.2 36.3 51.3
2022-01-16T15:24:00 997.1 36.0 50.2
2022-01-16T15:25:00 997.1 36.0 50.3
2022-01-16T15:26:00 997.1 36.1 50.6
2022-01-16T15:27:00 997.0 36.2 48.9
2022-01-16T15:28:00 997.0 36.1 49.8
2022-01-16T15:29:00 997.0 36.2 52.1
2022-01-16T15:30:00 997.0 36.5 51.1
2022-01-16T15:31:00 996.9 36.6 50.6
2022-01-16T15:32:00 996.9 36.8 50.6
2022-01-16T15:33:00 996.9 36.7 51.3
2022-01-16T15:34:00 996.9 36.4 51.3
2022-01-16T15:35:00 996.9 36.6 48.8
2022-01-16T15:36:00 996.8 36.7 54.2
2022-01-16T15:37:00 996.8 36.7 50.3
2022-01-16T15:38:00 996.8 36.6 49.8
2022-01-16T15:39:00 996.8 36.4 48.7
2022-01-16T15:40:00 996.8 36.3 52.7
2022-01-16T15:41:00 996.8 36.2 51.0
2022-01-16T15:42:00 996.8 36.3 52.7
2022-01-16T15:43:00 996.8 36.0 51.0
2022-01-16T15:44:00 996.8 35.6 51.3
2022-01-16T15:45:00 996.8 35.4 51.7
2022-01-16T15:46:00 996.8 35.4 54.7
2022-01-16T15:47:00 996.7 35.7 51.4
2022-01-16T15:48:00 996.7 35.7 54.4
2022-01-16T15:49:00 996.7 35.7 51.6
2022-01-16T15:50:00 996.7 35.9 50.8
2022-01-16T15:51:00 996.7 36.1 50.2
2022-01-16T15:52:00 996.7 36.4 49.7
2022-01-16T15:53:00 996.7 36.2 47.2
2022-01-16T15:54:00 996.6 36.1 48.9
2022-01-16T15:55:00 996.6 36.0 50.9
2022-01-16T15:56:00 996.6 36.2 47.7
2022-01-16T15:57:00 996.6 36.1 49.0
2022-01-16T15:58:00 996.6 36.1 48.8
2022-01-16T15:59:00 996.6 36.0 50.7
2022-01-16T16:00:00 996.6 35.9 50.6
2022-01-16T16:01:00 996.6 35.9 51.4
2022-01-16T16:02:00 996.6 36.2 50.9
2022-01-16T16:03:00 996.6 36.4 46.9
2022-01-16T16:04:00 996.5 36.5 46.8
2022-01-16T16:05:00 996.5 36.4 46.8
2022-01-16T16:06:00 996.5 36.6 46.9
2022-01-16T16:07:00 996.5 36.7 47.3
2022-01-16T16:08:00 996.6 36.4 45.4
2022-01-16T16:09:00 996.6 36.0 47.6
2022-01-16T16:10:00 996.5 35.7 48.2
2022-01-16T16:11:00 996.5 35.9 48.9
2022-01-16T16:12:00 996.5 36.1 49.3
2022-01-16T16:13:00 996.5 35.8 49.5
2022-01-16T16:14:00 996.5 35.5 50.7
2022-01-16T16:15:00 996.4 35.5 49.9
2022-01-16T16:16:00 996.5 35.5 50.2
2022-01-16T16:17:00 996.5 35.8 49.6
2022-01-16T16:18:00 996.5 35.6 51.3
2022-01-16T16:19:00 996.5 35.4 50.9
2022-01-16T16:20:00 996.5 35.6 50.5
2022-01-16T16:21:00 996.5 35.8 50.9
2022-01-16T16:22:00 996.5 36.2 48.6
2022-01-16T16:23:00 996.5 36.4 48.4
2022-01-16T16:24:00 996.4 36.7 46.9
2022-01-16T16:25:00 996.4 37.0 45.6
2022-01-16T16:26:00 996.4 37.0 45.8
2022-01-16T16:27:00 996.4 37.3 47.7
2022-01-16T16:28:00 996.4 37.4 43.1
2022-01-16T16:29:00 996.4 37.5 45.1
2022-01-16T16:30:00 996.4 37.4 46.5
2022-01-16T16:31:00 996.4 37.5 45.1
2022-01-16T16:32:00 996.3 37.4 43.0
2022-01-16T16:33:00 996.3 37.3 42.7
2022-01-16T16:34:00 996.3 37.2 45.3
2022-01-16T16:35:00 996.3 36.9 44.4
2022-01-16T16:36:00 996.2 36.6 44.0
2022-01-16T16:37:00 996.2 36.5 47.5
2022-01-16T16:38:00 996.2 36.5 46.4
2022-01-16T16:39:00 996.2 36.9 46.9
2022-01-16T16:40:00 996.2 36.8 46.1
2022-01-16T16:41:00 996.2 36.8 45.7
2022-01-16T16:42:00 996.2 36.9 44.5
2022-01-16T16:43:00 996.2 37.0 43.7
2022-01-16T16:44:00 996.2 37.2 44.6
2022-01-16T16:45:00 996.1 37.3 42.1
2022-01-16T16:46:00 996.1 37.1 45.0
2022-01-16T16:47:00 996.1 37.5 43.7
2022-01-16T16:48:00 996.0 37.8 43.3
2022-01-16T16:49:00 996.0 37.6 40.6
2022-01-16T16:50:00 996.0 37.6 40.8
2022-01-16T16:51:00 996.0 37.4 43.9
2022-01-16T16:52:00 996.0 37.5 41.9
2022-01-16T16:53:00 996.0 37.4 44.2
2022-01-16T16:54:00 995.9 37.4 45.0
2022-01-16T16:55:00 995.9 37.3 42.4
2022-01-16T16:56:00 995.9 37.1 45.7
2022-01-16T16:57:00 995.8 37.2 43.6
2022-01-16T16:58:00 995.8 37.0 44.6
2022-01-16T16:59:00 995.8 37.1 43.9
2022-01-16T17:00:00 995.8 37.3 48.3
2022-01-16T17:01:00 995.7 37.1 44.5
2022-01-16T17:02:00 995.7 37.0 46.0
2022-01-16T17:03:00 995.7 37.1 45.6
2022-01-16T17:04:00 995.7 36.8 44.0
2022-01-16T17:05:00 995.7 36.4 45.4
2022-01-16T17:06:00 995.7 36.4 44.5
2022-01-16T17:07:00 995.7 36.3 45.1
2022-01-16T17:08:00 995.7 36.4 46.6
2022-01-16T17:09:00 995.7 36.5 47.6
2022-01-16T17:10:00 995.6 36.3 49.3
2022-01-16T17:11:00 995.6 36.3 48.3
2022-01-16T17:12:00 995.6 36.5 47.6
2022-01-16T17:13:00 995.6 36.6 48.9
2022-01-16T17:14:00 995.6 36.6 49.6
2022-01-16T17:15:00 995.6 36.6 47.7
2022-01-16T17:16:00 995.6 36.5 48.7
2022-01-16T17:17:00 995.6 36.6 47.8
2022-01-16T17:18:00 995.6 36.8 47.2
2022-01-16T17:19:00 995.6 36.9 46.6
2022-01-16T17:20:00 995.5 36.9 45.7
2022-01-16T17:21:00 995.6 36.5 46.8
2022-01-16T17:22:00 995.6 36.2 47.8
2022-01-16T17:23:00 995.6 36.0 46.5
2022-01-16T17:24:00 995.5 36.0 47.8
2022-01-16T17:25:00 995.5 36.4 51.7
2022-01-16T17:26:00 995.5 36.8 47.5
2022-01-16T17:27:00 995.4 37.0 46.1
2022-01-16T17:28:00 995.4 37.3 44.6
2022-01-16T17:29:00 995.3 37.1 43.7
2022-01-16T17:30:00 995.3 37.0 45.3
2022-01-16T17:31:00 995.3 37.0 44.1
2022-01-16T17:32:00 995.3 36.8 45.3
2022-01-16T17:33:00 995.3 36.5 44.9
2022-01-16T17:34:00 995.3 36.4 46.1
2022-01-16T17:35:00 995.3 36.2 47.1
2022-01-16T17:36:00 995.3 36.1 47.5
2022-01-16T17:37:00 995.3 35.9 47.3
2022-01-16T17:38:00 995.3 35.8 48.2
2022-01-16T17:39:00 995.3 36.1 52.4
2022-01-16T17:40:00 995.3 36.4 50.1
2022-01-16T17:41:00 995.2 36.5 49.4
2022-01-16T17:42:00 995.2 36.4 48.5
2022-01-16T17:43:00 995.2 36.8 48.6
2022-01-16T17:44:00 995.2 36.9 47.2
2022-01-16T17:45:00 995.2 36.7 46.1
2022-01-16T17:46:00 995.2 36.4 47.5
2022-01-16T17:47:00 995.2 36.4 47.3
2022-01-16T17:48:00 995.1 36.1 49.4
2022-01-16T17:49:00 995.1 36.0 50.8
2022-01-16T17:50:00 995.1 36.1 47.6
2022-01-16T17:51:00 995.1 36.1 50.1
2022-01-16T17:52:00 995.1 36.1 47.5
2022-01-16T17:53:00 995.0 36.2 47.1
2022-01-16T17:54:00 995.0 36.1 47.2
2022-01-16T17:55:00 995.0 36.2 48.5
2022-01-16T17:56:00 995.0 36.6 47.4
2022-01-16T17:57:00 994.9 36.7 48.5
2022-01-16T17:58:00 994.9 36.7 46.6
2022-01-16T17:59:00 994.9 36.8 45.8
2022-01-16T18:00:00 994.9 36.8 47.0
2022-01-16T18:01:00 994.9 37.0 45.6
2022-01-16T18:02:00 994.9 37.1 46.5
2022-01-16T18:03:00 994.9 37.3 44.5
2022-01-16T18:04:00 994.9 36.9 46.8
2022-01-16T18:05:00 994.9 37.1 45.3
2022-01-16T18:06:00 994.8 37.1 45.8
2022-01-16T18:07:00 994.8 37.1 48.0
2022-01-16T18:08:00 994.8 37.3 44.1
2022-01-16T18:09:00 994.8 37.5 47.3
2022-01-16T18:10:00 994.8 37.6 43.9
2022-01-16T18:11:00 994.7 37.2 43.8
2022-01-16T18:12:00 994.7 37.4 44.4
2022-01-16T18:13:00 994.7 37.4 44.8
2022-01-16T18:14:00 994.7 37.5 45.9
2022-01-16T18:15:00 994.7 37.7 42.9
2022-01-16T18:16:00 994.7 37.9 44.3
2022-01-16T18:17:00 994.6 37.6 42.6
2022-01-16T18:18:00 994.6 37.6 42.8
2022-01-16T18:19:00 994.6 37.8 42.9
2022-01-16T18:20:00 994.6 37.6 44.7
2022-01-16T18:21:00 994.6 37.4 47.3
2022-01-16T18:22:00 994.6 37.8 44.3
2022-01-16T18:23:00 994.6 37.5 42.4
2022-01-16T18:24:00 994.6 37.7 46.9
2022-01-16T18:25:00 994.6 38.0 41.8
2022-01-16T18:26:00 994.6 37.9 41.2
2022-01-16T18:27:00 994.6 37.9 43.2
2022-01-16T18:28:00 994.6 37.9 41.0
2022-01-16T18:29:00 994.5 38.1 40.8
2022-01-16T18:30:00 994.5 38.5 41.0
2022-01-16T18:31:00 994.5 38.4 40.5
2022-01-16T18:32:00 994.4 38.1 41.1
2022-01-16T18:33:00 994.4 38.1 42.4
2022-01-16T18:34:00 994.3 38.1 41.2
2022-01-16T18:35:00 994.3 38.1 40.7
2022-01-16T18:36:00 994.2 38.5 41.4
2022-01-16T18:37:00 994.2 38.7 41.3
2022-01-16T18:38:00 994.1 38.5 41.3
2022-01-16T18:39:00 994.1 38.6 40.5
2022-01-16T18:40:00 994.1 38.5 39.2
2022-01-16T18:41:00 994.1 38.5 39.4
2022-01-16T18:42:00 994.1 38.2 40.6
2022-01-16T18:43:00 994.1 38.3 41.7
2022-01-16T18:44:00 994.1 38.7 40.8
2022-01-16T18:45:00 994.0 38.7 40.2
2022-01-16T18:46:00 994.0 38.8 40.8
2022-01-16T18:47:00 994.0 39.2 40.3
2022-01-16T18:48:00 994.0 39.2 37.3
2022-01-16T18:49:00 994.0 39.4 38.4
2022-01-16T18:50:00 994.0 39.6 37.8
2022-01-16T18:51:00 994.0 39.9 37.2
2022-01-16T18:52:00 993.9 39.8 37.1
2022-01-16T18:53:00 993.9 40.0 40.0
2022-01-16T18:54:00 993.9 40.5 40.1
2022-01-16T18:55:00 993.9 40.3 38.9
2022-01-16T18:56:00 993.9 40.2 39.2
2022-01-16T18:57:00 993.8 40.4 37.2
2022-01-16T18:58:00 993.8 40.4 36.5
2022-01-16T18:59:00 993.8 40.2 38.7
2022-01-16T19:00:00 993.7 40.0 38.7
2022-01-16T19:01:00 993.7 40.0 39.0
2022-01-16T19:02:00 993.7 39.9 38.0
2022-01-16T19:03:00 993.7 39.8 38.9
2022-01-16T19:04:00 993.6 39.6 38.6
2022-01-16T19:05:00 993.6 39.4 39.6
2022-01-16T19:06:00 993.6 38.9 38.0
2022-01-16T19:07:00 993.6 38.5 39.1
2022-01-16T19:08:00 993.5 38.4 39.9
2022-01-16T19:09:00 993.5 38.7 42.6
2022-01-16T19:10:00 993.4 39.1 42.3
2022-01-16T19:11:00 993.3 39.5 42.2
2022-01-16T19:12:00 993.3 39.6 38.8
2022-01-16T19:13:00 993.3 40.0 42.1
2022-01-16T19:14:00 993.3 40.0 38.3
2022-01-16T19:15:00 993.3 40.2 39.5
2022-01-16T19:16:00 993.3 40.2 38.2
2022-01-16T19:17:00 993.3 40.3 38.5
2022-01-16T19:18:00 993.3 40.1 37.1
2022-01-16T19:19:00 993.2 39.7 39.3
2022-01-16T19:20:00 993.2 39.6 37.2
2022-01-16T19:21:00 993.2 39.1 38.5
2022-01-16T19:22:00 993.2 39.5 39.1
2022-01-16T19:23:00 993.2 39.2 39.6
2022-01-16T19:24:00 993.2 39.3 38.7
2022-01-16T19:25:00 993.1 40.0 38.1
2022-01-16T19:26:00 993.1 40.3 39.6
2022-01-16T19:27:00 993.1 40.5 35.5
2022-01-16T19:28:00 993.0 40.6 37.6
2022-01-16T19:29:00 993.0 40.3 35.4
2022-01-16T19:30:00 993.0 40.1 36.6
2022-01-16T19:31:00 993.0 40.3 37.0
2022-01-16T19:32:00 993.0 40.4 35.8
2022-01-16T19:33:00 993.0 40.9 37.0
2022-01-16T19:34:00 993.1 40.8 36.5
2022-01-16T19:35:00 993.0 40.6 35.3
2022-01-16T19:36:00 993.0 39.9 38.6
2022-01-16T19:37:00 993.1 39.8 38.5
2022-01-16T19:38:00 993.1 39.9 37.9
2022-01-16T19:39:00 993.0 40.1 40.6
2022-01-16T19:40:00 993.1 40.1 39.1
2022-01-16T19:41:00 993.0 40.2 38.1
2022-01-16T19:42:00 993.0 40.6 37.2
2022-01-16T19:43:00 993.0 40.8 36.6
2022-01-16T19:44:00 992.9 40.8 36.3
2022-01-16T19:45:00 992.9 40.5 37.9
2022-01-16T19:46:00 992.9 40.4 35.5
2022-01-16T19:47:00 992.9 39.9 37.0
2022-01-16T19:48:00 992.9 39.7 38.6
2022-01-16T19:49:00 992.9 39.9 38.8
2022-01-16T19:50:00 992.9 40.3 38.3
2022-01-16T19:51:00 992.9 40.4 36.7
2022-01-16T19:52:00 992.9 40.6 36.5
2022-01-16T19:53:00 992.9 40.0 36.2
2022-01-16T19:54:00 992.9 39.7 37.6
2022-01-16T19:55:00 992.8 39.2 39.0
2022-01-16T19:56:00 992.8 38.9 39.3
2022-01-16T19:57:00 992.9 38.7 38.1
2022-01-16T19:58:00 992.9 38.9 38.8
2022-01-16T19:59:00 992.9 39.2 37.4
2022-01-16T20:00:00 992.8 39.2 38.1
2022-01-16T20:01:00 992.9 39.4 38.4
2022-01-16T20:02:00 992.8 39.3 38.0
2022-01-16T20:03:00 992.8 39.4 37.8
2022-01-16T20:04:00 992.8 39.3 36.9
2022-01-16T20:05:00 992.8 39.2 37.7
2022-01-16T20:06:00 992.8 38.9 39.6
2022-01-16T20:07:00 992.8 39.1 39.7
2022-01-16T20:08:00 992.7 39.3 38.5
2022-01-16T20:09:00 992.7 39.2 38.7
2022-01-16T20:10:00 992.7 39.3 40.9
2022-01-16T20:11:00 992.7 39.1 40.0
2022-01-16T20:12:00 992.6 38.8 39.5
2022-01-16T20:13:00 992.6 38.5 40.7
2022-01-16T20:14:00 992.6 38.6 41.2
2022-01-16T20:15:00 992.6 38.4 40.4
2022-01-16T20:16:00 992.6 38.0 39.7
2022-01-16T20:17:00 992.5 37.7 39.8
2022-01-16T20:18:00 992.5 37.4 42.2
2022-01-16T20:19:00 992.5 36.8 44.5
2022-01-16T20:20:00 992.5 36.7 44.7
2022-01-16T20:21:00 992.5 36.4 43.7
2022-01-16T20:22:00 992.4 36.2 44.6
2022-01-16T20:23:00 992.4 36.2 45.7
2022-01-16T20:24:00 992.3 36.1 45.6
2022-01-16T20:25:00 992.3 36.0 45.3
2022-01-16T20:26:00 992.2 36.0 46.6
2022-01-16T20:27:00 992.2 35.9 47.6
2022-01-16T20:28:00 992.2 35.8 46.6
2022-01-16T20:29:00 992.2 35.7 46.9
2022-01-16T20:30:00 992.2 35.7 48.4
2022-01-16T20:31:00 992.2 35.5 48.3
2022-01-16T20:32:00 992.2 35.4 50.2
2022-01-16T20:33:00 992.2 35.3 48.0
2022-01-16T20:34:00 992.2 35.4 48.7
2022-01-16T20:35:00 992.2 35.2 48.2
2022-01-16T20:36:00 992.2 34.9 50.2
2022-01-16T20:37:00 992.2 34.8 51.1
2022-01-16T20:38:00 992.3 34.6 50.2
2022-01-16T20:39:00 992.3 34.5 51.8
2022-01-16T20:40:00 992.3 34.3 52.0
2022-01-16T20:41:00 992.3 34.3 53.1
2022-01-16T20:42:00 992.3 34.3 54.2
2022-01-16T20:43:00 992.3 34.3 54.6
2022-01-16T20:44:00 992.3 34.2 53.8
2022-01-16T20:45:00 992.3 34.1 56.2
2022-01-16T20:46:00 992.3 34.1 55.5
2022-01-16T20:47:00 992.3 34.1 55.8
2022-01-16T20:48:00 992.3 34.1 58.9
2022-01-16T20:49:00 992.3 34.1 56.2
2022-01-16T20:50:00 992.3 33.9 56.7
2022-01-16T20:51:00 992.3 33.9 57.8
2022-01-16T20:52:00 992.3 33.9 56.0
2022-01-16T20:53:00 992.2 33.8 55.7
2022-01-16T20:54:00 992.2 33.7 54.5
2022-01-16T20:55:00 992.2 33.7 54.7
2022-01-16T20:56:00 992.2 33.6 55.1
2022-01-16T20:57:00 992.2 33.5 54.1
2022-01-16T20:58:00 992.2 33.4 56.3
2022-01-16T20:59:00 992.2 33.3 55.6
2022-01-16T21:00:00 992.2 33.3 54.5
2022-01-16T21:01:00 992.2 33.3 56.5
2022-01-16T21:02:00 992.2 33.3 55.8
2022-01-16T21:03:00 992.2 33.3 55.3
2022-01-16T21:04:00 992.2 33.3 56.8
2022-01-16T21:05:00 992.2 33.3 57.5
2022-01-16T21:06:00 992.2 33.2 59.5
2022-01-16T21:07:00 992.2 33.1 60.0
2022-01-16T21:08:00 992.1 33.0 60.8
2022-01-16T21:09:00 992.1 32.9 62.2
2022-01-16T21:10:00 992.1 32.9 63.8
2022-01-16T21:11:00 992.2 32.9 62.1
2022-01-16T21:12:00 992.2 32.9 62.8
2022-01-16T21:13:00 992.2 32.9 65.7
2022-01-16T21:14:00 992.2 32.8 64.6
2022-01-16T21:15:00 992.2 32.8 63.6
2022-01-16T21:16:00 992.1 32.7 62.9
2022-01-16T21:17:00 992.1 32.5 64.0
2022-01-16T21:18:00 992.1 32.4 64.7
2022-01-16T21:19:00 992.1 32.3 64.3
2022-01-16T21:20:00 992.1 32.2 64.0
2022-01-16T21:21:00 992.1 32.2 64.0
2022-01-16T21:22:00 992.1 32.1 63.0
2022-01-16T21:23:00 992.1 32.1 62.3
2022-01-16T21:24:00 992.1 32.1 63.4
2022-01-16T21:25:00 992.1 32.0 63.5
2022-01-16T21:26:00 992.1 32.0 64.0
2022-01-16T21:27:00 992.1 32.0 63.6
2022-01-16T21:28:00 992.1 31.9 64.8
2022-01-16T21:29:00 992.0 31.9 64.7
2022-01-16T21:30:00 992.0 31.8 66.0
2022-01-16T21:31:00 992.0 31.7 66.2
2022-01-16T21:32:00 992.0 31.7 67.2
2022-01-16T21:33:00 992.0 31.6 66.2
2022-01-16T21:34:00 992.0 31.5 66.7
2022-01-16T21:35:00 992.0 31.6 67.5
2022-01-16T21:36:00 992.0 31.6 67.2
2022-01-16T21:37:00 992.0 31.6 66.0
2022-01-16T21:38:00 992.0 31.6 67.5
2022-01-16T21:39:00 992.0 31.6 70.6
2022-01-16T21:40:00 992.0 31.6 69.3
2022-01-16T21:41:00 992.0 31.5 67.6
2022-01-16T21:42:00 992.0 31.5 70.8
2022-01-16T21:43:00 992.0 31.5 69.8
2022-01-16T21:44:00 992.0 31.5 68.7
2022-01-16T21:45:00 992.0 31.5 71.3
2022-01-16T21:46:00 991.9 31.5 69.2
2022-01-16T21:47:00 991.9 31.6 70.6
2022-01-16T21:48:00 991.9 31.7 68.7
2022-01-16T21:49:00 991.9 31.8 70.1
2022-01-16T21:50:00 991.9 32.0 69.7
2022-01-16T21:51:00 991.9 32.3 68.6
2022-01-16T21:52:00 991.9 32.4 67.5
2022-01-16T21:53:00 991.9 32.5 66.5
2022-01-16T21:54:00 991.9 32.6 64.5
2022-01-16T21:55:00 991.9 32.6 61.6
2022-01-16T21:56:00 991.9 32.6 61.8
2022-01-16T21:57:00 991.9 32.7 61.7
2022-01-16T21:58:00 991.9 32.7 61.4
2022-01-16T21:59:00 991.9 32.7 61.4
2022-01-16T22:00:00 991.9 32.7 62.2
2022-01-16T22:01:00 992.0 32.6 62.8
2022-01-16T22:02:00 992.0 32.6 63.0
2022-01-16T22:03:00 992.0 32.5 63.0
2022-01-16T22:04:00 992.0 32.4 67.2
2022-01-16T22:05:00 992.0 32.3 65.6
2022-01-16T22:06:00 992.0 32.2 65.9
2022-01-16T22:07:00 992.0 32.1 66.3
2022-01-16T22:08:00 992.0 32.0 66.1
2022-01-16T22:09:00 992.0 31.9 65.9
2022-01-16T22:10:00 992.0 31.8 67.0
2022-01-16T22:11:00 992.0 31.7 67.9
2022-01-16T22:12:00 992.0 31.6 70.4
2022-01-16T22:13:00 992.0 31.5 71.1
2022-01-16T22:14:00 992.0 31.4 71.0
2022-01-16T22:15:00 992.0 31.3 69.7
2022-01-16T22:16:00 992.0 31.2 71.5
2022-01-16T22:17:00 992.0 31.1 72.6
2022-01-16T22:18:00 992.0 31.0 71.1
2022-01-16T22:19:00 992.0 30.9 70.4
2022-01-16T22:20:00 992.0 30.8 72.2
2022-01-16T22:21:00 992.0 30.7 73.8
2022-01-16T22:22:00 992.0 30.6 72.6
2022-01-16T22:23:00 991.9 30.5 71.5
2022-01-16T22:24:00 991.9 30.4 72.5
2022-01-16T22:25:00 991.9 30.4 72.5
2022-01-16T22:26:00 991.9 30.2 72.1
2022-01-16T22:27:00 991.9 30.2 73.8
2022-01-16T22:28:00 991.9 30.1 75.9
2022-01-16T22:29:00 991.9 30.0 74.4
2022-01-16T22:30:00 991.9 29.9 74.3
2022-01-16T22:31:00 991.9 29.9 73.8
2022-01-16T22:32:00 991.9 29.8 74.2
2022-01-16T22:33:00 991.9 29.8 73.7
2022-01-16T22:34:00 991.9 29.7 76.0
2022-01-16T22:35:00 991.9 29.6 76.4
2022-01-16T22:36:00 991.9 29.5 76.2
2022-01-16T22:37:00 991.9 29.5 75.5
2022-01-16T22:38:00 991.9 29.4 75.8
2022-01-16T22:39:00 991.8 29.3 77.1
2022-01-16T22:40:00 991.8 29.2 77.7
2022-01-16T22:41:00 991.8 29.1 78.6
2022-01-16T22:42:00 991.9 29.0 78.5
2022-01-16T22:43:00 991.9 28.9 79.5
2022-01-16T22:44:00 991.9 28.8 77.9
2022-01-16T22:45:00 991.9 28.8 79.7
2022-01-16T22:46:00 991.9 28.6 77.5
2022-01-16T22:47:00 991.9 28.6 77.7
2022-01-16T22:48:00 991.9 28.5 77.5
2022-01-16T22:49:00 991.9 28.4 78.0
2022-01-16T22:50:00 991.9 28.4 78.0
2022-01-16T22:51:00 992.0 28.3 78.5
2022-01-16T22:52:00 992.0 28.3 78.4
2022-01-16T22:53:00 992.0 28.2 78.9
2022-01-16T22:54:00 992.0 28.1 79.2
2022-01-16T22:55:00 992.0 28.0 79.9
2022-01-16T22:56:00 992.0 27.9 80.5
2022-01-16T22:57:00 992.0 27.9 81.0
2022-01-16T22:58:00 992.0 27.8 81.3
2022-01-16T22:59:00 992.0 27.8 81.7
2022-01-16T23:00:00 992.1 27.8 82.3
2022-01-16T23:01:00 992.1 27.7 82.2
2022-01-16T23:02:00 992.1 27.6 83.1
2022-01-16T23:03:00 992.1 27.5 83.3
2022-01-16T23:04:00 992.1 27.5 83.1
2022-01-16T23:05:00 992.1 27.4 82.9
2022-01-16T23:06:00 992.0 27.4 82.5
2022-01-16T23:07:00 992.0 27.4 82.5
2022-01-16T23:08:00 992.0 27.3 82.8
2022-01-16T23:09:00 992.0 27.2 83.3
2022-01-16T23:10:00 992.0 27.1 83.5
2022-01-16T23:11:00 992.0 27.1 83.7
2022-01-16T23:12:00 992.0 27.0 84.2
2022-01-16T23:13:00 992.0 27.0 84.5
2022-01-16T23:14:00 992.0 26.9 84.7
2022-01-16T23:15:00 992.0 26.9 84.9
2022-01-16T23:16:00 992.0 26.8 84.4
2022-01-16T23:17:00 992.0 26.8 84.5
2022-01-16T23:18:00 992.0 26.8 85.0
2022-01-16T23:19:00 992.0 26.7 85.5
2022-01-16T23:20:00 992.0 26.6 85.5
2022-01-16T23:21:00 992.0 26.6 85.6
2022-01-16T23:22:00 992.0 26.5 86.2
2022-01-16T23:23:00 992.0 26.5 86.4
2022-01-16T23:24:00 992.0 26.4 86.2
2022-01-16T23:25:00 992.0 26.5 86.0
2022-01-16T23:26:00 992.0 26.5 85.3
2022-01-16T23:27:00 992.0 26.5 85.3
2022-01-16T23:28:00 992.0 26.5 86.8
2022-01-16T23:29:00 992.0 26.5 85.7
2022-01-16T23:30:00 992.0 26.4 85.8
2022-01-16T23:31:00 992.0 26.4 86.4
2022-01-16T23:32:00 992.0 26.3 86.6
2022-01-16T23:33:00 992.0 26.3 87.2
2022-01-16T23:34:00 992.1 26.3 87.6
2022-01-16T23:35:00 992.1 26.2 87.4
2022-01-16T23:36:00 992.1 26.1 87.8
2022-01-16T23:37:00 992.1 26.1 87.9
2022-01-16T23:38:00 992.1 26.1 88.1
2022-01-16T23:39:00 992.2 26.1 88.3
2022-01-16T23:40:00 992.2 26.1 88.7
2022-01-16T23:41:00 992.2 26.0 88.7
2022-01-16T23:42:00 992.2 26.0 88.4
2022-01-16T23:43:00 992.2 25.9 88.8
2022-01-16T23:44:00 992.2 25.9 88.7
2022-01-16T23:45:00 992.2 25.9 89.1
2022-01-16T23:46:00 992.2 25.9 88.7
2022-01-16T23:47:00 992.3 25.9 88.6
2022-01-16T23:48:00 992.3 25.9 88.8
2022-01-16T23:49:00 992.3 25.9 89.3
2022-01-16T23:50:00 992.3 25.8 89.6
2022-01-16T23:51:00 992.3 25.8 89.8
2022-01-16T23:52:00 992.3 25.8 90.2
2022-01-16T23:53:00 992.3 25.8 90.1
2022-01-16T23:54:00 992.3 25.7 89.8
2022-01-16T23:55:00 992.3 25.6 89.8
2022-01-16T23:56:00 992.3 25.6 90.5
2022-01-16T23:57:00 992.3 25.5 90.1
2022-01-16T23:58:00 992.3 25.5 90.5
2022-01-16T23:59:00 992.3 25.5 91.2
