2022-01-15T16:11:00 1007.2 29.7 68.3
2022-01-15T16:12:00 1007.2 30.0 67.9
2022-01-15T16:13:00 1007.2 29.7 68.4
2022-01-15T16:14:00 1007.2 30.1 67.1
2022-01-15T16:15:00 1007.2 29.9 67.0
2022-01-15T16:16:00 1007.2 30.1 67.6
2022-01-15T16:17:00 1007.2 30.6 65.9
2022-01-15T16:18:00 1007.2 30.5 66.0
2022-01-15T16:19:00 1007.2 30.7 64.8
2022-01-15T16:20:00 1007.2 30.7 64.1
2022-01-15T16:21:00 1007.2 30.1 66.3
2022-01-15T16:22:00 1007.1 30.0 66.8
2022-01-15T16:23:00 1007.1 30.3 66.2
2022-01-15T16:24:00 1007.1 30.6 65.6
2022-01-15T16:25:00 1007.1 30.7 65.8
2022-01-15T16:26:00 1007.1 30.6 64.9
2022-01-15T16:27:00 1007.0 30.5 66.0
2022-01-15T16:28:00 1007.0 30.5 65.7
2022-01-15T16:29:00 1007.0 30.1 66.4
2022-01-15T16:30:00 1007.1 29.7 67.7
2022-01-15T16:31:00 1007.0 29.4 69.3
2022-01-15T16:32:00 1007.0 29.8 69.0
2022-01-15T16:33:00 1007.0 30.7 66.1
2022-01-15T16:34:00 1007.0 31.2 63.8
2022-01-15T16:35:00 1007.0 31.2 64.3
2022-01-15T16:36:00 1007.0 31.0 64.8
2022-01-15T16:37:00 1007.0 31.4 64.6
2022-01-15T16:38:00 1006.9 31.3 64.1
2022-01-15T16:39:00 1006.9 31.1 64.3
2022-01-15T16:40:00 1006.9 30.8 64.9
2022-01-15T16:41:00 1006.8 30.5 67.0
2022-01-15T16:42:00 1006.8 31.2 64.5
2022-01-15T16:43:00 1006.8 31.3 63.8
2022-01-15T16:44:00 1006.8 31.4 63.0
2022-01-15T16:45:00 1006.8 31.5 63.3
2022-01-15T16:46:00 1006.8 30.8 62.4
2022-01-15T16:47:00 1006.7 30.4 63.2
2022-01-15T16:48:00 1006.7 30.5 64.2
2022-01-15T16:49:00 1006.7 31.1 62.6
2022-01-15T16:50:00 1006.7 30.7 62.9
2022-01-15T16:51:00 1006.6 30.4 63.7
2022-01-15T16:52:00 1006.7 30.5 64.4
2022-01-15T16:53:00 1006.6 31.1 61.3
2022-01-15T16:54:00 1006.6 31.3 61.5
2022-01-15T16:55:00 1006.6 31.9 59.5
2022-01-15T16:56:00 1006.6 31.8 59.6
2022-01-15T16:57:00 1006.6 31.5 59.9
2022-01-15T16:58:00 1006.6 31.4 60.7
2022-01-15T16:59:00 1006.5 31.5 59.8
2022-01-15T17:00:00 1006.5 31.5 58.1
2022-01-15T17:01:00 1006.5 32.1 58.3
2022-01-15T17:02:00 1006.5 32.9 57.0
2022-01-15T17:03:00 1006.5 33.9 54.6
2022-01-15T17:04:00 1006.5 32.2 57.7
2022-01-15T17:05:00 1006.5 31.7 59.7
2022-01-15T17:06:00 1006.6 32.4 58.3
2022-01-15T17:07:00 1006.6 32.3 57.6
2022-01-15T17:08:00 1006.6 32.6 56.5
2022-01-15T17:09:00 1006.5 33.6 54.9
2022-01-15T17:10:00 1006.5 33.2 54.7
2022-01-15T17:11:00 1006.5 32.8 56.9
2022-01-15T17:12:00 1006.5 32.9 55.0
2022-01-15T17:13:00 1006.5 32.8 56.1
2022-01-15T17:14:00 1006.5 33.3 55.7
2022-01-15T17:15:00 1006.4 33.2 55.5
2022-01-15T17:16:00 1006.5 31.9 58.5
2022-01-15T17:17:00 1006.5 32.0 60.3
2022-01-15T17:18:00 1006.5 32.9 57.4
2022-01-15T17:19:00 1006.5 32.4 57.1
2022-01-15T17:20:00 1006.5 31.4 60.1
2022-01-15T17:21:00 1006.6 31.8 60.1
2022-01-15T17:22:00 1006.7 32.2 59.1
2022-01-15T17:23:00 1006.7 31.2 60.7
2022-01-15T17:24:00 1006.7 31.4 61.5
2022-01-15T17:25:00 1006.7 32.0 57.2
2022-01-15T17:26:00 1006.8 31.3 61.3
2022-01-15T17:27:00 1006.9 31.3 60.9
2022-01-15T17:28:00 1007.0 31.6 59.8
2022-01-15T17:29:00 1007.0 31.0 62.2
2022-01-15T17:30:00 1007.1 30.0 64.7
2022-01-15T17:31:00 1007.2 30.1 65.4
2022-01-15T17:32:00 1007.2 30.4 65.7
2022-01-15T17:33:00 1007.4 30.4 65.7
2022-01-15T17:34:00 1007.4 30.6 65.6
2022-01-15T17:35:00 1007.5 31.1 63.9
2022-01-15T17:36:00 1007.6 31.3 63.5
2022-01-15T17:37:00 1007.6 30.7 63.7
2022-01-15T17:38:00 1007.5 30.6 63.3
2022-01-15T17:39:00 1007.3 31.0 63.2
2022-01-15T17:40:00 1007.1 31.4 61.7
2022-01-15T17:41:00 1006.9 31.3 60.3
2022-01-15T17:42:00 1006.8 31.2 60.9
2022-01-15T17:43:00 1006.7 30.7 63.4
2022-01-15T17:44:00 1006.6 31.1 63.2
2022-01-15T17:45:00 1006.6 31.0 63.0
2022-01-15T17:46:00 1006.5 31.5 62.5
2022-01-15T17:47:00 1006.5 32.0 61.1
2022-01-15T17:48:00 1006.3 31.3 60.4
2022-01-15T17:49:00 1006.1 30.9 62.9
2022-01-15T17:50:00 1005.9 31.0 63.3
2022-01-15T17:51:00 1005.9 30.5 64.0
2022-01-15T17:52:00 1006.0 30.2 65.8
2022-01-15T17:53:00 1006.1 30.0 66.6
2022-01-15T17:54:00 1006.2 30.1 66.4
2022-01-15T17:55:00 1006.1 30.0 67.6
2022-01-15T17:56:00 1006.1 30.1 67.2
2022-01-15T17:57:00 1006.1 29.7 67.9
2022-01-15T17:58:00 1006.2 30.0 67.1
2022-01-15T17:59:00 1006.2 29.9 66.9
2022-01-15T18:00:00 1006.2 30.0 67.4
2022-01-15T18:01:00 1006.2 30.3 65.8
2022-01-15T18:02:00 1006.2 30.4 65.6
2022-01-15T18:03:00 1006.2 29.9 66.3
2022-01-15T18:04:00 1006.3 30.0 66.9
2022-01-15T18:05:00 1006.4 31.1 63.7
2022-01-15T18:06:00 1006.5 31.9 58.0
2022-01-15T18:07:00 1006.6 31.2 61.6
2022-01-15T18:08:00 1006.6 31.0 62.7
2022-01-15T18:09:00 1006.5 31.3 61.7
2022-01-15T18:10:00 1006.4 30.5 63.6
2022-01-15T18:11:00 1006.4 30.4 65.1
2022-01-15T18:12:00 1006.3 30.5 65.0
2022-01-15T18:13:00 1006.3 30.1 66.2
2022-01-15T18:14:00 1006.2 29.9 67.6
2022-01-15T18:15:00 1006.2 30.1 66.7
2022-01-15T18:16:00 1006.3 29.9 67.3
2022-01-15T18:17:00 1006.4 30.0 65.2
2022-01-15T18:18:00 1006.4 31.0 62.6
2022-01-15T18:19:00 1006.4 32.6 57.3
2022-01-15T18:20:00 1006.3 34.9 51.0
2022-01-15T18:21:00 1006.2 35.7 47.8
2022-01-15T18:22:00 1006.2 34.1 51.3
2022-01-15T18:23:00 1006.1 33.3 52.5
2022-01-15T18:24:00 1006.1 32.9 53.9
2022-01-15T18:25:00 1006.2 33.3 54.0
2022-01-15T18:26:00 1006.2 34.5 51.0
2022-01-15T18:27:00 1006.2 33.4 53.4
2022-01-15T18:28:00 1006.2 32.0 58.4
2022-01-15T18:29:00 1006.2 31.6 61.2
2022-01-15T18:30:00 1006.2 31.6 59.5
2022-01-15T18:31:00 1006.2 31.6 61.0
2022-01-15T18:32:00 1006.3 31.8 59.8
2022-01-15T18:33:00 1006.3 31.2 61.8
2022-01-15T18:34:00 1006.3 31.2 61.0
2022-01-15T18:35:00 1006.3 30.4 63.6
2022-01-15T18:36:00 1006.3 30.7 63.3
2022-01-15T18:37:00 1006.3 30.2 64.3
2022-01-15T18:38:00 1006.3 30.5 64.4
2022-01-15T18:39:00 1006.4 30.2 64.7
2022-01-15T18:40:00 1006.4 29.9 66.2
2022-01-15T18:41:00 1006.4 30.0 66.5
2022-01-15T18:42:00 1006.4 30.1 66.6
2022-01-15T18:43:00 1006.4 29.5 67.1
2022-01-15T18:44:00 1006.4 29.4 68.8
2022-01-15T18:45:00 1006.5 29.2 69.2
2022-01-15T18:46:00 1006.6 29.3 69.0
2022-01-15T18:47:00 1006.6 29.5 69.1
2022-01-15T18:48:00 1006.5 29.6 67.3
2022-01-15T18:49:00 1006.5 29.3 68.9
2022-01-15T18:50:00 1006.5 29.6 68.8
2022-01-15T18:51:00 1006.5 29.8 68.2
2022-01-15T18:52:00 1006.5 29.6 67.8
2022-01-15T18:53:00 1006.5 29.6 68.9
2022-01-15T18:54:00 1006.6 29.8 67.3
2022-01-15T18:55:00 1006.6 30.0 67.7
2022-01-15T18:56:00 1006.6 30.2 65.7
2022-01-15T18:57:00 1006.5 29.9 66.8
2022-01-15T18:58:00 1006.5 30.0 66.7
2022-01-15T18:59:00 1006.5 29.8 67.2
2022-01-15T19:00:00 1006.5 29.6 68.2
2022-01-15T19:01:00 1006.6 29.3 68.5
2022-01-15T19:02:00 1006.6 29.1 69.9
2022-01-15T19:03:00 1006.6 29.0 69.7
2022-01-15T19:04:00 1006.6 29.0 70.0
2022-01-15T19:05:00 1006.6 29.5 68.0
2022-01-15T19:06:00 1006.5 29.5 67.7
2022-01-15T19:07:00 1006.6 29.3 68.9
2022-01-15T19:08:00 1006.6 29.2 69.5
2022-01-15T19:09:00 1006.6 29.6 68.4
2022-01-15T19:10:00 1006.6 30.0 67.7
2022-01-15T19:11:00 1006.7 30.4 66.0
2022-01-15T19:12:00 1006.6 29.9 66.2
2022-01-15T19:13:00 1006.6 30.3 65.2
2022-01-15T19:14:00 1006.6 30.0 66.2
2022-01-15T19:15:00 1006.6 29.9 67.4
2022-01-15T19:16:00 1006.6 29.7 67.8
2022-01-15T19:17:00 1006.5 29.1 69.4
2022-01-15T19:18:00 1006.6 29.0 70.7
2022-01-15T19:19:00 1006.5 29.1 69.3
2022-01-15T19:20:00 1006.5 28.9 70.5
2022-01-15T19:21:00 1006.5 28.9 70.8
2022-01-15T19:22:00 1006.5 28.7 71.7
2022-01-15T19:23:00 1006.5 28.7 72.1
2022-01-15T19:24:00 1006.4 28.6 72.5
2022-01-15T19:25:00 1006.5 28.7 72.4
2022-01-15T19:26:00 1006.5 29.0 71.5
2022-01-15T19:27:00 1006.5 28.8 71.8
2022-01-15T19:28:00 1006.5 28.5 73.1
2022-01-15T19:29:00 1006.4 28.7 72.8
2022-01-15T19:30:00 1006.5 28.7 72.6
2022-01-15T19:31:00 1006.4 28.6 72.9
2022-01-15T19:32:00 1006.3 28.4 73.7
2022-01-15T19:33:00 1006.4 28.2 74.3
2022-01-15T19:34:00 1006.4 28.3 74.7
2022-01-15T19:35:00 1006.3 28.5 74.3
2022-01-15T19:36:00 1006.4 28.5 73.9
2022-01-15T19:37:00 1006.4 28.3 74.7
2022-01-15T19:38:00 1006.4 28.5 74.8
2022-01-15T19:39:00 1006.4 28.6 74.1
2022-01-15T19:40:00 1006.4 28.4 74.7
2022-01-15T19:41:00 1006.4 28.1 75.3
2022-01-15T19:42:00 1006.3 27.8 76.6
2022-01-15T19:43:00 1006.3 27.9 77.0
2022-01-15T19:44:00 1006.3 27.7 77.9
2022-01-15T19:45:00 1006.3 27.7 77.7
2022-01-15T19:46:00 1006.4 27.8 77.6
2022-01-15T19:47:00 1006.3 27.7 78.2
2022-01-15T19:48:00 1006.4 27.5 79.0
2022-01-15T19:49:00 1006.3 27.5 79.2
2022-01-15T19:50:00 1006.5 27.4 79.6
2022-01-15T19:51:00 1006.4 27.5 79.6
2022-01-15T19:52:00 1006.4 27.5 78.5
2022-01-15T19:53:00 1006.5 27.5 79.1
2022-01-15T19:54:00 1006.5 27.4 79.7
2022-01-15T19:55:00 1006.5 27.4 79.8
2022-01-15T19:56:00 1006.5 27.4 80.0
2022-01-15T19:57:00 1006.6 27.4 80.1
2022-01-15T19:58:00 1006.5 27.4 79.8
2022-01-15T19:59:00 1006.6 27.4 80.0
2022-01-15T20:00:00 1006.6 27.4 80.3
2022-01-15T20:01:00 1006.7 27.3 80.5
2022-01-15T20:02:00 1006.6 27.4 80.1
2022-01-15T20:03:00 1006.7 27.3 80.4
2022-01-15T20:04:00 1006.7 27.3 80.6
2022-01-15T20:05:00 1006.7 27.3 80.0
2022-01-15T20:06:00 1006.8 27.3 80.1
2022-01-15T20:07:00 1006.7 27.2 80.2
2022-01-15T20:08:00 1006.9 27.3 80.6
2022-01-15T20:09:00 1006.7 27.3 80.5
2022-01-15T20:10:00 1006.8 27.2 80.8
2022-01-15T20:11:00 1006.8 27.3 80.7
2022-01-15T20:12:00 1006.7 27.2 80.7
2022-01-15T20:13:00 1006.7 27.3 80.5
2022-01-15T20:14:00 1006.8 27.3 80.1
2022-01-15T20:15:00 1006.8 27.3 80.3
2022-01-15T20:16:00 1006.8 27.3 80.6
2022-01-15T20:17:00 1006.9 27.3 80.6
2022-01-15T20:18:00 1006.9 27.2 80.8
2022-01-15T20:19:00 1006.9 27.2 81.0
2022-01-15T20:20:00 1007.0 27.3 81.1
2022-01-15T20:21:00 1006.9 27.2 80.4
2022-01-15T20:22:00 1007.0 27.2 80.7
2022-01-15T20:23:00 1007.1 27.2 81.0
2022-01-15T20:24:00 1007.1 27.3 80.7
2022-01-15T20:25:00 1007.2 27.3 80.6
2022-01-15T20:26:00 1007.1 27.2 80.5
2022-01-15T20:27:00 1007.1 27.2 80.7
2022-01-15T20:28:00 1007.2 27.2 80.8
2022-01-15T20:29:00 1007.2 27.3 80.8
2022-01-15T20:30:00 1007.2 27.2 80.9
2022-01-15T20:31:00 1007.2 27.2 81.2
2022-01-15T20:32:00 1007.2 27.1 81.5
2022-01-15T20:33:00 1007.3 27.1 81.7
2022-01-15T20:34:00 1007.3 27.1 81.6
2022-01-15T20:35:00 1007.3 27.1 81.2
2022-01-15T20:36:00 1007.3 27.1 81.1
2022-01-15T20:37:00 1007.3 27.1 81.2
2022-01-15T20:38:00 1007.4 27.1 81.4
2022-01-15T20:39:00 1007.4 27.1 81.5
2022-01-15T20:40:00 1007.4 27.2 81.5
2022-01-15T20:41:00 1007.3 27.2 81.3
2022-01-15T20:42:00 1007.4 27.1 81.6
2022-01-15T20:43:00 1007.3 27.1 81.6
2022-01-15T20:44:00 1007.3 27.1 81.6
2022-01-15T20:45:00 1007.3 27.1 81.6
2022-01-15T20:46:00 1007.4 27.0 81.3
2022-01-15T20:47:00 1007.4 27.0 81.4
2022-01-15T20:48:00 1007.3 27.0 81.6
2022-01-15T20:49:00 1007.4 27.0 81.8
2022-01-15T20:50:00 1007.4 27.0 82.0
2022-01-15T20:51:00 1007.4 27.0 82.2
2022-01-15T20:52:00 1007.5 27.0 82.2
2022-01-15T20:53:00 1007.5 27.0 82.5
2022-01-15T20:54:00 1007.5 27.0 81.9
2022-01-15T20:55:00 1007.5 27.0 81.8
2022-01-15T20:56:00 1007.5 27.0 81.9
2022-01-15T20:57:00 1007.5 27.0 81.7
2022-01-15T20:58:00 1007.5 27.0 81.8
2022-01-15T20:59:00 1007.5 27.0 81.4
2022-01-15T21:00:00 1007.6 27.0 81.5
2022-01-15T21:01:00 1007.5 27.0 81.7
2022-01-15T21:02:00 1007.5 27.0 81.5
2022-01-15T21:03:00 1007.5 27.0 81.6
2022-01-15T21:04:00 1007.5 27.0 81.8
2022-01-15T21:05:00 1007.5 27.0 82.2
2022-01-15T21:06:00 1007.5 27.0 82.5
2022-01-15T21:07:00 1007.5 27.0 82.5
2022-01-15T21:08:00 1007.5 27.1 82.5
2022-01-15T21:09:00 1007.6 27.1 82.3
2022-01-15T21:10:00 1007.6 27.1 82.3
2022-01-15T21:11:00 1007.6 27.1 82.5
2022-01-15T21:12:00 1007.6 27.0 82.8
2022-01-15T21:13:00 1007.6 27.0 83.0
2022-01-15T21:14:00 1007.6 27.0 83.1
2022-01-15T21:15:00 1007.5 27.0 83.1
2022-01-15T21:16:00 1007.6 27.0 83.0
2022-01-15T21:17:00 1007.5 27.0 82.8
2022-01-15T21:18:00 1007.6 27.0 82.8
2022-01-15T21:19:00 1007.5 27.0 82.8
2022-01-15T21:20:00 1007.5 27.0 83.1
2022-01-15T21:21:00 1007.6 27.0 82.6
2022-01-15T21:22:00 1007.5 27.0 82.4
2022-01-15T21:23:00 1007.6 27.0 82.5
2022-01-15T21:24:00 1007.5 27.0 82.2
2022-01-15T21:25:00 1007.5 27.0 82.2
2022-01-15T21:26:00 1007.5 27.0 82.2
2022-01-15T21:27:00 1007.5 26.9 82.4
2022-01-15T21:28:00 1007.5 26.9 82.4
2022-01-15T21:29:00 1007.5 26.9 82.6
2022-01-15T21:30:00 1007.5 26.9 82.6
2022-01-15T21:31:00 1007.5 26.9 82.7
2022-01-15T21:32:00 1007.5 26.9 82.8
2022-01-15T21:33:00 1007.6 26.9 82.6
2022-01-15T21:34:00 1007.6 26.9 82.6
2022-01-15T21:35:00 1007.6 26.9 82.8
2022-01-15T21:36:00 1007.6 26.9 82.8
2022-01-15T21:37:00 1007.6 26.9 82.9
2022-01-15T21:38:00 1007.7 27.0 82.5
2022-01-15T21:39:00 1007.7 26.9 82.8
2022-01-15T21:40:00 1007.7 27.0 82.6
2022-01-15T21:41:00 1007.7 26.9 82.4
2022-01-15T21:42:00 1007.7 26.9 82.3
2022-01-15T21:43:00 1007.6 26.9 82.5
2022-01-15T21:44:00 1007.7 26.9 82.6
2022-01-15T21:45:00 1007.6 26.9 82.7
2022-01-15T21:46:00 1007.6 26.9 82.7
2022-01-15T21:47:00 1007.5 26.9 82.8
2022-01-15T21:48:00 1007.6 26.9 82.9
2022-01-15T21:49:00 1007.6 26.9 82.8
2022-01-15T21:50:00 1007.6 26.9 82.9
2022-01-15T21:51:00 1007.6 26.9 83.2
2022-01-15T21:52:00 1007.6 26.9 83.1
2022-01-15T21:53:00 1007.7 26.9 83.1
2022-01-15T21:54:00 1007.7 26.9 83.1
2022-01-15T21:55:00 1007.7 26.9 83.1
2022-01-15T21:56:00 1007.6 26.9 83.2
2022-01-15T21:57:00 1007.6 26.9 83.3
2022-01-15T21:58:00 1007.7 26.9 83.3
2022-01-15T21:59:00 1007.7 26.9 83.5
2022-01-15T22:00:00 1007.7 26.9 83.6
2022-01-15T22:01:00 1007.7 26.9 83.5
2022-01-15T22:02:00 1007.7 26.9 83.3
2022-01-15T22:03:00 1007.8 26.9 83.2
2022-01-15T22:04:00 1007.8 26.9 83.2
2022-01-15T22:05:00 1007.8 26.9 83.3
2022-01-15T22:06:00 1007.8 26.9 83.3
2022-01-15T22:07:00 1007.8 26.9 83.4
2022-01-15T22:08:00 1007.7 26.9 83.6
2022-01-15T22:09:00 1007.7 26.9 83.7
2022-01-15T22:10:00 1007.8 26.9 83.8
2022-01-15T22:11:00 1007.8 26.9 83.7
2022-01-15T22:12:00 1007.8 26.9 83.8
2022-01-15T22:13:00 1007.8 26.9 83.7
2022-01-15T22:14:00 1007.8 26.9 84.0
2022-01-15T22:15:00 1007.9 26.9 84.0
2022-01-15T22:16:00 1007.9 26.9 84.0
2022-01-15T22:17:00 1007.9 26.8 83.7
2022-01-15T22:18:00 1008.0 26.7 84.0
2022-01-15T22:19:00 1008.0 26.5 84.7
2022-01-15T22:20:00 1008.0 26.4 85.7
2022-01-15T22:21:00 1008.0 26.3 86.2
2022-01-15T22:22:00 1008.0 26.3 86.7
2022-01-15T22:23:00 1008.0 26.2 87.3
2022-01-15T22:24:00 1008.0 26.1 88.3
2022-01-15T22:25:00 1008.0 26.1 89.2
2022-01-15T22:26:00 1008.1 26.0 89.5
2022-01-15T22:27:00 1008.1 26.0 90.0
2022-01-15T22:28:00 1008.1 25.9 90.8
2022-01-15T22:29:00 1008.2 25.7 91.8
2022-01-15T22:30:00 1008.2 25.6 92.7
2022-01-15T22:31:00 1008.2 25.7 92.3
2022-01-15T22:32:00 1008.2 25.7 92.7
2022-01-15T22:33:00 1008.2 25.7 92.5
2022-01-15T22:34:00 1008.2 25.7 91.7
2022-01-15T22:35:00 1008.2 25.8 90.7
2022-01-15T22:36:00 1008.2 25.9 90.7
2022-01-15T22:37:00 1008.3 25.9 89.0
2022-01-15T22:38:00 1008.3 26.0 87.8
2022-01-15T22:39:00 1008.3 26.0 85.6
2022-01-15T22:40:00 1008.4 26.0 84.8
2022-01-15T22:41:00 1008.4 26.0 84.9
2022-01-15T22:42:00 1008.4 25.9 85.5
2022-01-15T22:43:00 1008.4 26.0 85.2
2022-01-15T22:44:00 1008.4 25.9 85.1
2022-01-15T22:45:00 1008.5 25.9 84.7
2022-01-15T22:46:00 1008.5 25.9 84.1
2022-01-15T22:47:00 1008.5 25.9 84.1
2022-01-15T22:48:00 1008.6 25.9 84.4
2022-01-15T22:49:00 1008.6 25.8 84.2
2022-01-15T22:50:00 1008.7 25.8 83.9
2022-01-15T22:51:00 1008.7 25.8 84.2
2022-01-15T22:52:00 1008.6 25.7 85.0
2022-01-15T22:53:00 1008.7 25.6 85.6
2022-01-15T22:54:00 1008.7 25.6 86.1
2022-01-15T22:55:00 1008.8 25.6 86.9
2022-01-15T22:56:00 1008.8 25.5 87.6
2022-01-15T22:57:00 1008.8 25.3 89.9
2022-01-15T22:58:00 1008.8 25.1 91.1
2022-01-15T22:59:00 1008.8 24.7 92.9
2022-01-15T23:00:00 1008.9 24.6 93.4
2022-01-15T23:01:00 1009.0 24.8 92.1
2022-01-15T23:02:00 1009.0 24.8 94.3
2022-01-15T23:03:00 1009.0 24.7 94.3
2022-01-15T23:04:00 1009.0 24.9 92.0
2022-01-15T23:05:00 1009.0 25.1 90.4
2022-01-15T23:06:00 1009.0 25.2 89.8
2022-01-15T23:07:00 1009.1 25.3 89.3
2022-01-15T23:08:00 1009.1 25.3 89.0
2022-01-15T23:09:00 1009.2 25.4 88.8
2022-01-15T23:10:00 1009.2 25.4 88.5
2022-01-15T23:11:00 1009.2 25.4 88.4
2022-01-15T23:12:00 1009.3 25.5 88.5
2022-01-15T23:13:00 1009.3 25.5 88.4
2022-01-15T23:14:00 1009.3 25.5 88.6
2022-01-15T23:15:00 1009.3 25.5 88.7
2022-01-15T23:16:00 1009.3 25.5 88.8
2022-01-15T23:17:00 1009.3 25.6 89.0
2022-01-15T23:18:00 1009.3 25.6 89.4
2022-01-15T23:19:00 1009.3 25.6 89.4
2022-01-15T23:20:00 1009.4 25.6 89.8
2022-01-15T23:21:00 1009.4 25.6 90.1
2022-01-15T23:22:00 1009.4 25.6 90.3
2022-01-15T23:23:00 1009.4 25.6 90.5
2022-01-15T23:24:00 1009.4 25.6 90.6
2022-01-15T23:25:00 1009.4 25.6 90.8
2022-01-15T23:26:00 1009.4 25.6 90.7
2022-01-15T23:27:00 1009.4 25.6 90.9
2022-01-15T23:28:00 1009.5 25.6 90.9
2022-01-15T23:29:00 1009.5 25.6 90.8
2022-01-15T23:30:00 1009.5 25.7 90.6
2022-01-15T23:31:00 1009.6 25.7 90.8
2022-01-15T23:32:00 1009.6 25.7 90.8
2022-01-15T23:33:00 1009.6 25.7 90.9
2022-01-15T23:34:00 1009.7 25.8 90.8
2022-01-15T23:35:00 1009.7 25.8 90.8
2022-01-15T23:36:00 1009.7 25.8 90.7
2022-01-15T23:37:00 1009.7 25.9 90.8
2022-01-15T23:38:00 1009.7 25.9 90.9
2022-01-15T23:39:00 1009.7 25.9 91.0
2022-01-15T23:40:00 1009.8 25.9 91.0
2022-01-15T23:41:00 1009.8 25.9 91.1
2022-01-15T23:42:00 1009.8 25.9 91.2
2022-01-15T23:43:00 1009.9 25.9 91.3
2022-01-15T23:44:00 1009.9 25.9 91.2
2022-01-15T23:45:00 1009.9 25.9 91.1
2022-01-15T23:46:00 1009.9 26.0 90.5
2022-01-15T23:47:00 1009.9 26.0 90.7
2022-01-15T23:48:00 1009.9 26.0 90.8
2022-01-15T23:49:00 1010.0 26.0 90.7
2022-01-15T23:50:00 1010.0 26.0 90.1
2022-01-15T23:51:00 1009.9 26.0 89.5
2022-01-15T23:52:00 1010.0 26.0 89.2
2022-01-15T23:53:00 1010.0 26.0 88.5
2022-01-15T23:54:00 1010.0 26.0 88.7
2022-01-15T23:55:00 1010.1 26.0 88.5
2022-01-15T23:56:00 1010.1 26.0 88.9
2022-01-15T23:57:00 1010.1 26.0 89.1
2022-01-15T23:58:00 1010.0 25.9 89.2
2022-01-15T23:59:00 1010.1 25.9 89.0
