2022-01-14T00:00:00 998.5 32.4 26.7
2022-01-14T00:01:00 998.6 32.3 26.7
2022-01-14T00:02:00 998.6 32.4 26.7
2022-01-14T00:03:00 998.6 32.3 26.8
2022-01-14T00:04:00 998.6 32.3 26.7
2022-01-14T00:05:00 998.6 32.3 26.7
2022-01-14T00:06:00 998.6 32.4 26.6
2022-01-14T00:07:00 998.6 32.4 26.5
2022-01-14T00:08:00 998.6 32.4 26.6
2022-01-14T00:09:00 998.6 32.4 26.6
2022-01-14T00:10:00 998.6 32.5 26.4
2022-01-14T00:11:00 998.6 32.5 26.4
2022-01-14T00:12:00 998.6 32.6 26.2
2022-01-14T00:13:00 998.7 32.6 26.2
2022-01-14T00:14:00 998.7 32.6 26.3
2022-01-14T00:15:00 998.7 32.5 26.5
2022-01-14T00:16:00 998.8 32.5 26.6
2022-01-14T00:17:00 998.8 32.4 26.8
2022-01-14T00:18:00 998.8 32.3 27.0
2022-01-14T00:19:00 998.8 32.2 27.1
2022-01-14T00:20:00 998.9 32.2 27.4
2022-01-14T00:21:00 998.9 32.1 27.7
2022-01-14T00:22:00 998.9 32.0 27.7
2022-01-14T00:23:00 998.9 32.0 28.0
2022-01-14T00:24:00 998.9 32.0 27.9
2022-01-14T00:25:00 998.9 32.1 27.9
2022-01-14T00:26:00 998.9 32.1 27.6
2022-01-14T00:27:00 998.9 32.2 27.4
2022-01-14T00:28:00 998.9 32.3 27.3
2022-01-14T00:29:00 998.9 32.3 27.3
2022-01-14T00:30:00 998.9 32.4 27.1
2022-01-14T00:31:00 999.0 32.4 27.2
2022-01-14T00:32:00 999.0 32.3 27.4
2022-01-14T00:33:00 999.0 32.3 27.4
2022-01-14T00:34:00 999.0 32.2 27.5
2022-01-14T00:35:00 999.0 32.1 27.8
2022-01-14T00:36:00 999.0 32.1 28.0
2022-01-14T00:37:00 999.0 32.0 28.1
2022-01-14T00:38:00 999.0 32.1 28.0
2022-01-14T00:39:00 999.0 32.1 28.0
2022-01-14T00:40:00 999.0 32.1 28.0
2022-01-14T00:41:00 999.0 32.1 28.0
2022-01-14T00:42:00 999.0 32.1 27.9
2022-01-14T00:43:00 999.1 32.1 28.0
2022-01-14T00:44:00 999.1 32.1 28.0
2022-01-14T00:45:00 999.0 32.1 28.2
2022-01-14T00:46:00 999.0 32.1 28.2
2022-01-14T00:47:00 999.0 32.0 28.3
2022-01-14T00:48:00 999.0 32.0 28.4
2022-01-14T00:49:00 999.1 32.0 28.5
2022-01-14T00:50:00 999.1 31.9 28.6
2022-01-14T00:51:00 999.1 31.9 28.7
2022-01-14T00:52:00 999.1 31.8 28.9
2022-01-14T00:53:00 999.1 31.8 29.1
2022-01-14T00:54:00 999.1 31.7 29.3
2022-01-14T00:55:00 999.1 31.6 29.6
2022-01-14T00:56:00 999.1 31.4 30.0
2022-01-14T00:57:00 999.1 31.4 30.1
2022-01-14T00:58:00 999.2 31.3 30.3
2022-01-14T00:59:00 999.2 31.2 30.6
2022-01-14T01:00:00 999.2 31.1 30.8
2022-01-14T01:01:00 999.2 31.1 30.9
2022-01-14T01:02:00 999.2 31.0 31.0
2022-01-14T01:03:00 999.2 31.0 31.3
2022-01-14T01:04:00 999.2 30.9 31.5
2022-01-14T01:05:00 999.2 30.8 31.7
2022-01-14T01:06:00 999.3 30.8 31.7
2022-01-14T01:07:00 999.3 30.7 31.9
2022-01-14T01:08:00 999.3 30.7 32.0
2022-01-14T01:09:00 999.3 30.6 32.2
2022-01-14T01:10:00 999.3 30.5 32.6
2022-01-14T01:11:00 999.3 30.4 32.8
2022-01-14T01:12:00 999.3 30.4 33.1
2022-01-14T01:13:00 999.3 30.3 33.1
2022-01-14T01:14:00 999.3 30.2 33.4
2022-01-14T01:15:00 999.3 30.1 33.5
2022-01-14T01:16:00 999.3 30.1 33.6
2022-01-14T01:17:00 999.3 30.1 33.8
2022-01-14T01:18:00 999.3 30.0 33.9
2022-01-14T01:19:00 999.4 30.0 34.1
2022-01-14T01:20:00 999.4 29.9 34.3
2022-01-14T01:21:00 999.4 29.8 34.5
2022-01-14T01:22:00 999.4 29.8 34.5
2022-01-14T01:23:00 999.4 29.8 34.6
2022-01-14T01:24:00 999.4 29.8 34.7
2022-01-14T01:25:00 999.4 29.7 34.8
2022-01-14T01:26:00 999.4 29.7 34.9
2022-01-14T01:27:00 999.4 29.7 34.9
2022-01-14T01:28:00 999.4 29.7 34.9
2022-01-14T01:29:00 999.5 29.6 35.1
2022-01-14T01:30:00 999.5 29.6 35.2
2022-01-14T01:31:00 999.5 29.6 35.2
2022-01-14T01:32:00 999.5 29.6 35.3
2022-01-14T01:33:00 999.5 29.5 35.5
2022-01-14T01:34:00 999.6 29.5 35.4
2022-01-14T01:35:00 999.6 29.5 35.5
2022-01-14T01:36:00 999.6 29.5 35.5
2022-01-14T01:37:00 999.6 29.5 35.5
2022-01-14T01:38:00 999.6 29.6 35.4
2022-01-14T01:39:00 999.6 29.6 35.4
2022-01-14T01:40:00 999.6 29.5 35.5
2022-01-14T01:41:00 999.6 29.6 35.4
2022-01-14T01:42:00 999.6 29.6 35.4
2022-01-14T01:43:00 999.6 29.6 35.4
2022-01-14T01:44:00 999.6 29.6 35.5
2022-01-14T01:45:00 999.7 29.5 35.6
2022-01-14T01:46:00 999.7 29.5 35.6
2022-01-14T01:47:00 999.7 29.6 35.5
2022-01-14T01:48:00 999.7 29.6 35.4
2022-01-14T01:49:00 999.7 29.6 35.4
2022-01-14T01:50:00 999.7 29.7 35.3
2022-01-14T01:51:00 999.7 29.8 35.1
2022-01-14T01:52:00 999.6 29.8 35.0
2022-01-14T01:53:00 999.6 29.9 34.8
2022-01-14T01:54:00 999.6 29.9 34.7
2022-01-14T01:55:00 999.6 30.0 34.5
2022-01-14T01:56:00 999.7 30.0 34.5
2022-01-14T01:57:00 999.6 30.1 34.4
2022-01-14T01:58:00 999.6 30.1 34.3
2022-01-14T01:59:00 999.6 30.1 34.3
2022-01-14T02:00:00 999.6 30.1 34.4
2022-01-14T02:01:00 999.6 30.1 34.4
2022-01-14T02:02:00 999.6 30.0 34.6
2022-01-14T02:03:00 999.6 30.0 34.7
2022-01-14T02:04:00 999.6 29.9 34.9
2022-01-14T02:05:00 999.6 29.9 35.0
2022-01-14T02:06:00 999.6 29.8 35.3
2022-01-14T02:07:00 999.6 29.8 35.4
2022-01-14T02:08:00 999.6 29.7 35.5
2022-01-14T02:09:00 999.6 29.6 35.7
2022-01-14T02:10:00 999.6 29.6 35.9
2022-01-14T02:11:00 999.6 29.5 36.0
2022-01-14T02:12:00 999.6 29.6 36.0
2022-01-14T02:13:00 999.6 29.5 36.1
2022-01-14T02:14:00 999.6 29.5 36.1
2022-01-14T02:15:00 999.6 29.4 36.4
2022-01-14T02:16:00 999.6 29.4 36.5
2022-01-14T02:17:00 999.6 29.3 36.7
2022-01-14T02:18:00 999.6 29.3 36.8
2022-01-14T02:19:00 999.7 29.3 36.7
2022-01-14T02:20:00 999.7 29.3 36.5
2022-01-14T02:21:00 999.7 29.4 36.3
2022-01-14T02:22:00 999.7 29.5 36.3
2022-01-14T02:23:00 999.7 29.4 36.8
2022-01-14T02:24:00 999.7 29.3 37.3
2022-01-14T02:25:00 999.7 29.3 37.8
2022-01-14T02:26:00 999.7 29.2 38.2
2022-01-14T02:27:00 999.7 29.1 38.5
2022-01-14T02:28:00 999.7 29.1 38.5
2022-01-14T02:29:00 999.7 29.1 38.2
2022-01-14T02:30:00 999.6 29.2 38.2
2022-01-14T02:31:00 999.6 29.1 38.5
2022-01-14T02:32:00 999.7 29.0 38.6
2022-01-14T02:33:00 999.6 29.0 38.5
2022-01-14T02:34:00 999.6 29.1 38.5
2022-01-14T02:35:00 999.6 29.0 38.5
2022-01-14T02:36:00 999.6 29.0 38.3
2022-01-14T02:37:00 999.6 29.1 38.1
2022-01-14T02:38:00 999.6 29.1 38.1
2022-01-14T02:39:00 999.6 29.1 38.1
2022-01-14T02:40:00 999.6 29.1 38.1
2022-01-14T02:41:00 999.6 29.1 38.3
2022-01-14T02:42:00 999.6 29.0 38.3
2022-01-14T02:43:00 999.6 29.0 38.3
2022-01-14T02:44:00 999.6 28.9 38.4
2022-01-14T02:45:00 999.6 28.9 38.4
2022-01-14T02:46:00 999.6 28.9 38.5
2022-01-14T02:47:00 999.6 28.9 38.5
2022-01-14T02:48:00 999.6 28.8 38.6
2022-01-14T02:49:00 999.6 28.9 38.6
2022-01-14T02:50:00 999.6 28.8 38.7
2022-01-14T02:51:00 999.6 28.8 38.7
2022-01-14T02:52:00 999.6 28.8 39.0
2022-01-14T02:53:00 999.6 28.7 39.0
2022-01-14T02:54:00 999.6 28.8 38.9
2022-01-14T02:55:00 999.6 28.8 38.9
2022-01-14T02:56:00 999.6 28.8 38.8
2022-01-14T02:57:00 999.6 28.8 38.8
2022-01-14T02:58:00 999.6 28.8 38.8
2022-01-14T02:59:00 999.6 28.8 38.9
2022-01-14T03:00:00 999.6 28.8 39.2
2022-01-14T03:01:00 999.6 28.7 39.6
2022-01-14T03:02:00 999.6 28.6 39.7
2022-01-14T03:03:00 999.6 28.6 39.8
2022-01-14T03:04:00 999.6 28.6 39.9
2022-01-14T03:05:00 999.6 28.5 40.0
2022-01-14T03:06:00 999.6 28.6 39.8
2022-01-14T03:07:00 999.6 28.7 39.6
2022-01-14T03:08:00 999.6 28.7 39.4
2022-01-14T03:09:00 999.5 28.7 39.6
2022-01-14T03:10:00 999.6 28.7 39.5
2022-01-14T03:11:00 999.5 28.7 39.6
2022-01-14T03:12:00 999.5 28.6 39.7
2022-01-14T03:13:00 999.5 28.6 39.8
2022-01-14T03:14:00 999.6 28.5 39.9
2022-01-14T03:15:00 999.5 28.5 39.8
2022-01-14T03:16:00 999.5 28.5 39.7
2022-01-14T03:17:00 999.5 28.6 39.5
2022-01-14T03:18:00 999.5 28.6 39.5
2022-01-14T03:19:00 999.5 28.6 39.3
2022-01-14T03:20:00 999.5 28.6 39.2
2022-01-14T03:21:00 999.5 28.6 39.2
2022-01-14T03:22:00 999.6 28.6 39.1
2022-01-14T03:23:00 999.6 28.6 39.1
2022-01-14T03:24:00 999.6 28.6 39.3
2022-01-14T03:25:00 999.7 28.5 39.8
2022-01-14T03:26:00 999.8 28.4 40.9
2022-01-14T03:27:00 999.9 28.2 41.7
2022-01-14T03:28:00 1000.0 27.9 42.9
2022-01-14T03:29:00 1000.0 27.6 44.0
2022-01-14T03:30:00 999.9 27.5 44.1
2022-01-14T03:31:00 999.8 27.5 44.0
2022-01-14T03:32:00 999.8 27.6 43.8
2022-01-14T03:33:00 999.8 27.6 43.6
2022-01-14T03:34:00 999.7 27.7 43.0
2022-01-14T03:35:00 999.7 27.8 42.6
2022-01-14T03:36:00 999.7 28.0 41.9
2022-01-14T03:37:00 999.8 28.0 41.7
2022-01-14T03:38:00 999.9 28.1 41.5
2022-01-14T03:39:00 1000.1 28.2 41.5
2022-01-14T03:40:00 1000.0 28.1 42.2
2022-01-14T03:41:00 1000.0 27.9 42.9
2022-01-14T03:42:00 999.9 27.6 43.8
2022-01-14T03:43:00 1000.0 27.5 44.5
2022-01-14T03:44:00 1000.0 27.5 44.5
2022-01-14T03:45:00 1000.0 27.4 44.6
2022-01-14T03:46:00 999.9 27.4 44.8
2022-01-14T03:47:00 999.9 27.3 44.9
2022-01-14T03:48:00 999.9 27.3 44.7
2022-01-14T03:49:00 999.9 27.3 44.6
2022-01-14T03:50:00 999.9 27.3 44.2
2022-01-14T03:51:00 999.9 27.3 44.1
2022-01-14T03:52:00 999.8 27.3 44.0
2022-01-14T03:53:00 999.8 27.3 44.0
2022-01-14T03:54:00 999.8 27.3 44.4
2022-01-14T03:55:00 999.9 27.3 44.7
2022-01-14T03:56:00 999.9 27.3 44.8
2022-01-14T03:57:00 999.9 27.2 44.9
2022-01-14T03:58:00 999.8 27.2 44.9
2022-01-14T03:59:00 999.8 27.1 44.8
2022-01-14T04:00:00 999.8 27.2 44.6
2022-01-14T04:01:00 999.9 27.1 44.8
2022-01-14T04:02:00 999.9 27.1 45.1
2022-01-14T04:03:00 999.8 27.0 45.3
2022-01-14T04:04:00 999.8 27.0 45.4
2022-01-14T04:05:00 999.9 27.0 45.5
2022-01-14T04:06:00 999.9 26.9 45.5
2022-01-14T04:07:00 999.8 26.9 45.4
2022-01-14T04:08:00 999.8 27.0 45.3
2022-01-14T04:09:00 999.9 26.9 45.2
2022-01-14T04:10:00 999.9 26.9 45.4
2022-01-14T04:11:00 999.9 26.9 45.6
2022-01-14T04:12:00 999.9 26.9 45.6
2022-01-14T04:13:00 999.9 26.9 45.6
2022-01-14T04:14:00 999.9 26.8 45.9
2022-01-14T04:15:00 999.9 26.8 46.1
2022-01-14T04:16:00 999.9 26.7 46.3
2022-01-14T04:17:00 999.9 26.6 46.5
2022-01-14T04:18:00 999.9 26.6 46.5
2022-01-14T04:19:00 999.9 26.6 46.5
2022-01-14T04:20:00 999.9 26.6 46.9
2022-01-14T04:21:00 999.9 26.6 46.9
2022-01-14T04:22:00 999.9 26.5 47.0
2022-01-14T04:23:00 999.9 26.5 47.1
2022-01-14T04:24:00 999.8 26.5 47.4
2022-01-14T04:25:00 999.8 26.5 47.3
2022-01-14T04:26:00 999.8 26.5 47.4
2022-01-14T04:27:00 999.8 26.5 47.1
2022-01-14T04:28:00 999.7 26.6 46.8
2022-01-14T04:29:00 999.7 26.6 46.5
2022-01-14T04:30:00 999.7 26.7 46.1
2022-01-14T04:31:00 999.7 26.8 45.8
2022-01-14T04:32:00 999.7 26.8 45.6
2022-01-14T04:33:00 999.7 26.9 45.5
2022-01-14T04:34:00 999.7 26.9 45.4
2022-01-14T04:35:00 999.7 26.9 45.3
2022-01-14T04:36:00 999.7 26.9 45.3
2022-01-14T04:37:00 999.7 26.9 45.3
2022-01-14T04:38:00 999.7 26.9 45.2
2022-01-14T04:39:00 999.7 27.0 45.1
2022-01-14T04:40:00 999.7 27.0 45.0
2022-01-14T04:41:00 999.7 27.0 45.1
2022-01-14T04:42:00 999.7 27.0 45.1
2022-01-14T04:43:00 999.7 26.9 45.2
2022-01-14T04:44:00 999.6 26.9 45.4
2022-01-14T04:45:00 999.6 26.9 45.5
2022-01-14T04:46:00 999.7 26.9 45.4
2022-01-14T04:47:00 999.7 26.9 45.2
2022-01-14T04:48:00 999.7 27.0 45.0
2022-01-14T04:49:00 999.6 27.0 45.0
2022-01-14T04:50:00 999.7 27.0 44.8
2022-01-14T04:51:00 999.6 27.0 44.5
2022-01-14T04:52:00 999.6 27.1 44.1
2022-01-14T04:53:00 999.6 27.2 43.6
2022-01-14T04:54:00 999.6 27.3 43.3
2022-01-14T04:55:00 999.6 27.3 43.1
2022-01-14T04:56:00 999.6 27.4 42.8
2022-01-14T04:57:00 999.7 27.5 42.7
2022-01-14T04:58:00 999.7 27.5 42.6
2022-01-14T04:59:00 999.7 27.5 42.5
2022-01-14T05:00:00 999.7 27.5 42.4
2022-01-14T05:01:00 999.7 27.5 42.4
2022-01-14T05:02:00 999.7 27.5 42.5
2022-01-14T05:03:00 999.6 27.6 42.4
2022-01-14T05:04:00 999.7 27.5 42.4
2022-01-14T05:05:00 999.7 27.4 42.6
2022-01-14T05:06:00 999.7 27.5 42.6
2022-01-14T05:07:00 999.7 27.4 42.6
2022-01-14T05:08:00 999.6 27.5 42.6
2022-01-14T05:09:00 999.7 27.4 42.7
2022-01-14T05:10:00 999.7 27.4 42.8
2022-01-14T05:11:00 999.7 27.4 43.0
2022-01-14T05:12:00 999.7 27.3 43.0
2022-01-14T05:13:00 999.7 27.3 43.2
2022-01-14T05:14:00 999.7 27.2 43.4
2022-01-14T05:15:00 999.7 27.2 43.5
2022-01-14T05:16:00 999.7 27.2 43.5
2022-01-14T05:17:00 999.8 27.2 43.6
2022-01-14T05:18:00 999.8 27.1 43.8
2022-01-14T05:19:00 999.8 27.1 44.1
2022-01-14T05:20:00 999.8 27.1 43.9
2022-01-14T05:21:00 999.8 27.1 43.9
2022-01-14T05:22:00 999.8 27.1 44.0
2022-01-14T05:23:00 999.8 27.0 44.1
2022-01-14T05:24:00 999.8 27.0 44.3
2022-01-14T05:25:00 999.8 26.9 44.5
2022-01-14T05:26:00 999.8 27.0 44.4
2022-01-14T05:27:00 999.8 27.0 44.4
2022-01-14T05:28:00 999.8 26.9 44.7
2022-01-14T05:29:00 999.8 26.9 45.4
2022-01-14T05:30:00 999.8 26.8 45.7
2022-01-14T05:31:00 999.8 26.7 45.7
2022-01-14T05:32:00 999.8 26.7 46.1
2022-01-14T05:33:00 999.9 26.6 46.0
2022-01-14T05:34:00 999.9 26.6 45.9
2022-01-14T05:35:00 999.9 26.5 46.3
2022-01-14T05:36:00 999.9 26.6 46.2
2022-01-14T05:37:00 999.9 26.6 46.5
2022-01-14T05:38:00 999.9 26.5 46.7
2022-01-14T05:39:00 1000.0 26.6 47.1
2022-01-14T05:40:00 1000.0 26.6 47.1
2022-01-14T05:41:00 1000.0 26.5 47.1
2022-01-14T05:42:00 1000.0 26.5 47.2
2022-01-14T05:43:00 1000.0 26.5 47.2
2022-01-14T05:44:00 1000.0 26.4 47.5
2022-01-14T05:45:00 1000.1 26.4 47.5
2022-01-14T05:46:00 1000.0 26.5 46.8
2022-01-14T05:47:00 1000.1 26.6 46.0
2022-01-14T05:48:00 1000.0 26.8 45.9
2022-01-14T05:49:00 1000.0 26.8 45.8
2022-01-14T05:50:00 1000.0 26.8 46.0
2022-01-14T05:51:00 1000.0 26.8 45.4
2022-01-14T05:52:00 1000.0 26.9 45.3
2022-01-14T05:53:00 1000.0 26.9 45.0
2022-01-14T05:54:00 1000.0 26.8 45.1
2022-01-14T05:55:00 1000.0 26.8 45.1
2022-01-14T05:56:00 1000.0 26.8 44.8
2022-01-14T05:57:00 1000.0 26.9 44.9
2022-01-14T05:58:00 1000.0 26.9 44.7
2022-01-14T05:59:00 1000.1 26.9 44.7
2022-01-14T06:00:00 1000.1 26.9 44.8
2022-01-14T06:01:00 1000.1 26.8 45.3
2022-01-14T06:02:00 1000.1 26.7 45.8
2022-01-14T06:03:00 1000.1 26.6 46.4
2022-01-14T06:04:00 1000.2 26.6 46.4
2022-01-14T06:05:00 1000.2 26.6 46.4
2022-01-14T06:06:00 1000.1 26.6 46.0
2022-01-14T06:07:00 1000.1 26.7 45.8
2022-01-14T06:08:00 1000.1 26.7 45.9
2022-01-14T06:09:00 1000.1 26.7 45.9
2022-01-14T06:10:00 1000.1 26.6 46.0
2022-01-14T06:11:00 1000.1 26.6 46.1
2022-01-14T06:12:00 1000.1 26.6 46.1
2022-01-14T06:13:00 1000.1 26.5 46.4
2022-01-14T06:14:00 1000.1 26.5 46.4
2022-01-14T06:15:00 1000.1 26.6 46.2
2022-01-14T06:16:00 1000.1 26.6 46.1
2022-01-14T06:17:00 1000.1 26.6 46.1
2022-01-14T06:18:00 1000.1 26.6 46.1
2022-01-14T06:19:00 1000.1 26.5 46.3
2022-01-14T06:20:00 1000.1 26.5 46.5
2022-01-14T06:21:00 1000.1 26.5 46.2
2022-01-14T06:22:00 1000.1 26.5 46.6
2022-01-14T06:23:00 1000.1 26.4 46.7
2022-01-14T06:24:00 1000.1 26.4 46.9
2022-01-14T06:25:00 1000.1 26.3 47.1
2022-01-14T06:26:00 1000.1 26.3 47.4
2022-01-14T06:27:00 1000.1 26.2 47.6
2022-01-14T06:28:00 1000.2 26.2 47.6
2022-01-14T06:29:00 1000.2 26.2 47.9
2022-01-14T06:30:00 1000.2 26.1 48.0
2022-01-14T06:31:00 1000.2 26.1 48.1
2022-01-14T06:32:00 1000.2 26.0 48.4
2022-01-14T06:33:00 1000.2 26.0 48.5
2022-01-14T06:34:00 1000.2 26.0 48.6
2022-01-14T06:35:00 1000.2 26.0 48.6
2022-01-14T06:36:00 1000.2 26.1 48.0
2022-01-14T06:37:00 1000.2 26.1 48.0
2022-01-14T06:38:00 1000.2 26.1 48.0
2022-01-14T06:39:00 1000.2 26.1 48.0
2022-01-14T06:40:00 1000.2 26.1 48.2
2022-01-14T06:41:00 1000.2 26.1 48.0
2022-01-14T06:42:00 1000.2 26.1 48.1
2022-01-14T06:43:00 1000.2 26.1 47.8
2022-01-14T06:44:00 1000.2 26.1 47.5
2022-01-14T06:45:00 1000.3 26.1 47.2
2022-01-14T06:46:00 1000.3 26.2 47.0
2022-01-14T06:47:00 1000.3 26.2 46.9
2022-01-14T06:48:00 1000.3 26.2 46.6
2022-01-14T06:49:00 1000.3 26.2 46.5
2022-01-14T06:50:00 1000.3 26.3 46.5
2022-01-14T06:51:00 1000.3 26.2 46.7
2022-01-14T06:52:00 1000.4 26.3 46.7
2022-01-14T06:53:00 1000.4 26.2 46.7
2022-01-14T06:54:00 1000.4 26.2 46.7
2022-01-14T06:55:00 1000.4 26.2 46.9
2022-01-14T06:56:00 1000.4 26.1 47.0
2022-01-14T06:57:00 1000.4 26.1 47.0
2022-01-14T06:58:00 1000.3 26.1 47.0
2022-01-14T06:59:00 1000.3 26.1 47.2
2022-01-14T07:00:00 1000.4 26.1 47.1
2022-01-14T07:01:00 1000.4 26.1 47.1
2022-01-14T07:02:00 1000.4 26.2 47.1
2022-01-14T07:03:00 1000.4 26.1 47.2
2022-01-14T07:04:00 1000.4 26.1 47.2
2022-01-14T07:05:00 1000.4 26.1 47.0
2022-01-14T07:06:00 1000.4 26.1 47.1
2022-01-14T07:07:00 1000.4 26.1 47.1
2022-01-14T07:08:00 1000.4 26.1 47.1
2022-01-14T07:09:00 1000.4 26.1 47.1
2022-01-14T07:10:00 1000.4 26.1 47.2
2022-01-14T07:11:00 1000.4 26.1 47.2
2022-01-14T07:12:00 1000.5 26.1 47.3
2022-01-14T07:13:00 1000.5 26.1 47.3
2022-01-14T07:14:00 1000.5 26.2 47.1
2022-01-14T07:15:00 1000.5 26.1 47.1
2022-01-14T07:16:00 1000.5 26.1 47.4
2022-01-14T07:17:00 1000.5 26.1 47.3
2022-01-14T07:18:00 1000.5 26.1 47.2
2022-01-14T07:19:00 1000.5 26.2 47.2
2022-01-14T07:20:00 1000.5 26.1 47.3
2022-01-14T07:21:00 1000.5 26.1 47.5
2022-01-14T07:22:00 1000.5 26.1 47.5
2022-01-14T07:23:00 1000.5 26.0 47.6
2022-01-14T07:24:00 1000.5 26.0 47.8
2022-01-14T07:25:00 1000.5 26.0 47.9
2022-01-14T07:26:00 1000.5 26.0 48.1
2022-01-14T07:27:00 1000.5 25.9 48.3
2022-01-14T07:28:00 1000.5 25.9 48.3
2022-01-14T07:29:00 1000.5 25.9 48.5
2022-01-14T07:30:00 1000.5 25.9 48.4
2022-01-14T07:31:00 1000.5 25.8 48.4
2022-01-14T07:32:00 1000.5 25.8 48.8
2022-01-14T07:33:00 1000.5 25.8 48.9
2022-01-14T07:34:00 1000.5 25.8 49.0
2022-01-14T07:35:00 1000.5 25.7 49.3
2022-01-14T07:36:00 1000.5 25.7 49.4
2022-01-14T07:37:00 1000.5 25.6 49.7
2022-01-14T07:38:00 1000.5 25.7 49.6
2022-01-14T07:39:00 1000.5 25.7 49.5
2022-01-14T07:40:00 1000.5 25.7 49.6
2022-01-14T07:41:00 1000.5 25.7 49.8
2022-01-14T07:42:00 1000.5 25.7 49.9
2022-01-14T07:43:00 1000.6 25.6 50.1
2022-01-14T07:44:00 1000.6 25.6 50.2
2022-01-14T07:45:00 1000.6 25.6 50.2
2022-01-14T07:46:00 1000.6 25.6 50.5
2022-01-14T07:47:00 1000.6 25.5 50.5
2022-01-14T07:48:00 1000.6 25.5 50.6
2022-01-14T07:49:00 1000.6 25.4 50.8
2022-01-14T07:50:00 1000.6 25.4 50.7
2022-01-14T07:51:00 1000.6 25.4 50.8
2022-01-14T07:52:00 1000.6 25.4 51.0
2022-01-14T07:53:00 1000.7 25.4 51.0
2022-01-14T07:54:00 1000.7 25.5 50.9
2022-01-14T07:55:00 1000.7 25.4 51.1
2022-01-14T07:56:00 1000.7 25.4 51.0
2022-01-14T07:57:00 1000.8 25.4 51.2
2022-01-14T07:58:00 1000.8 25.4 51.4
2022-01-14T07:59:00 1000.8 25.4 51.4
2022-01-14T08:00:00 1000.8 25.4 51.5
2022-01-14T08:01:00 1000.8 25.4 51.3
2022-01-14T08:02:00 1000.8 25.4 51.4
2022-01-14T08:03:00 1000.8 25.4 51.3
2022-01-14T08:04:00 1000.8 25.5 51.3
2022-01-14T08:05:00 1000.8 25.5 51.3
2022-01-14T08:06:00 1000.8 25.6 51.2
2022-01-14T08:07:00 1000.9 25.6 50.9
2022-01-14T08:08:00 1000.9 25.6 50.9
2022-01-14T08:09:00 1000.9 25.6 50.9
2022-01-14T08:10:00 1000.9 25.6 51.0
2022-01-14T08:11:00 1001.0 25.6 50.8
2022-01-14T08:12:00 1001.0 25.6 50.7
2022-01-14T08:13:00 1001.0 25.6 50.9
2022-01-14T08:14:00 1001.0 25.7 50.9
2022-01-14T08:15:00 1001.0 25.7 50.9
2022-01-14T08:16:00 1001.0 25.7 50.8
2022-01-14T08:17:00 1001.0 25.7 50.9
2022-01-14T08:18:00 1001.0 25.6 50.9
2022-01-14T08:19:00 1001.0 25.6 51.2
2022-01-14T08:20:00 1001.0 25.6 51.1
2022-01-14T08:21:00 1001.1 25.6 51.2
2022-01-14T08:22:00 1001.1 25.6 51.3
2022-01-14T08:23:00 1001.1 25.6 51.3
2022-01-14T08:24:00 1001.1 25.6 51.3
2022-01-14T08:25:00 1001.1 25.7 51.2
2022-01-14T08:26:00 1001.1 25.7 51.1
2022-01-14T08:27:00 1001.1 25.6 51.5
2022-01-14T08:28:00 1001.1 25.6 51.6
2022-01-14T08:29:00 1001.2 25.6 51.5
2022-01-14T08:30:00 1001.2 25.7 51.5
2022-01-14T08:31:00 1001.2 25.6 51.6
2022-01-14T08:32:00 1001.2 25.7 51.7
2022-01-14T08:33:00 1001.2 25.7 51.6
2022-01-14T08:34:00 1001.3 25.8 51.5
2022-01-14T08:35:00 1001.3 25.8 51.4
2022-01-14T08:36:00 1001.3 25.8 51.4
2022-01-14T08:37:00 1001.3 25.7 51.6
2022-01-14T08:38:00 1001.3 25.8 51.6
2022-01-14T08:39:00 1001.3 25.7 51.7
2022-01-14T08:40:00 1001.4 25.8 51.5
2022-01-14T08:41:00 1001.4 25.8 51.4
2022-01-14T08:42:00 1001.4 25.7 51.6
2022-01-14T08:43:00 1001.4 25.7 51.5
2022-01-14T08:44:00 1001.4 25.8 52.0
2022-01-14T08:45:00 1001.4 25.6 53.2
2022-01-14T08:46:00 1001.4 25.5 54.2
2022-01-14T08:47:00 1001.5 25.4 55.0
2022-01-14T08:48:00 1001.5 25.3 55.7
2022-01-14T08:49:00 1001.5 25.2 55.5
2022-01-14T08:50:00 1001.5 25.1 55.5
2022-01-14T08:51:00 1001.5 25.0 55.9
2022-01-14T08:52:00 1001.5 25.0 56.1
2022-01-14T08:53:00 1001.5 25.0 56.7
2022-01-14T08:54:00 1001.5 25.0 56.6
2022-01-14T08:55:00 1001.5 24.9 56.7
2022-01-14T08:56:00 1001.5 24.8 57.0
2022-01-14T08:57:00 1001.5 24.8 56.5
2022-01-14T08:58:00 1001.5 24.9 56.6
2022-01-14T08:59:00 1001.5 25.1 56.8
2022-01-14T09:00:00 1001.6 25.2 56.6
2022-01-14T09:01:00 1001.6 25.3 56.3
2022-01-14T09:02:00 1001.6 25.4 55.3
2022-01-14T09:03:00 1001.6 25.4 55.5
2022-01-14T09:04:00 1001.6 25.5 54.3
2022-01-14T09:05:00 1001.6 25.8 54.0
2022-01-14T09:06:00 1001.6 26.0 53.2
2022-01-14T09:07:00 1001.6 26.2 53.1
2022-01-14T09:08:00 1001.7 26.4 52.8
2022-01-14T09:09:00 1001.7 26.6 52.0
2022-01-14T09:10:00 1001.7 26.8 51.9
2022-01-14T09:11:00 1001.7 26.9 51.2
2022-01-14T09:12:00 1001.7 27.1 50.3
2022-01-14T09:13:00 1001.8 27.3 49.7
2022-01-14T09:14:00 1001.8 27.4 49.5
2022-01-14T09:15:00 1001.8 27.4 49.3
2022-01-14T09:16:00 1001.9 27.5 49.0
2022-01-14T09:17:00 1001.9 27.5 49.0
2022-01-14T09:18:00 1001.9 27.6 48.2
2022-01-14T09:19:00 1001.9 27.6 47.9
2022-01-14T09:20:00 1001.9 27.8 47.7
2022-01-14T09:21:00 1001.9 28.3 46.8
2022-01-14T09:22:00 1001.9 28.4 46.3
2022-01-14T09:23:00 1001.9 28.6 46.0
2022-01-14T09:24:00 1001.9 28.8 45.6
2022-01-14T09:25:00 1002.0 29.1 44.9
2022-01-14T09:26:00 1002.0 29.1 44.7
2022-01-14T09:27:00 1002.0 29.5 43.9
2022-01-14T09:28:00 1002.0 29.3 44.1
2022-01-14T09:29:00 1002.0 29.3 43.9
2022-01-14T09:30:00 1002.1 29.1 44.1
2022-01-14T09:31:00 1002.1 29.0 44.4
2022-01-14T09:32:00 1002.1 28.9 44.6
2022-01-14T09:33:00 1002.1 29.3 43.9
2022-01-14T09:34:00 1002.1 29.3 43.9
2022-01-14T09:35:00 1002.1 29.6 43.9
2022-01-14T09:36:00 1002.1 29.9 43.0
2022-01-14T09:37:00 1002.2 29.6 43.5
2022-01-14T09:38:00 1002.2 30.2 42.8
2022-01-14T09:39:00 1002.2 30.5 42.2
2022-01-14T09:40:00 1002.2 30.5 42.1
2022-01-14T09:41:00 1002.2 30.6 42.1
2022-01-14T09:42:00 1002.2 30.8 42.0
2022-01-14T09:43:00 1002.2 31.0 41.4
2022-01-14T09:44:00 1002.2 31.1 41.0
2022-01-14T09:45:00 1002.3 31.2 41.1
2022-01-14T09:46:00 1002.3 31.1 41.0
2022-01-14T09:47:00 1002.3 30.9 41.5
2022-01-14T09:48:00 1002.3 31.5 41.0
2022-01-14T09:49:00 1002.3 32.0 39.8
2022-01-14T09:50:00 1002.3 32.1 39.6
2022-01-14T09:51:00 1002.3 31.9 40.0
2022-01-14T09:52:00 1002.4 31.8 40.2
2022-01-14T09:53:00 1002.4 31.9 40.5
2022-01-14T09:54:00 1002.4 32.1 39.8
2022-01-14T09:55:00 1002.4 32.4 39.5
2022-01-14T09:56:00 1002.4 32.4 39.8
2022-01-14T09:57:00 1002.4 32.7 39.2
2022-01-14T09:58:00 1002.4 32.3 39.8
2022-01-14T09:59:00 1002.4 32.4 39.8
2022-01-14T10:00:00 1002.4 32.2 40.1
2022-01-14T10:01:00 1002.4 32.4 40.0
2022-01-14T10:02:00 1002.4 32.1 40.9
2022-01-14T10:03:00 1002.5 31.8 41.8
2022-01-14T10:04:00 1002.5 31.7 41.8
2022-01-14T10:05:00 1002.5 32.5 40.6
2022-01-14T10:06:00 1002.5 33.3 38.7
2022-01-14T10:07:00 1002.5 33.3 39.1
2022-01-14T10:08:00 1002.5 33.6 38.5
2022-01-14T10:09:00 1002.5 33.0 39.2
2022-01-14T10:10:00 1002.5 33.5 38.6
2022-01-14T10:11:00 1002.5 33.8 38.4
2022-01-14T10:12:00 1002.6 34.1 38.2
2022-01-14T10:13:00 1002.6 34.2 37.8
2022-01-14T10:14:00 1002.6 34.1 38.0
2022-01-14T10:15:00 1002.6 34.3 37.5
2022-01-14T10:16:00 1002.6 34.5 37.3
2022-01-14T10:17:00 1002.6 34.4 37.5
2022-01-14T10:18:00 1002.6 34.4 37.9
2022-01-14T10:19:00 1002.6 34.4 38.1
2022-01-14T10:20:00 1002.6 34.3 38.4
2022-01-14T10:21:00 1002.6 34.1 38.8
2022-01-14T10:22:00 1002.6 33.6 39.8
2022-01-14T10:23:00 1002.7 33.0 41.1
2022-01-14T10:24:00 1002.7 33.2 40.9
2022-01-14T10:25:00 1002.7 33.3 40.6
2022-01-14T10:26:00 1002.7 32.9 41.9
2022-01-14T10:27:00 1002.7 32.9 42.0
2022-01-14T10:28:00 1002.7 33.3 41.7
2022-01-14T10:29:00 1002.8 33.7 40.5
2022-01-14T10:30:00 1002.8 33.4 41.1
2022-01-14T10:31:00 1002.8 33.6 41.0
2022-01-14T10:32:00 1002.7 32.8 43.0
2022-01-14T10:33:00 1002.8 33.1 42.6
2022-01-14T10:34:00 1002.8 33.0 42.6
2022-01-14T10:35:00 1002.8 33.0 42.9
2022-01-14T10:36:00 1002.8 33.4 42.8
2022-01-14T10:37:00 1002.8 33.6 41.8
2022-01-14T10:38:00 1002.8 33.2 43.0
2022-01-14T10:39:00 1002.8 33.9 42.0
2022-01-14T10:40:00 1002.9 34.3 41.3
2022-01-14T10:41:00 1002.9 34.9 40.0
2022-01-14T10:42:00 1002.9 35.4 39.1
2022-01-14T10:43:00 1002.9 34.7 40.1
2022-01-14T10:44:00 1002.9 35.1 39.7
2022-01-14T10:45:00 1002.9 35.2 39.4
2022-01-14T10:46:00 1002.9 35.0 39.7
2022-01-14T10:47:00 1003.0 35.0 39.7
2022-01-14T10:48:00 1003.0 34.2 40.7
2022-01-14T10:49:00 1003.0 33.8 41.6
2022-01-14T10:50:00 1003.0 33.6 42.1
2022-01-14T10:51:00 1003.0 33.7 42.5
2022-01-14T10:52:00 1003.0 33.6 42.2
2022-01-14T10:53:00 1003.0 34.5 40.9
2022-01-14T10:54:00 1003.0 34.5 40.9
2022-01-14T10:55:00 1003.0 34.1 41.8
2022-01-14T10:56:00 1003.0 34.9 40.8
2022-01-14T10:57:00 1003.0 35.1 39.3
2022-01-14T10:58:00 1003.0 33.8 42.2
2022-01-14T10:59:00 1003.0 34.0 41.6
2022-01-14T11:00:00 1003.1 33.4 42.1
2022-01-14T11:01:00 1003.1 33.0 43.7
2022-01-14T11:02:00 1003.1 33.6 43.0
2022-01-14T11:03:00 1003.1 33.7 43.0
2022-01-14T11:04:00 1003.1 34.0 43.0
2022-01-14T11:05:00 1003.1 33.5 42.3
2022-01-14T11:06:00 1003.2 33.5 43.7
2022-01-14T11:07:00 1003.2 34.4 41.3
2022-01-14T11:08:00 1003.2 34.1 41.8
2022-01-14T11:09:00 1003.2 34.1 42.3
2022-01-14T11:10:00 1003.1 33.8 42.5
2022-01-14T11:11:00 1003.2 34.0 42.3
2022-01-14T11:12:00 1003.2 34.6 41.2
2022-01-14T11:13:00 1003.2 34.3 40.9
2022-01-14T11:14:00 1003.1 33.2 43.0
2022-01-14T11:15:00 1003.2 33.1 44.2
2022-01-14T11:16:00 1003.2 33.6 43.4
2022-01-14T11:17:00 1003.2 34.1 42.8
2022-01-14T11:18:00 1003.2 34.0 42.7
2022-01-14T11:19:00 1003.2 34.3 41.9
2022-01-14T11:20:00 1003.2 34.1 41.9
2022-01-14T11:21:00 1003.2 33.8 42.5
2022-01-14T11:22:00 1003.2 33.3 43.6
2022-01-14T11:23:00 1003.2 33.8 43.1
2022-01-14T11:24:00 1003.3 33.9 42.7
2022-01-14T11:25:00 1003.3 33.8 42.8
2022-01-14T11:26:00 1003.3 34.0 42.4
2022-01-14T11:27:00 1003.2 34.0 42.5
2022-01-14T11:28:00 1003.3 34.0 42.6
2022-01-14T11:29:00 1003.2 33.7 43.1
2022-01-14T11:30:00 1003.3 33.7 43.4
2022-01-14T11:31:00 1003.2 33.4 43.9
2022-01-14T11:32:00 1003.2 33.9 43.1
2022-01-14T11:33:00 1003.2 34.5 42.3
2022-01-14T11:34:00 1003.2 34.8 41.4
2022-01-14T11:35:00 1003.2 34.4 42.1
2022-01-14T11:36:00 1003.3 34.3 42.3
2022-01-14T11:37:00 1003.3 34.2 42.5
2022-01-14T11:38:00 1003.3 34.4 42.3
2022-01-14T11:39:00 1003.3 34.2 42.9
2022-01-14T11:40:00 1003.3 34.5 42.6
2022-01-14T11:41:00 1003.3 35.0 41.5
2022-01-14T11:42:00 1003.2 35.0 41.2
2022-01-14T11:43:00 1003.1 34.2 43.1
2022-01-14T11:44:00 1003.3 34.3 43.3
2022-01-14T11:45:00 1003.2 34.9 41.9
2022-01-14T11:46:00 1003.2 34.6 42.7
2022-01-14T11:47:00 1003.2 35.3 41.6
2022-01-14T11:48:00 1003.3 35.2 41.5
2022-01-14T11:49:00 1003.3 35.1 41.3
2022-01-14T11:50:00 1003.2 35.1 41.6
2022-01-14T11:51:00 1003.2 35.6 40.9
2022-01-14T11:52:00 1003.2 35.7 40.0
2022-01-14T11:53:00 1003.2 34.9 41.5
2022-01-14T11:54:00 1003.2 35.1 41.7
2022-01-14T11:55:00 1003.2 35.0 41.4
2022-01-14T11:56:00 1003.2 35.0 41.9
2022-01-14T11:57:00 1003.2 34.6 42.2
2022-01-14T11:58:00 1003.2 34.4 43.2
2022-01-14T11:59:00 1003.2 34.8 42.5
2022-01-14T12:00:00 1003.2 34.5 42.8
2022-01-14T12:01:00 1003.2 34.6 42.8
2022-01-14T12:02:00 1003.1 34.3 43.3
2022-01-14T12:03:00 1003.2 34.5 43.3
2022-01-14T12:04:00 1003.1 35.3 42.0
2022-01-14T12:05:00 1003.1 35.5 41.1
2022-01-14T12:06:00 1003.2 34.9 42.8
2022-01-14T12:07:00 1003.1 35.0 42.2
2022-01-14T12:08:00 1003.1 34.2 43.3
2022-01-14T12:09:00 1003.1 33.2 44.6
2022-01-14T12:10:00 1003.1 32.6 46.4
2022-01-14T12:11:00 1003.1 32.4 46.8
2022-01-14T12:12:00 1003.1 32.7 46.6
2022-01-14T12:13:00 1003.1 33.2 45.3
2022-01-14T12:14:00 1003.1 33.0 45.2
2022-01-14T12:15:00 1003.1 33.6 45.1
2022-01-14T12:16:00 1003.1 34.1 44.5
2022-01-14T12:17:00 1003.1 34.3 43.6
2022-01-14T12:18:00 1003.1 34.6 43.3
2022-01-14T12:19:00 1003.1 35.4 41.7
2022-01-14T12:20:00 1003.0 34.6 43.3
2022-01-14T12:21:00 1003.1 34.4 43.3
2022-01-14T12:22:00 1003.1 34.3 43.4
2022-01-14T12:23:00 1003.1 34.5 43.3
2022-01-14T12:24:00 1003.1 34.1 43.3
2022-01-14T12:25:00 1003.1 34.5 43.3
2022-01-14T12:26:00 1003.1 34.4 42.9
2022-01-14T12:27:00 1003.1 34.5 42.7
2022-01-14T12:28:00 1003.0 34.9 42.3
2022-01-14T12:29:00 1003.1 34.5 42.7
2022-01-14T12:30:00 1003.0 35.0 41.7
2022-01-14T12:31:00 1003.0 35.5 40.9
2022-01-14T12:32:00 1003.0 36.2 39.8
2022-01-14T12:33:00 1002.9 36.1 39.9
2022-01-14T12:34:00 1003.0 35.3 41.8
2022-01-14T12:35:00 1002.9 35.5 41.4
2022-01-14T12:36:00 1002.9 35.4 41.7
2022-01-14T12:37:00 1002.9 35.7 40.9
2022-01-14T12:38:00 1002.9 35.2 41.4
2022-01-14T12:39:00 1002.9 35.9 40.5
2022-01-14T12:40:00 1002.9 36.0 40.2
2022-01-14T12:41:00 1002.9 36.0 40.7
2022-01-14T12:42:00 1002.9 35.3 41.7
2022-01-14T12:43:00 1002.9 35.3 41.5
2022-01-14T12:44:00 1002.8 35.5 40.9
2022-01-14T12:45:00 1002.8 35.3 41.8
2022-01-14T12:46:00 1002.9 35.3 41.9
2022-01-14T12:47:00 1002.9 36.0 40.5
2022-01-14T12:48:00 1002.9 35.9 40.5
2022-01-14T12:49:00 1002.8 35.8 40.6
2022-01-14T12:50:00 1002.8 35.9 40.4
2022-01-14T12:51:00 1002.8 36.4 39.9
2022-01-14T12:52:00 1002.9 37.0 38.8
2022-01-14T12:53:00 1002.8 37.2 38.3
2022-01-14T12:54:00 1002.8 36.5 38.7
2022-01-14T12:55:00 1002.8 35.9 40.3
2022-01-14T12:56:00 1002.8 36.1 39.8
2022-01-14T12:57:00 1002.7 36.7 39.0
2022-01-14T12:58:00 1002.8 35.7 40.1
2022-01-14T12:59:00 1002.8 35.7 40.7
2022-01-14T13:00:00 1002.7 35.6 40.7
2022-01-14T13:01:00 1002.7 35.6 41.0
2022-01-14T13:02:00 1002.7 36.2 39.9
2022-01-14T13:03:00 1002.7 36.1 40.0
2022-01-14T13:04:00 1002.7 36.1 39.9
2022-01-14T13:05:00 1002.7 36.6 38.8
2022-01-14T13:06:00 1002.7 36.8 38.4
2022-01-14T13:07:00 1002.7 37.3 37.3
2022-01-14T13:08:00 1002.7 37.8 36.8
2022-01-14T13:09:00 1002.7 38.1 36.1
2022-01-14T13:10:00 1002.7 38.5 35.7
2022-01-14T13:11:00 1002.7 36.8 38.1
2022-01-14T13:12:00 1002.6 36.4 38.9
2022-01-14T13:13:00 1002.7 37.0 38.0
2022-01-14T13:14:00 1002.6 37.3 37.6
2022-01-14T13:15:00 1002.7 36.6 38.1
2022-01-14T13:16:00 1002.7 36.1 39.5
2022-01-14T13:17:00 1002.7 35.9 39.7
2022-01-14T13:18:00 1002.7 36.3 39.6
2022-01-14T13:19:00 1002.7 36.3 39.3
2022-01-14T13:20:00 1002.7 36.3 39.1
2022-01-14T13:21:00 1002.6 36.7 38.9
2022-01-14T13:22:00 1002.7 36.8 38.7
2022-01-14T13:23:00 1002.6 36.6 38.1
2022-01-14T13:24:00 1002.7 36.7 38.2
2022-01-14T13:25:00 1002.6 36.7 37.9
2022-01-14T13:26:00 1002.6 36.3 38.7
2022-01-14T13:27:00 1002.6 36.4 38.3
2022-01-14T13:28:00 1002.6 37.3 36.9
2022-01-14T13:29:00 1002.6 37.2 37.3
2022-01-14T13:30:00 1002.6 37.3 37.2
2022-01-14T13:31:00 1002.6 37.5 36.4
2022-01-14T13:32:00 1002.6 37.2 37.3
2022-01-14T13:33:00 1002.6 37.7 36.4
2022-01-14T13:34:00 1002.6 37.5 36.4
2022-01-14T13:35:00 1002.6 37.6 36.4
2022-01-14T13:36:00 1002.6 37.3 36.1
2022-01-14T13:37:00 1002.5 37.1 36.3
2022-01-14T13:38:00 1002.6 36.5 37.4
2022-01-14T13:39:00 1002.6 36.4 37.0
2022-01-14T13:40:00 1002.5 36.0 38.7
2022-01-14T13:41:00 1002.5 36.4 38.0
2022-01-14T13:42:00 1002.5 36.4 38.0
2022-01-14T13:43:00 1002.5 36.8 37.3
2022-01-14T13:44:00 1002.5 37.0 37.1
2022-01-14T13:45:00 1002.5 37.4 36.1
2022-01-14T13:46:00 1002.5 37.4 35.8
2022-01-14T13:47:00 1002.5 37.6 35.6
2022-01-14T13:48:00 1002.5 37.8 35.6
2022-01-14T13:49:00 1002.5 37.4 35.7
2022-01-14T13:50:00 1002.5 37.4 35.9
2022-01-14T13:51:00 1002.5 37.0 36.3
2022-01-14T13:52:00 1002.6 37.2 36.6
2022-01-14T13:53:00 1002.5 37.4 36.0
2022-01-14T13:54:00 1002.5 37.3 36.0
2022-01-14T13:55:00 1002.5 37.1 36.3
2022-01-14T13:56:00 1002.5 37.3 35.6
2022-01-14T13:57:00 1002.5 37.6 34.8
2022-01-14T13:58:00 1002.4 37.4 35.2
2022-01-14T13:59:00 1002.4 38.0 34.8
2022-01-14T14:00:00 1002.4 38.0 34.8
2022-01-14T14:01:00 1002.5 37.5 35.3
2022-01-14T14:02:00 1002.5 37.4 35.7
2022-01-14T14:03:00 1002.4 37.8 35.0
2022-01-14T14:04:00 1002.4 37.9 34.7
2022-01-14T14:05:00 1002.4 37.8 34.2
2022-01-14T14:06:00 1002.4 37.5 35.0
2022-01-14T14:07:00 1002.4 37.8 34.7
2022-01-14T14:08:00 1002.4 37.7 34.3
2022-01-14T14:09:00 1002.4 37.0 34.9
2022-01-14T14:10:00 1002.4 37.0 35.4
2022-01-14T14:11:00 1002.4 36.5 36.2
2022-01-14T14:12:00 1002.4 36.5 36.8
2022-01-14T14:13:00 1002.4 37.4 35.2
2022-01-14T14:14:00 1002.4 38.1 33.9
2022-01-14T14:15:00 1002.4 37.6 34.5
2022-01-14T14:16:00 1002.3 37.9 34.4
2022-01-14T14:17:00 1002.4 38.2 34.0
2022-01-14T14:18:00 1002.3 38.2 33.4
2022-01-14T14:19:00 1002.4 37.3 35.0
2022-01-14T14:20:00 1002.2 37.5 34.5
2022-01-14T14:21:00 1002.3 37.4 33.9
2022-01-14T14:22:00 1002.3 37.2 34.7
2022-01-14T14:23:00 1002.3 37.9 34.0
2022-01-14T14:24:00 1002.3 38.6 33.2
2022-01-14T14:25:00 1002.3 38.2 33.1
2022-01-14T14:26:00 1002.3 37.9 33.9
2022-01-14T14:27:00 1002.3 38.2 33.5
2022-01-14T14:28:00 1002.3 37.8 33.5
2022-01-14T14:29:00 1002.3 38.0 34.0
2022-01-14T14:30:00 1002.3 38.5 32.8
2022-01-14T14:31:00 1002.3 38.4 32.8
2022-01-14T14:32:00 1002.2 38.6 32.2
2022-01-14T14:33:00 1002.3 38.6 32.4
2022-01-14T14:34:00 1002.3 38.9 32.4
2022-01-14T14:35:00 1002.3 39.7 30.9
2022-01-14T14:36:00 1002.2 38.5 32.8
2022-01-14T14:37:00 1002.2 37.9 33.8
2022-01-14T14:38:00 1002.2 37.8 34.5
2022-01-14T14:39:00 1002.2 38.6 32.4
2022-01-14T14:40:00 1002.2 38.4 33.1
2022-01-14T14:41:00 1002.2 38.7 33.0
2022-01-14T14:42:00 1002.1 39.1 32.6
2022-01-14T14:43:00 1002.1 37.8 33.5
2022-01-14T14:44:00 1002.1 37.8 34.1
2022-01-14T14:45:00 1002.1 37.2 34.6
2022-01-14T14:46:00 1002.1 37.0 35.5
2022-01-14T14:47:00 1002.0 36.8 36.5
2022-01-14T14:48:00 1002.0 37.7 34.7
2022-01-14T14:49:00 1002.0 37.5 35.3
2022-01-14T14:50:00 1002.0 38.1 34.5
2022-01-14T14:51:00 1002.0 38.0 33.7
2022-01-14T14:52:00 1002.0 38.0 33.5
2022-01-14T14:53:00 1002.0 38.3 32.8
2022-01-14T14:54:00 1002.0 38.6 32.0
2022-01-14T14:55:00 1001.8 38.3 32.8
2022-01-14T14:56:00 1001.9 38.3 32.6
2022-01-14T14:57:00 1002.0 38.3 32.2
2022-01-14T14:58:00 1002.0 38.4 32.6
2022-01-14T14:59:00 1001.9 38.7 31.9
2022-01-14T15:00:00 1001.9 39.0 31.7
2022-01-14T15:01:00 1002.0 38.6 32.4
2022-01-14T15:02:00 1001.9 37.7 33.5
2022-01-14T15:03:00 1001.9 37.6 33.6
2022-01-14T15:04:00 1001.9 37.8 33.2
2022-01-14T15:05:00 1001.8 37.9 33.2
2022-01-14T15:06:00 1001.9 37.4 34.0
2022-01-14T15:07:00 1001.9 37.7 33.7
2022-01-14T15:08:00 1001.8 37.9 33.5
2022-01-14T15:09:00 1001.8 38.4 33.1
2022-01-14T15:10:00 1001.8 38.8 31.3
2022-01-14T15:11:00 1001.8 38.4 32.4
2022-01-14T15:12:00 1001.7 38.4 32.4
2022-01-14T15:13:00 1001.7 38.3 32.6
2022-01-14T15:14:00 1001.7 37.8 33.4
2022-01-14T15:15:00 1001.7 37.8 33.4
2022-01-14T15:16:00 1001.7 37.5 33.5
2022-01-14T15:17:00 1001.7 38.3 32.7
2022-01-14T15:18:00 1001.7 38.5 32.0
2022-01-14T15:19:00 1001.7 37.8 32.8
2022-01-14T15:20:00 1001.6 37.9 32.8
2022-01-14T15:21:00 1001.6 37.6 32.9
2022-01-14T15:22:00 1001.6 38.1 32.0
2022-01-14T15:23:00 1001.6 38.1 32.0
2022-01-14T15:24:00 1001.6 38.4 30.9
2022-01-14T15:25:00 1001.6 38.0 31.3
2022-01-14T15:26:00 1001.5 37.6 32.3
2022-01-14T15:27:00 1001.6 37.4 32.6
2022-01-14T15:28:00 1001.6 38.1 32.2
2022-01-14T15:29:00 1001.5 39.1 30.7
2022-01-14T15:30:00 1001.5 39.1 30.4
2022-01-14T15:31:00 1001.5 38.3 31.6
2022-01-14T15:32:00 1001.5 38.2 31.8
2022-01-14T15:33:00 1001.5 39.2 30.7
2022-01-14T15:34:00 1001.4 39.6 30.2
2022-01-14T15:35:00 1001.5 39.6 29.8
2022-01-14T15:36:00 1001.4 39.3 30.0
2022-01-14T15:37:00 1001.4 39.2 30.5
2022-01-14T15:38:00 1001.3 38.9 30.3
2022-01-14T15:39:00 1001.3 38.4 30.6
2022-01-14T15:40:00 1001.3 37.9 31.2
2022-01-14T15:41:00 1001.3 37.8 31.8
2022-01-14T15:42:00 1001.4 37.7 32.3
2022-01-14T15:43:00 1001.4 37.7 31.6
2022-01-14T15:44:00 1001.4 38.1 31.3
2022-01-14T15:45:00 1001.3 38.4 31.2
2022-01-14T15:46:00 1001.3 38.7 30.9
2022-01-14T15:47:00 1001.3 39.3 29.7
2022-01-14T15:48:00 1001.3 39.3 29.7
2022-01-14T15:49:00 1001.3 39.1 29.8
2022-01-14T15:50:00 1001.3 39.3 29.7
2022-01-14T15:51:00 1001.3 40.0 28.9
2022-01-14T15:52:00 1001.3 39.5 29.3
2022-01-14T15:53:00 1001.1 38.6 30.2
2022-01-14T15:54:00 1001.2 38.6 30.4
2022-01-14T15:55:00 1001.3 38.6 30.8
2022-01-14T15:56:00 1001.2 39.2 29.9
2022-01-14T15:57:00 1001.2 39.6 29.2
2022-01-14T15:58:00 1001.2 39.8 28.7
2022-01-14T15:59:00 1001.3 39.0 29.6
2022-01-14T16:00:00 1001.2 39.0 29.6
2022-01-14T16:01:00 1001.2 39.2 29.3
2022-01-14T16:02:00 1001.1 38.8 30.6
2022-01-14T16:03:00 1001.1 38.8 30.4
2022-01-14T16:04:00 1001.1 39.2 30.1
2022-01-14T16:05:00 1001.0 40.2 28.8
2022-01-14T16:06:00 1001.0 40.2 28.8
2022-01-14T16:07:00 1001.0 39.1 29.8
2022-01-14T16:08:00 1001.0 39.4 29.3
2022-01-14T16:09:00 1001.0 40.1 28.7
2022-01-14T16:10:00 1001.0 39.4 29.1
2022-01-14T16:11:00 1000.9 39.4 29.7
2022-01-14T16:12:00 1000.9 39.5 29.1
2022-01-14T16:13:00 1000.9 39.1 30.4
2022-01-14T16:14:00 1000.9 39.0 30.0
2022-01-14T16:15:00 1000.9 38.5 30.8
2022-01-14T16:16:00 1000.9 38.1 32.0
2022-01-14T16:17:00 1001.0 38.1 32.0
2022-01-14T16:18:00 1000.9 38.4 31.3
2022-01-14T16:19:00 1000.9 39.0 30.3
2022-01-14T16:20:00 1000.9 40.0 29.2
2022-01-14T16:21:00 1000.9 40.3 28.2
2022-01-14T16:22:00 1000.9 39.9 28.7
2022-01-14T16:23:00 1000.9 40.6 28.0
2022-01-14T16:24:00 1000.8 40.9 27.3
2022-01-14T16:25:00 1000.8 40.5 27.6
2022-01-14T16:26:00 1000.8 40.4 28.9
2022-01-14T16:27:00 1000.9 40.5 29.1
2022-01-14T16:28:00 1000.8 40.0 28.9
2022-01-14T16:29:00 1000.7 39.8 29.1
2022-01-14T16:30:00 1000.7 39.3 29.8
2022-01-14T16:31:00 1000.7 39.7 29.2
2022-01-14T16:32:00 1000.7 39.3 29.9
2022-01-14T16:33:00 1000.7 38.6 31.0
2022-01-14T16:34:00 1000.7 38.6 30.3
2022-01-14T16:35:00 1000.7 38.4 30.7
2022-01-14T16:36:00 1000.7 38.8 30.1
2022-01-14T16:37:00 1000.7 39.0 29.8
2022-01-14T16:38:00 1000.7 39.8 28.6
2022-01-14T16:39:00 1000.6 40.0 28.5
2022-01-14T16:40:00 1000.6 40.5 27.8
2022-01-14T16:41:00 1000.6 40.2 28.0
2022-01-14T16:42:00 1000.6 40.6 27.5
2022-01-14T16:43:00 1000.5 40.4 28.1
2022-01-14T16:44:00 1000.5 40.4 28.6
2022-01-14T16:45:00 1000.5 40.7 28.5
2022-01-14T16:46:00 1000.6 40.6 28.4
2022-01-14T16:47:00 1000.5 40.5 28.2
2022-01-14T16:48:00 1000.5 40.8 27.6
2022-01-14T16:49:00 1000.5 41.5 26.8
2022-01-14T16:50:00 1000.4 41.9 26.1
2022-01-14T16:51:00 1000.5 42.1 25.6
2022-01-14T16:52:00 1000.4 41.4 26.9
2022-01-14T16:53:00 1000.4 41.4 27.1
2022-01-14T16:54:00 1000.3 41.4 27.2
2022-01-14T16:55:00 1000.3 41.3 26.8
2022-01-14T16:56:00 1000.2 40.9 27.1
2022-01-14T16:57:00 1000.4 40.0 28.5
2022-01-14T16:58:00 1000.3 40.3 28.0
2022-01-14T16:59:00 1000.3 40.7 27.4
2022-01-14T17:00:00 1000.3 41.2 27.1
2022-01-14T17:01:00 1000.3 41.5 26.6
2022-01-14T17:02:00 1000.3 41.2 26.5
2022-01-14T17:03:00 1000.3 40.9 27.1
2022-01-14T17:04:00 1000.2 41.0 26.8
2022-01-14T17:05:00 1000.3 41.3 26.5
2022-01-14T17:06:00 1000.2 41.7 25.9
2022-01-14T17:07:00 1000.1 41.1 26.3
2022-01-14T17:08:00 1000.2 40.7 26.9
2022-01-14T17:09:00 1000.2 40.5 27.2
2022-01-14T17:10:00 1000.2 40.9 26.7
2022-01-14T17:11:00 1000.1 41.1 26.4
2022-01-14T17:12:00 1000.1 41.0 26.7
2022-01-14T17:13:00 1000.0 41.0 26.7
2022-01-14T17:14:00 1000.1 41.4 26.4
2022-01-14T17:15:00 1000.0 41.6 26.3
2022-01-14T17:16:00 999.9 41.5 27.1
2022-01-14T17:17:00 1000.0 41.8 26.4
2022-01-14T17:18:00 1000.1 41.3 26.3
2022-01-14T17:19:00 1000.1 40.4 27.4
2022-01-14T17:20:00 1000.1 40.2 27.4
2022-01-14T17:21:00 1000.0 39.7 28.5
2022-01-14T17:22:00 1000.0 39.9 28.2
2022-01-14T17:23:00 1000.0 39.6 29.2
2022-01-14T17:24:00 1000.0 39.1 29.8
2022-01-14T17:25:00 1000.0 38.5 30.8
2022-01-14T17:26:00 1000.0 38.3 31.2
2022-01-14T17:27:00 999.8 38.3 31.8
2022-01-14T17:28:00 999.9 38.7 31.3
2022-01-14T17:29:00 999.9 39.0 31.2
2022-01-14T17:30:00 999.9 39.1 30.8
2022-01-14T17:31:00 999.9 38.7 30.9
2022-01-14T17:32:00 999.9 38.8 30.4
2022-01-14T17:33:00 999.9 38.5 31.1
2022-01-14T17:34:00 999.9 38.8 31.2
2022-01-14T17:35:00 999.9 38.4 32.2
2022-01-14T17:36:00 999.9 38.6 32.0
2022-01-14T17:37:00 999.9 38.6 31.9
2022-01-14T17:38:00 999.9 38.3 32.5
2022-01-14T17:39:00 999.9 38.4 32.3
2022-01-14T17:40:00 999.8 38.6 31.1
2022-01-14T17:41:00 999.8 38.9 30.8
2022-01-14T17:42:00 999.8 39.0 30.9
2022-01-14T17:43:00 999.8 38.8 31.4
2022-01-14T17:44:00 999.8 39.0 30.8
2022-01-14T17:45:00 999.8 39.0 31.1
2022-01-14T17:46:00 999.8 38.9 30.8
2022-01-14T17:47:00 999.8 38.8 30.9
2022-01-14T17:48:00 999.8 39.4 29.8
2022-01-14T17:49:00 999.7 39.0 30.6
2022-01-14T17:50:00 999.7 39.3 30.3
2022-01-14T17:51:00 999.6 39.4 30.4
2022-01-14T17:52:00 999.6 40.0 28.9
2022-01-14T17:53:00 999.6 39.5 29.7
2022-01-14T17:54:00 999.6 39.3 30.2
2022-01-14T17:55:00 999.6 39.0 30.4
2022-01-14T17:56:00 999.6 38.9 30.7
2022-01-14T17:57:00 999.6 39.5 30.0
2022-01-14T17:58:00 999.6 41.1 28.0
2022-01-14T17:59:00 999.6 41.6 27.2
2022-01-14T18:00:00 999.6 42.1 25.9
2022-01-14T18:01:00 999.5 42.5 25.2
2022-01-14T18:02:00 999.6 42.7 24.9
2022-01-14T18:03:00 999.5 43.0 24.8
2022-01-14T18:04:00 999.5 42.7 24.7
2022-01-14T18:05:00 999.5 42.9 24.7
2022-01-14T18:06:00 999.5 43.1 24.1
2022-01-14T18:07:00 999.5 42.4 24.8
2022-01-14T18:08:00 999.4 42.4 24.9
2022-01-14T18:09:00 999.4 42.6 24.6
2022-01-14T18:10:00 999.4 42.9 24.5
2022-01-14T18:11:00 999.5 43.1 23.6
2022-01-14T18:12:00 999.4 43.1 23.6
2022-01-14T18:13:00 999.3 43.0 24.1
2022-01-14T18:14:00 999.3 42.9 24.1
2022-01-14T18:15:00 999.3 42.6 24.2
2022-01-14T18:16:00 999.3 42.0 24.7
2022-01-14T18:17:00 999.3 41.6 24.9
2022-01-14T18:18:00 999.3 41.4 25.3
2022-01-14T18:19:00 999.3 42.1 24.5
2022-01-14T18:20:00 999.3 43.0 23.8
2022-01-14T18:21:00 999.2 43.3 23.5
2022-01-14T18:22:00 999.2 43.2 23.8
2022-01-14T18:23:00 999.2 42.9 23.5
2022-01-14T18:24:00 999.2 42.8 23.8
2022-01-14T18:25:00 999.2 43.7 23.2
2022-01-14T18:26:00 999.2 44.6 22.3
2022-01-14T18:27:00 999.1 43.4 23.8
2022-01-14T18:28:00 999.1 43.0 24.2
2022-01-14T18:29:00 999.0 42.5 24.7
2022-01-14T18:30:00 999.0 42.4 24.9
2022-01-14T18:31:00 999.0 42.1 24.7
2022-01-14T18:32:00 999.0 42.6 24.7
2022-01-14T18:33:00 999.0 43.1 24.1
2022-01-14T18:34:00 999.0 43.1 24.2
2022-01-14T18:35:00 999.0 42.8 24.2
2022-01-14T18:36:00 999.0 44.0 23.2
2022-01-14T18:37:00 998.9 44.3 22.9
2022-01-14T18:38:00 998.9 44.7 22.4
2022-01-14T18:39:00 998.9 43.6 24.2
2022-01-14T18:40:00 998.9 43.1 24.5
2022-01-14T18:41:00 998.9 42.5 24.9
2022-01-14T18:42:00 998.8 42.5 24.5
2022-01-14T18:43:00 998.9 42.1 24.6
2022-01-14T18:44:00 998.8 40.9 26.7
2022-01-14T18:45:00 998.9 40.0 28.5
2022-01-14T18:46:00 998.9 39.7 29.1
2022-01-14T18:47:00 998.9 40.2 28.5
2022-01-14T18:48:00 998.9 41.3 26.5
2022-01-14T18:49:00 998.9 42.0 25.5
2022-01-14T18:50:00 998.9 42.5 24.8
2022-01-14T18:51:00 998.9 42.4 24.5
2022-01-14T18:52:00 998.9 42.8 24.1
2022-01-14T18:53:00 998.9 43.2 23.4
2022-01-14T18:54:00 998.8 43.3 23.2
2022-01-14T18:55:00 998.8 43.0 23.4
2022-01-14T18:56:00 998.8 43.4 23.0
2022-01-14T18:57:00 998.9 43.8 22.8
2022-01-14T18:58:00 998.9 43.9 22.5
2022-01-14T18:59:00 998.8 43.6 22.7
2022-01-14T19:00:00 998.8 43.8 22.4
2022-01-14T19:01:00 998.7 43.8 22.6
2022-01-14T19:02:00 998.7 43.1 23.3
2022-01-14T19:03:00 998.8 42.6 24.1
2022-01-14T19:04:00 998.7 42.9 23.8
2022-01-14T19:05:00 998.7 41.9 25.1
2022-01-14T19:06:00 998.7 41.8 25.3
2022-01-14T19:07:00 998.8 43.2 23.4
2022-01-14T19:08:00 998.7 43.4 23.7
2022-01-14T19:09:00 998.7 44.0 23.1
2022-01-14T19:10:00 998.7 44.6 22.1
2022-01-14T19:11:00 998.7 43.9 22.5
2022-01-14T19:12:00 998.7 43.4 23.3
2022-01-14T19:13:00 998.7 43.0 23.6
2022-01-14T19:14:00 998.7 41.3 25.7
2022-01-14T19:15:00 998.7 40.5 27.3
2022-01-14T19:16:00 998.6 39.8 28.4
2022-01-14T19:17:00 998.7 39.7 28.7
2022-01-14T19:18:00 998.6 39.5 29.4
2022-01-14T19:19:00 998.6 39.3 30.7
2022-01-14T19:20:00 998.6 39.0 31.6
2022-01-14T19:21:00 998.6 38.8 30.8
2022-01-14T19:22:00 998.6 39.2 30.1
2022-01-14T19:23:00 998.6 40.5 28.4
2022-01-14T19:24:00 998.6 41.2 27.3
2022-01-14T19:25:00 998.7 40.8 27.8
2022-01-14T19:26:00 998.6 41.4 26.3
2022-01-14T19:27:00 998.6 41.6 26.0
2022-01-14T19:28:00 998.6 41.3 26.2
2022-01-14T19:29:00 998.5 40.9 27.0
2022-01-14T19:30:00 998.5 40.0 28.3
2022-01-14T19:31:00 998.5 40.2 28.1
2022-01-14T19:32:00 998.5 40.2 28.3
2022-01-14T19:33:00 998.5 40.2 28.4
2022-01-14T19:34:00 998.5 39.5 29.4
2022-01-14T19:35:00 998.6 39.2 30.3
2022-01-14T19:36:00 998.6 39.3 30.4
2022-01-14T19:37:00 998.5 39.1 31.3
2022-01-14T19:38:00 998.5 39.0 31.7
2022-01-14T19:39:00 998.5 39.2 30.8
2022-01-14T19:40:00 998.5 39.6 30.5
2022-01-14T19:41:00 998.5 40.5 29.1
2022-01-14T19:42:00 998.5 40.5 29.8
2022-01-14T19:43:00 998.5 40.6 29.1
2022-01-14T19:44:00 998.5 41.0 28.3
2022-01-14T19:45:00 998.5 40.3 28.9
2022-01-14T19:46:00 998.5 40.0 28.6
2022-01-14T19:47:00 998.5 40.7 28.1
2022-01-14T19:48:00 998.5 41.2 27.7
2022-01-14T19:49:00 998.5 42.1 25.7
2022-01-14T19:50:00 998.5 42.8 25.0
2022-01-14T19:51:00 998.5 43.2 24.2
2022-01-14T19:52:00 998.4 42.0 24.9
2022-01-14T19:53:00 998.4 41.3 26.2
2022-01-14T19:54:00 998.4 40.2 28.4
2022-01-14T19:55:00 998.5 39.8 29.7
2022-01-14T19:56:00 998.4 39.8 29.6
2022-01-14T19:57:00 998.5 39.5 29.5
2022-01-14T19:58:00 998.5 39.1 29.9
2022-01-14T19:59:00 998.5 39.2 30.3
2022-01-14T20:00:00 998.4 39.2 30.5
2022-01-14T20:01:00 998.4 38.9 31.0
2022-01-14T20:02:00 998.4 38.9 31.3
2022-01-14T20:03:00 998.4 39.2 30.8
2022-01-14T20:04:00 998.4 39.4 30.5
2022-01-14T20:05:00 998.4 40.9 28.1
2022-01-14T20:06:00 998.4 41.8 26.9
2022-01-14T20:07:00 998.3 41.9 26.5
2022-01-14T20:08:00 998.4 41.8 26.5
2022-01-14T20:09:00 998.4 41.6 26.1
2022-01-14T20:10:00 998.4 40.7 27.6
2022-01-14T20:11:00 998.4 40.8 27.6
2022-01-14T20:12:00 998.4 40.6 27.4
2022-01-14T20:13:00 998.5 40.4 28.0
2022-01-14T20:14:00 998.5 41.0 27.5
2022-01-14T20:15:00 998.5 41.6 26.0
2022-01-14T20:16:00 998.5 41.9 25.8
2022-01-14T20:17:00 998.5 42.4 25.2
2022-01-14T20:18:00 998.5 42.6 24.6
2022-01-14T20:19:00 998.5 42.7 25.0
2022-01-14T20:20:00 998.5 41.8 25.4
2022-01-14T20:21:00 998.4 41.4 25.9
2022-01-14T20:22:00 998.4 41.0 26.6
2022-01-14T20:23:00 998.4 42.0 25.6
2022-01-14T20:24:00 998.3 42.7 24.8
2022-01-14T20:25:00 998.3 42.2 25.4
2022-01-14T20:26:00 998.3 41.7 26.2
2022-01-14T20:27:00 998.3 41.9 26.0
2022-01-14T20:28:00 998.3 42.4 25.6
2022-01-14T20:29:00 998.3 42.5 25.6
2022-01-14T20:30:00 998.3 42.0 26.3
2022-01-14T20:31:00 998.3 42.0 26.5
2022-01-14T20:32:00 998.3 42.1 26.5
2022-01-14T20:33:00 998.3 41.0 28.0
2022-01-14T20:34:00 998.3 39.9 29.7
2022-01-14T20:35:00 998.3 39.4 30.6
2022-01-14T20:36:00 998.2 38.7 31.3
2022-01-14T20:37:00 998.3 38.2 32.2
2022-01-14T20:38:00 998.3 38.3 32.3
2022-01-14T20:39:00 998.3 38.0 32.3
2022-01-14T20:40:00 998.3 37.2 33.3
2022-01-14T20:41:00 998.4 37.2 33.9
2022-01-14T20:42:00 998.3 37.6 33.3
2022-01-14T20:43:00 998.3 37.5 33.9
2022-01-14T20:44:00 998.4 37.6 34.0
2022-01-14T20:45:00 998.4 37.8 33.8
2022-01-14T20:46:00 998.4 37.8 33.7
2022-01-14T20:47:00 998.3 38.5 32.2
2022-01-14T20:48:00 998.3 38.3 32.7
2022-01-14T20:49:00 998.3 38.2 32.8
2022-01-14T20:50:00 998.3 38.1 33.0
2022-01-14T20:51:00 998.3 37.8 34.0
2022-01-14T20:52:00 998.4 37.8 33.9
2022-01-14T20:53:00 998.4 38.4 33.0
2022-01-14T20:54:00 998.4 38.3 32.9
2022-01-14T20:55:00 998.4 38.0 32.9
2022-01-14T20:56:00 998.4 37.6 33.6
2022-01-14T20:57:00 998.3 37.4 34.9
2022-01-14T20:58:00 998.3 37.6 34.0
2022-01-14T20:59:00 998.3 38.0 32.9
2022-01-14T21:00:00 998.3 38.1 32.6
2022-01-14T21:01:00 998.4 38.1 32.9
2022-01-14T21:02:00 998.4 38.1 33.4
2022-01-14T21:03:00 998.4 38.0 33.8
2022-01-14T21:04:00 998.4 38.2 33.4
2022-01-14T21:05:00 998.4 38.3 33.4
2022-01-14T21:06:00 998.4 38.5 33.3
2022-01-14T21:07:00 998.3 38.9 33.0
2022-01-14T21:08:00 998.3 39.0 33.0
2022-01-14T21:09:00 998.3 38.6 33.9
2022-01-14T21:10:00 998.3 38.2 34.5
2022-01-14T21:11:00 998.3 37.7 35.5
2022-01-14T21:12:00 998.3 38.1 34.9
2022-01-14T21:13:00 998.3 38.1 35.1
2022-01-14T21:14:00 998.3 38.5 34.5
2022-01-14T21:15:00 998.3 38.8 34.1
2022-01-14T21:16:00 998.3 39.1 33.5
2022-01-14T21:17:00 998.3 38.8 34.1
2022-01-14T21:18:00 998.3 38.7 34.2
2022-01-14T21:19:00 998.3 38.8 34.3
2022-01-14T21:20:00 998.3 38.5 34.3
2022-01-14T21:21:00 998.3 38.7 34.4
2022-01-14T21:22:00 998.3 38.7 34.1
2022-01-14T21:23:00 998.3 38.5 34.7
2022-01-14T21:24:00 998.3 38.5 34.8
2022-01-14T21:25:00 998.3 38.4 34.7
2022-01-14T21:26:00 998.3 38.3 34.6
2022-01-14T21:27:00 998.3 38.0 34.8
2022-01-14T21:28:00 998.3 37.9 35.3
2022-01-14T21:29:00 998.4 37.8 35.6
2022-01-14T21:30:00 998.4 37.8 35.3
2022-01-14T21:31:00 998.4 37.7 35.3
2022-01-14T21:32:00 998.4 37.8 35.4
2022-01-14T21:33:00 998.4 37.5 35.6
2022-01-14T21:34:00 998.4 37.4 35.8
2022-01-14T21:35:00 998.4 37.3 36.4
2022-01-14T21:36:00 998.4 37.1 36.6
2022-01-14T21:37:00 998.4 37.1 36.5
2022-01-14T21:38:00 998.4 37.0 36.6
2022-01-14T21:39:00 998.4 37.0 36.6
2022-01-14T21:40:00 998.4 36.8 37.2
2022-01-14T21:41:00 998.4 36.6 37.9
2022-01-14T21:42:00 998.5 36.4 38.3
2022-01-14T21:43:00 998.5 36.2 38.4
2022-01-14T21:44:00 998.5 36.2 39.0
2022-01-14T21:45:00 998.5 36.2 39.2
2022-01-14T21:46:00 998.5 36.1 39.4
2022-01-14T21:47:00 998.5 36.1 39.5
2022-01-14T21:48:00 998.5 36.0 39.4
2022-01-14T21:49:00 998.5 36.1 39.4
2022-01-14T21:50:00 998.6 36.2 39.4
2022-01-14T21:51:00 998.5 36.2 39.3
2022-01-14T21:52:00 998.5 36.2 39.5
2022-01-14T21:53:00 998.5 36.1 39.6
2022-01-14T21:54:00 998.6 36.0 39.6
2022-01-14T21:55:00 998.6 36.1 39.5
2022-01-14T21:56:00 998.6 36.0 39.9
2022-01-14T21:57:00 998.6 35.9 39.8
2022-01-14T21:58:00 998.6 35.8 39.9
2022-01-14T21:59:00 998.7 35.8 40.1
2022-01-14T22:00:00 998.7 36.0 39.8
2022-01-14T22:01:00 998.7 36.1 39.5
2022-01-14T22:02:00 998.7 36.2 39.3
2022-01-14T22:03:00 998.7 36.1 39.5
2022-01-14T22:04:00 998.7 36.1 39.6
2022-01-14T22:05:00 998.7 36.0 39.7
2022-01-14T22:06:00 998.8 36.0 39.6
2022-01-14T22:07:00 998.8 36.1 39.6
2022-01-14T22:08:00 998.8 36.1 39.5
2022-01-14T22:09:00 998.8 35.9 39.5
2022-01-14T22:10:00 998.8 35.9 39.7
2022-01-14T22:11:00 998.8 36.0 39.6
2022-01-14T22:12:00 998.8 36.1 39.4
2022-01-14T22:13:00 998.8 36.2 39.1
2022-01-14T22:14:00 998.8 36.2 39.1
2022-01-14T22:15:00 998.8 36.2 39.0
2022-01-14T22:16:00 998.8 36.2 39.2
2022-01-14T22:17:00 998.8 36.0 39.4
2022-01-14T22:18:00 998.8 35.9 39.8
2022-01-14T22:19:00 998.8 35.8 39.8
2022-01-14T22:20:00 998.8 35.7 40.1
2022-01-14T22:21:00 998.8 35.8 40.2
2022-01-14T22:22:00 998.8 35.9 40.1
2022-01-14T22:23:00 998.8 35.8 40.2
2022-01-14T22:24:00 998.8 35.8 40.3
2022-01-14T22:25:00 998.8 35.7 40.3
2022-01-14T22:26:00 998.8 35.7 40.3
2022-01-14T22:27:00 998.8 35.6 40.3
2022-01-14T22:28:00 998.8 35.7 40.4
2022-01-14T22:29:00 998.8 35.6 40.5
2022-01-14T22:30:00 998.8 35.6 40.6
2022-01-14T22:31:00 998.8 35.4 40.6
2022-01-14T22:32:00 998.8 35.2 40.8
2022-01-14T22:33:00 998.8 35.2 41.2
2022-01-14T22:34:00 998.8 35.1 41.3
2022-01-14T22:35:00 998.8 35.0 41.1
2022-01-14T22:36:00 998.8 35.0 41.0
2022-01-14T22:37:00 998.8 35.0 41.1
2022-01-14T22:38:00 998.8 35.0 41.3
2022-01-14T22:39:00 998.9 35.0 41.1
2022-01-14T22:40:00 998.9 35.0 40.9
2022-01-14T22:41:00 998.9 34.8 41.4
2022-01-14T22:42:00 998.9 34.7 41.5
2022-01-14T22:43:00 999.0 34.7 41.8
2022-01-14T22:44:00 999.0 34.4 44.5
2022-01-14T22:45:00 999.0 33.9 46.0
2022-01-14T22:46:00 999.0 33.8 46.8
2022-01-14T22:47:00 999.0 33.6 47.4
2022-01-14T22:48:00 999.1 33.6 47.6
2022-01-14T22:49:00 999.1 33.7 47.9
2022-01-14T22:50:00 999.1 33.6 48.0
2022-01-14T22:51:00 999.1 33.6 48.0
2022-01-14T22:52:00 999.1 33.5 47.8
2022-01-14T22:53:00 999.1 33.5 47.5
2022-01-14T22:54:00 999.1 33.5 47.0
2022-01-14T22:55:00 999.1 33.6 47.2
2022-01-14T22:56:00 999.1 33.5 47.4
2022-01-14T22:57:00 999.1 33.5 46.8
2022-01-14T22:58:00 999.1 33.5 47.4
2022-01-14T22:59:00 999.1 33.4 47.7
2022-01-14T23:00:00 999.2 33.4 47.8
2022-01-14T23:01:00 999.2 33.4 47.8
2022-01-14T23:02:00 999.2 33.3 47.9
2022-01-14T23:03:00 999.2 33.1 48.3
2022-01-14T23:04:00 999.2 32.9 48.5
2022-01-14T23:05:00 999.2 32.8 48.9
2022-01-14T23:06:00 999.2 32.7 49.1
2022-01-14T23:07:00 999.2 32.6 49.4
2022-01-14T23:08:00 999.2 32.6 49.3
2022-01-14T23:09:00 999.2 32.6 49.2
2022-01-14T23:10:00 999.2 32.5 49.3
2022-01-14T23:11:00 999.2 32.5 49.4
2022-01-14T23:12:00 999.3 32.5 49.7
2022-01-14T23:13:00 999.3 32.4 49.9
2022-01-14T23:14:00 999.3 32.4 50.1
2022-01-14T23:15:00 999.3 32.3 50.3
2022-01-14T23:16:00 999.3 32.1 50.8
2022-01-14T23:17:00 999.3 32.1 51.0
2022-01-14T23:18:00 999.3 32.1 51.0
2022-01-14T23:19:00 999.3 32.1 51.0
2022-01-14T23:20:00 999.3 32.1 50.9
2022-01-14T23:21:00 999.3 32.1 50.8
2022-01-14T23:22:00 999.3 32.0 50.9
2022-01-14T23:23:00 999.4 32.1 50.7
2022-01-14T23:24:00 999.3 32.1 50.7
2022-01-14T23:25:00 999.4 32.1 50.7
2022-01-14T23:26:00 999.4 32.0 50.6
2022-01-14T23:27:00 999.4 32.0 50.7
2022-01-14T23:28:00 999.4 32.0 50.8
2022-01-14T23:29:00 999.4 31.9 51.0
2022-01-14T23:30:00 999.3 31.9 51.0
2022-01-14T23:31:00 999.3 31.8 51.2
2022-01-14T23:32:00 999.3 31.8 51.3
2022-01-14T23:33:00 999.3 31.8 51.3
2022-01-14T23:34:00 999.3 31.8 51.4
2022-01-14T23:35:00 999.3 31.8 51.2
2022-01-14T23:36:00 999.3 31.8 51.1
2022-01-14T23:37:00 999.3 31.9 50.9
2022-01-14T23:38:00 999.4 31.8 51.1
2022-01-14T23:39:00 999.4 31.8 51.1
2022-01-14T23:40:00 999.4 31.7 51.3
2022-01-14T23:41:00 999.4 31.7 51.2
2022-01-14T23:42:00 999.4 31.8 51.0
2022-01-14T23:43:00 999.4 31.7 51.2
2022-01-14T23:44:00 999.4 31.7 51.4
2022-01-14T23:45:00 999.4 31.7 51.4
2022-01-14T23:46:00 999.4 31.6 51.5
2022-01-14T23:47:00 999.4 31.6 51.5
2022-01-14T23:48:00 999.4 31.6 51.7
2022-01-14T23:49:00 999.4 31.6 51.5
2022-01-14T23:50:00 999.4 31.6 51.5
2022-01-14T23:51:00 999.4 31.6 51.5
2022-01-14T23:52:00 999.4 31.6 51.5
2022-01-14T23:53:00 999.4 31.6 51.6
2022-01-14T23:54:00 999.4 31.6 51.6
2022-01-14T23:55:00 999.4 31.6 51.6
2022-01-14T23:56:00 999.5 31.5 51.8
2022-01-14T23:57:00 999.5 31.5 51.8
2022-01-14T23:58:00 999.5 31.5 51.8
2022-01-14T23:59:00 999.5 31.5 51.9
