2022-01-14T00:00:00 1015.2 27.0 79.2
2022-01-14T00:01:00 1015.2 26.9 79.4
2022-01-14T00:02:00 1015.2 26.9 79.3
2022-01-14T00:03:00 1015.2 26.9 79.2
2022-01-14T00:04:00 1015.2 26.9 79.1
2022-01-14T00:05:00 1015.2 27.0 78.9
2022-01-14T00:06:00 1015.3 27.0 78.8
2022-01-14T00:07:00 1015.3 27.0 78.5
2022-01-14T00:08:00 1015.3 27.0 78.5
2022-01-14T00:09:00 1015.3 27.0 78.7
2022-01-14T00:10:00 1015.3 26.9 78.9
2022-01-14T00:11:00 1015.3 26.9 79.0
2022-01-14T00:12:00 1015.3 26.9 79.0
2022-01-14T00:13:00 1015.3 26.9 79.0
2022-01-14T00:14:00 1015.3 26.9 79.0
2022-01-14T00:15:00 1015.3 26.9 78.8
2022-01-14T00:16:00 1015.3 26.9 78.8
2022-01-14T00:17:00 1015.4 26.9 78.7
2022-01-14T00:18:00 1015.4 26.9 78.7
2022-01-14T00:19:00 1015.4 26.9 78.5
2022-01-14T00:20:00 1015.4 26.9 78.3
2022-01-14T00:21:00 1015.4 26.9 78.4
2022-01-14T00:22:00 1015.4 26.9 78.2
2022-01-14T00:23:00 1015.4 26.9 78.0
2022-01-14T00:24:00 1015.4 26.9 78.0
2022-01-14T00:25:00 1015.4 27.0 78.1
2022-01-14T00:26:00 1015.4 27.0 78.1
2022-01-14T00:27:00 1015.5 26.9 78.3
2022-01-14T00:28:00 1015.5 27.0 78.3
2022-01-14T00:29:00 1015.5 27.0 78.2
2022-01-14T00:30:00 1015.4 27.0 78.4
2022-01-14T00:31:00 1015.5 27.0 78.3
2022-01-14T00:32:00 1015.4 27.0 78.2
2022-01-14T00:33:00 1015.5 27.0 78.3
2022-01-14T00:34:00 1015.4 27.0 78.2
2022-01-14T00:35:00 1015.5 26.9 78.7
2022-01-14T00:36:00 1015.4 27.0 78.7
2022-01-14T00:37:00 1015.4 26.9 78.6
2022-01-14T00:38:00 1015.5 26.9 78.7
2022-01-14T00:39:00 1015.5 27.0 78.7
2022-01-14T00:40:00 1015.5 27.0 78.7
2022-01-14T00:41:00 1015.5 27.0 78.6
2022-01-14T00:42:00 1015.5 27.0 78.5
2022-01-14T00:43:00 1015.5 27.0 78.1
2022-01-14T00:44:00 1015.5 27.1 78.1
2022-01-14T00:45:00 1015.5 27.0 78.3
2022-01-14T00:46:00 1015.5 27.0 78.4
2022-01-14T00:47:00 1015.5 27.0 78.3
2022-01-14T00:48:00 1015.5 27.1 78.3
2022-01-14T00:49:00 1015.5 27.1 78.3
2022-01-14T00:50:00 1015.5 27.1 78.2
2022-01-14T00:51:00 1015.5 27.1 78.5
2022-01-14T00:52:00 1015.5 27.1 78.7
2022-01-14T00:53:00 1015.5 27.1 78.8
2022-01-14T00:54:00 1015.5 27.1 78.8
2022-01-14T00:55:00 1015.5 27.1 79.1
2022-01-14T00:56:00 1015.5 27.1 79.3
2022-01-14T00:57:00 1015.5 27.2 79.8
2022-01-14T00:58:00 1015.5 27.1 79.9
2022-01-14T00:59:00 1015.5 27.1 80.0
2022-01-14T01:00:00 1015.5 27.1 80.2
2022-01-14T01:01:00 1015.5 27.1 80.3
2022-01-14T01:02:00 1015.5 27.1 80.4
2022-01-14T01:03:00 1015.5 27.0 80.6
2022-01-14T01:04:00 1015.5 27.0 80.6
2022-01-14T01:05:00 1015.5 27.0 80.8
2022-01-14T01:06:00 1015.5 27.0 81.0
2022-01-14T01:07:00 1015.5 26.9 81.1
2022-01-14T01:08:00 1015.5 26.9 81.2
2022-01-14T01:09:00 1015.5 26.9 81.2
2022-01-14T01:10:00 1015.5 26.9 81.2
2022-01-14T01:11:00 1015.5 26.8 81.1
2022-01-14T01:12:00 1015.5 26.8 81.1
2022-01-14T01:13:00 1015.4 26.8 81.3
2022-01-14T01:14:00 1015.5 26.8 81.4
2022-01-14T01:15:00 1015.4 26.7 81.7
2022-01-14T01:16:00 1015.4 26.7 81.8
2022-01-14T01:17:00 1015.4 26.7 81.8
2022-01-14T01:18:00 1015.4 26.7 81.8
2022-01-14T01:19:00 1015.4 26.6 81.8
2022-01-14T01:20:00 1015.4 26.6 81.9
2022-01-14T01:21:00 1015.4 26.6 81.9
2022-01-14T01:22:00 1015.4 26.6 81.9
2022-01-14T01:23:00 1015.4 26.6 82.0
2022-01-14T01:24:00 1015.4 26.6 82.1
2022-01-14T01:25:00 1015.4 26.6 82.0
2022-01-14T01:26:00 1015.4 26.6 82.1
2022-01-14T01:27:00 1015.4 26.6 82.0
2022-01-14T01:28:00 1015.4 26.7 81.8
2022-01-14T01:29:00 1015.4 26.6 81.8
2022-01-14T01:30:00 1015.4 26.6 81.9
2022-01-14T01:31:00 1015.4 26.6 81.9
2022-01-14T01:32:00 1015.3 26.6 81.8
2022-01-14T01:33:00 1015.3 26.6 82.0
2022-01-14T01:34:00 1015.3 26.6 82.1
2022-01-14T01:35:00 1015.3 26.6 82.1
2022-01-14T01:36:00 1015.3 26.6 82.1
2022-01-14T01:37:00 1015.3 26.6 81.9
2022-01-14T01:38:00 1015.3 26.6 81.8
2022-01-14T01:39:00 1015.3 26.6 81.9
2022-01-14T01:40:00 1015.3 26.6 82.0
2022-01-14T01:41:00 1015.3 26.6 82.0
2022-01-14T01:42:00 1015.3 26.6 82.3
2022-01-14T01:43:00 1015.2 26.6 82.5
2022-01-14T01:44:00 1015.3 26.6 82.3
2022-01-14T01:45:00 1015.3 26.6 82.3
2022-01-14T01:46:00 1015.3 26.6 82.1
2022-01-14T01:47:00 1015.3 26.6 82.0
2022-01-14T01:48:00 1015.2 26.6 81.8
2022-01-14T01:49:00 1015.2 26.7 81.4
2022-01-14T01:50:00 1015.2 26.7 81.3
2022-01-14T01:51:00 1015.2 26.7 81.6
2022-01-14T01:52:00 1015.2 26.6 81.6
2022-01-14T01:53:00 1015.1 26.6 81.7
2022-01-14T01:54:00 1015.1 26.6 81.7
2022-01-14T01:55:00 1015.1 26.6 81.8
2022-01-14T01:56:00 1015.1 26.6 82.1
2022-01-14T01:57:00 1015.1 26.6 82.0
2022-01-14T01:58:00 1015.1 26.6 81.7
2022-01-14T01:59:00 1015.1 26.6 81.5
2022-01-14T02:00:00 1015.1 26.6 81.3
2022-01-14T02:01:00 1015.1 26.6 81.4
2022-01-14T02:02:00 1015.1 26.6 81.4
2022-01-14T02:03:00 1015.1 26.5 81.6
2022-01-14T02:04:00 1015.1 26.6 81.5
2022-01-14T02:05:00 1015.1 26.6 81.5
2022-01-14T02:06:00 1015.1 26.5 81.8
2022-01-14T02:07:00 1015.1 26.5 81.8
2022-01-14T02:08:00 1015.1 26.6 81.7
2022-01-14T02:09:00 1015.1 26.6 81.6
2022-01-14T02:10:00 1015.1 26.6 81.5
2022-01-14T02:11:00 1015.1 26.6 81.6
2022-01-14T02:12:00 1015.1 26.6 81.4
2022-01-14T02:13:00 1015.1 26.6 81.4
2022-01-14T02:14:00 1015.1 26.6 81.3
2022-01-14T02:15:00 1015.1 26.6 81.4
2022-01-14T02:16:00 1015.1 26.6 81.4
2022-01-14T02:17:00 1015.1 26.6 81.6
2022-01-14T02:18:00 1015.1 26.6 81.3
2022-01-14T02:19:00 1015.1 26.6 81.3
2022-01-14T02:20:00 1015.1 26.6 81.3
2022-01-14T02:21:00 1015.0 26.5 81.5
2022-01-14T02:22:00 1015.0 26.5 81.6
2022-01-14T02:23:00 1015.0 26.5 81.6
2022-01-14T02:24:00 1015.0 26.5 81.4
2022-01-14T02:25:00 1015.0 26.6 81.3
2022-01-14T02:26:00 1015.0 26.6 81.3
2022-01-14T02:27:00 1015.0 26.6 81.3
2022-01-14T02:28:00 1015.0 26.6 81.4
2022-01-14T02:29:00 1014.9 26.6 81.5
2022-01-14T02:30:00 1014.9 26.6 81.4
2022-01-14T02:31:00 1014.9 26.6 81.4
2022-01-14T02:32:00 1014.9 26.6 81.4
2022-01-14T02:33:00 1014.9 26.6 81.0
2022-01-14T02:34:00 1014.8 26.6 80.8
2022-01-14T02:35:00 1014.8 26.6 80.8
2022-01-14T02:36:00 1014.8 26.6 80.9
2022-01-14T02:37:00 1014.8 26.5 80.9
2022-01-14T02:38:00 1014.8 26.6 81.0
2022-01-14T02:39:00 1014.8 26.5 81.0
2022-01-14T02:40:00 1014.8 26.5 81.0
2022-01-14T02:41:00 1014.8 26.5 80.9
2022-01-14T02:42:00 1014.7 26.5 81.2
2022-01-14T02:43:00 1014.7 26.4 81.4
2022-01-14T02:44:00 1014.7 26.5 81.3
2022-01-14T02:45:00 1014.7 26.4 81.5
2022-01-14T02:46:00 1014.7 26.4 81.7
2022-01-14T02:47:00 1014.7 26.3 81.8
2022-01-14T02:48:00 1014.6 26.3 81.8
2022-01-14T02:49:00 1014.6 26.3 81.8
2022-01-14T02:50:00 1014.6 26.2 82.1
2022-01-14T02:51:00 1014.6 26.2 82.2
2022-01-14T02:52:00 1014.6 26.2 82.3
2022-01-14T02:53:00 1014.6 26.2 82.4
2022-01-14T02:54:00 1014.5 26.2 82.4
2022-01-14T02:56:00 1014.5 26.3 82.2
2022-01-14T02:57:00 1014.5 26.3 82.3
2022-01-14T02:58:00 1014.5 26.2 82.4
2022-01-14T02:59:00 1014.5 26.2 82.7
2022-01-14T03:00:00 1014.5 26.2 82.8
2022-01-14T03:01:00 1014.4 26.2 82.9
2022-01-14T03:02:00 1014.4 26.2 83.0
2022-01-14T03:03:00 1014.4 26.2 82.8
2022-01-14T03:04:00 1014.4 26.2 82.3
2022-01-14T03:05:00 1014.4 26.2 82.2
2022-01-14T03:06:00 1014.4 26.3 81.7
2022-01-14T03:07:00 1014.3 26.3 81.8
2022-01-14T03:08:00 1014.3 26.3 81.7
2022-01-14T03:09:00 1014.3 26.3 81.6
2022-01-14T03:10:00 1014.3 26.3 81.5
2022-01-14T03:11:00 1014.3 26.3 81.4
2022-01-14T03:12:00 1014.3 26.3 81.5
2022-01-14T03:13:00 1014.3 26.3 81.7
2022-01-14T03:14:00 1014.3 26.2 81.8
2022-01-14T03:15:00 1014.3 26.2 82.1
2022-01-14T03:16:00 1014.2 26.1 82.5
2022-01-14T03:17:00 1014.2 26.1 82.7
2022-01-14T03:18:00 1014.2 26.1 82.8
2022-01-14T03:19:00 1014.2 26.1 82.6
2022-01-14T03:20:00 1014.1 26.1 82.9
2022-01-14T03:21:00 1014.1 26.1 82.3
2022-01-14T03:22:00 1014.1 26.1 82.4
2022-01-14T03:23:00 1014.1 26.1 82.0
2022-01-14T03:24:00 1014.1 26.1 82.0
2022-01-14T03:25:00 1014.1 26.1 81.8
2022-01-14T03:26:00 1014.1 26.1 81.9
2022-01-14T03:27:00 1014.1 26.1 82.2
2022-01-14T03:28:00 1014.1 26.2 81.7
2022-01-14T03:29:00 1014.1 26.1 81.7
2022-01-14T03:30:00 1014.1 26.0 82.3
2022-01-14T03:31:00 1014.1 26.1 82.1
2022-01-14T03:32:00 1014.0 26.0 82.2
2022-01-14T03:33:00 1014.0 26.0 82.1
2022-01-14T03:34:00 1014.0 25.9 82.6
2022-01-14T03:35:00 1014.0 25.9 83.0
2022-01-14T03:36:00 1014.0 25.9 82.7
2022-01-14T03:37:00 1014.0 26.0 82.6
2022-01-14T03:38:00 1014.0 26.0 82.7
2022-01-14T03:39:00 1014.0 26.0 82.5
2022-01-14T03:40:00 1014.0 25.9 82.6
2022-01-14T03:41:00 1014.0 25.9 82.9
2022-01-14T03:42:00 1014.0 25.9 82.5
2022-01-14T03:43:00 1014.0 25.9 83.1
2022-01-14T03:44:00 1014.0 25.9 83.0
2022-01-14T03:45:00 1014.1 25.9 83.1
2022-01-14T03:46:00 1014.0 26.0 82.7
2022-01-14T03:47:00 1014.0 26.0 82.3
2022-01-14T03:48:00 1014.0 26.0 82.4
2022-01-14T03:49:00 1014.0 25.9 82.4
2022-01-14T03:50:00 1014.0 25.9 82.7
2022-01-14T03:51:00 1014.0 25.9 82.7
2022-01-14T03:52:00 1014.0 25.9 82.6
2022-01-14T03:53:00 1014.0 26.0 82.3
2022-01-14T03:54:00 1014.0 26.0 82.2
2022-01-14T03:55:00 1014.0 26.0 82.3
2022-01-14T03:56:00 1014.0 26.0 82.1
2022-01-14T03:57:00 1014.0 25.9 82.1
2022-01-14T03:58:00 1014.0 25.8 82.4
2022-01-14T03:59:00 1014.0 25.8 82.8
2022-01-14T04:00:00 1014.0 25.8 82.8
2022-01-14T04:01:00 1014.0 25.8 82.5
2022-01-14T04:02:00 1014.0 25.9 82.3
2022-01-14T04:03:00 1014.0 25.9 82.1
2022-01-14T04:04:00 1014.0 25.9 82.0
2022-01-14T04:05:00 1014.0 25.9 82.1
2022-01-14T04:06:00 1014.0 26.0 82.1
2022-01-14T04:07:00 1014.0 26.0 82.1
2022-01-14T04:08:00 1014.0 25.9 81.9
2022-01-14T04:09:00 1014.0 25.9 82.3
2022-01-14T04:10:00 1013.9 25.8 82.4
2022-01-14T04:11:00 1013.9 25.8 82.3
2022-01-14T04:12:00 1013.9 25.9 82.0
2022-01-14T04:13:00 1013.9 25.9 81.8
2022-01-14T04:14:00 1013.9 25.9 81.7
2022-01-14T04:15:00 1013.9 26.0 81.3
2022-01-14T04:16:00 1013.8 26.0 81.4
2022-01-14T04:17:00 1013.8 25.9 81.5
2022-01-14T04:18:00 1013.8 25.9 81.7
2022-01-14T04:19:00 1013.8 25.9 81.7
2022-01-14T04:20:00 1013.8 25.9 81.6
2022-01-14T04:21:00 1013.8 25.9 81.8
2022-01-14T04:22:00 1013.8 25.9 81.9
2022-01-14T04:23:00 1013.8 25.8 82.0
2022-01-14T04:24:00 1013.8 25.8 82.2
2022-01-14T04:25:00 1013.8 25.7 82.5
2022-01-14T04:26:00 1013.8 25.8 82.5
2022-01-14T04:27:00 1013.8 25.8 82.4
2022-01-14T04:28:00 1013.8 25.7 82.0
2022-01-14T04:29:00 1013.8 25.6 82.7
2022-01-14T04:30:00 1013.8 25.6 82.6
2022-01-14T04:31:00 1013.8 25.6 83.3
2022-01-14T04:32:00 1013.8 25.7 83.0
2022-01-14T04:33:00 1013.8 25.8 82.8
2022-01-14T04:34:00 1013.8 25.8 82.6
2022-01-14T04:35:00 1013.8 25.7 82.8
2022-01-14T04:36:00 1013.8 25.6 83.2
2022-01-14T04:37:00 1013.8 25.7 83.0
2022-01-14T04:38:00 1013.8 25.8 82.5
2022-01-14T04:39:00 -9999.9 -9999.9 82.2
2022-01-14T04:40:00 1013.8 25.8 82.4
2022-01-14T04:41:00 1013.8 25.7 82.7
2022-01-14T04:42:00 1013.8 25.7 82.8
2022-01-14T04:43:00 1013.8 25.8 82.9
2022-01-14T04:44:00 1013.8 25.7 82.9
2022-01-14T04:45:00 1013.8 25.7 83.1
2022-01-14T04:46:00 1013.8 25.7 83.0
2022-01-14T04:47:00 1013.8 25.6 83.0
2022-01-14T04:48:00 1013.7 25.6 83.4
2022-01-14T04:49:00 1013.7 25.7 83.2
2022-01-14T04:50:00 1013.7 25.7 83.0
2022-01-14T04:51:00 1013.7 25.6 83.3
2022-01-14T04:52:00 1013.7 25.6 83.3
2022-01-14T04:53:00 1013.7 25.5 83.8
2022-01-14T04:54:00 1013.7 25.4 84.5
2022-01-14T04:55:00 1013.7 25.4 84.3
2022-01-14T04:56:00 1013.7 25.5 84.2
2022-01-14T04:57:00 1013.7 25.5 83.8
2022-01-14T04:58:00 1013.7 25.6 83.7
2022-01-14T04:59:00 1013.7 25.6 83.5
2022-01-14T05:00:00 1013.7 25.6 83.6
2022-01-14T05:01:00 1013.7 25.6 83.8
2022-01-14T05:02:00 1013.7 25.6 84.0
2022-01-14T05:03:00 1013.7 25.6 83.4
2022-01-14T05:04:00 1013.6 25.7 83.6
2022-01-14T05:05:00 1013.6 25.6 83.7
2022-01-14T05:06:00 1013.7 25.6 83.6
2022-01-14T05:07:00 1013.7 25.6 83.9
2022-01-14T05:08:00 1013.7 25.6 84.0
2022-01-14T05:09:00 1013.6 25.4 83.6
2022-01-14T05:10:00 1013.6 25.4 84.7
2022-01-14T05:11:00 1013.6 25.4 84.3
2022-01-14T05:12:00 1013.6 25.4 84.3
2022-01-14T05:13:00 1013.6 25.5 84.4
2022-01-14T05:14:00 1013.6 25.5 84.1
2022-01-14T05:15:00 1013.6 25.5 83.8
2022-01-14T05:16:00 1013.6 25.4 83.8
2022-01-14T05:17:00 1013.6 25.3 84.4
2022-01-14T05:18:00 1013.6 25.2 84.6
2022-01-14T05:19:00 1013.6 25.2 85.0
2022-01-14T05:20:00 1013.6 25.2 84.8
2022-01-14T05:21:00 1013.6 25.3 85.1
2022-01-14T05:22:00 1013.7 25.3 85.0
2022-01-14T05:23:00 1013.7 25.2 84.7
2022-01-14T05:24:00 1013.7 25.1 85.2
2022-01-14T05:25:00 1013.7 25.2 85.2
2022-01-14T05:26:00 1013.7 25.1 85.1
2022-01-14T05:27:00 1013.7 25.1 85.3
2022-01-14T05:28:00 1013.7 25.0 85.8
2022-01-14T05:29:00 1013.7 24.9 85.8
2022-01-14T05:30:00 1013.7 24.9 86.0
2022-01-14T05:31:00 1013.7 24.9 86.0
2022-01-14T05:32:00 1013.7 24.9 86.0
2022-01-14T05:33:00 1013.7 24.9 85.6
2022-01-14T05:34:00 1013.6 24.9 85.6
2022-01-14T05:35:00 1013.6 24.9 86.1
2022-01-14T05:36:00 1013.6 24.9 86.2
2022-01-14T05:37:00 1013.6 24.9 86.0
2022-01-14T05:38:00 1013.6 24.8 86.1
2022-01-14T05:39:00 1013.6 24.8 87.0
2022-01-14T05:40:00 1013.6 25.0 86.2
2022-01-14T05:41:00 1013.6 25.0 85.7
2022-01-14T05:42:00 1013.6 24.9 85.7
2022-01-14T05:43:00 1013.6 24.9 86.2
2022-01-14T05:44:00 1013.6 24.9 85.7
2022-01-14T05:45:00 1013.6 24.8 86.3
2022-01-14T05:46:00 1013.6 24.7 86.8
2022-01-14T05:47:00 1013.6 24.7 87.5
2022-01-14T05:48:00 1013.6 24.9 87.2
2022-01-14T05:49:00 1013.6 24.9 86.6
2022-01-14T05:50:00 1013.6 24.9 86.2
2022-01-14T05:51:00 1013.7 24.8 86.9
2022-01-14T05:52:00 1013.7 24.8 86.8
2022-01-14T05:53:00 1013.7 24.8 86.8
2022-01-14T05:54:00 1013.7 24.8 87.4
2022-01-14T05:55:00 1013.7 24.8 87.2
2022-01-14T05:56:00 1013.6 24.8 87.2
2022-01-14T05:57:00 1013.6 24.8 87.3
2022-01-14T05:58:00 1013.6 24.7 87.5
2022-01-14T05:59:00 1013.6 24.7 87.6
2022-01-14T06:00:00 1013.7 24.8 87.7
2022-01-14T06:01:00 1013.7 24.8 87.5
2022-01-14T06:02:00 1013.7 24.8 87.3
2022-01-14T06:03:00 1013.7 24.8 87.2
2022-01-14T06:04:00 1013.6 24.8 86.9
2022-01-14T06:05:00 1013.6 24.8 87.2
2022-01-14T06:06:00 1013.6 24.8 87.0
2022-01-14T06:07:00 1013.6 24.8 87.3
2022-01-14T06:08:00 1013.6 24.7 87.0
2022-01-14T06:09:00 1013.6 24.7 87.5
2022-01-14T06:10:00 1013.6 24.7 87.2
2022-01-14T06:11:00 1013.6 24.6 87.2
2022-01-14T06:12:00 1013.6 24.6 87.6
2022-01-14T06:13:00 1013.6 24.7 87.7
2022-01-14T06:14:00 1013.6 24.7 87.3
2022-01-14T06:15:00 1013.6 24.7 87.6
2022-01-14T06:16:00 1013.6 24.8 87.5
2022-01-14T06:17:00 1013.6 24.8 87.2
2022-01-14T06:18:00 1013.6 24.9 87.6
2022-01-14T06:19:00 1013.6 24.9 87.2
2022-01-14T06:20:00 1013.6 24.9 87.3
2022-01-14T06:21:00 1013.6 24.9 87.1
2022-01-14T06:22:00 1013.6 24.9 86.8
2022-01-14T06:23:00 1013.6 24.9 86.8
2022-01-14T06:24:00 1013.6 24.9 87.0
2022-01-14T06:25:00 1013.6 24.8 86.9
2022-01-14T06:26:00 1013.6 24.8 87.2
2022-01-14T06:27:00 1013.7 24.9 87.0
2022-01-14T06:28:00 1013.7 24.9 86.9
2022-01-14T06:29:00 1013.7 24.9 86.7
2022-01-14T06:30:00 1013.7 24.8 86.7
2022-01-14T06:31:00 1013.7 24.7 86.8
2022-01-14T06:32:00 1013.7 24.7 86.9
2022-01-14T06:33:00 1013.7 24.6 87.3
2022-01-14T06:34:00 1013.7 24.6 88.0
2022-01-14T06:35:00 1013.7 24.7 87.8
2022-01-14T06:36:00 1013.7 24.7 87.8
2022-01-14T06:37:00 1013.8 24.8 87.7
2022-01-14T06:38:00 1013.8 24.8 87.5
2022-01-14T06:39:00 1013.8 24.8 87.4
2022-01-14T06:40:00 1013.8 24.8 87.5
2022-01-14T06:41:00 1013.8 24.8 87.2
2022-01-14T06:42:00 1013.8 24.7 87.5
2022-01-14T06:43:00 1013.8 24.6 87.9
2022-01-14T06:44:00 1013.8 24.6 87.8
2022-01-14T06:45:00 1013.8 24.6 87.9
2022-01-14T06:46:00 1013.8 24.6 87.9
2022-01-14T06:47:00 1013.8 24.6 88.5
2022-01-14T06:48:00 1013.8 24.7 88.3
2022-01-14T06:49:00 1013.8 24.7 88.4
2022-01-14T06:50:00 1013.9 24.7 8817.0
2022-01-14T06:51:00 1013.9 24.8 88.3
2022-01-14T06:52:00 1013.9 24.8 87.9
2022-01-14T06:53:00 1013.9 24.8 87.7
2022-01-14T06:54:00 1013.9 24.9 87.7
2022-01-14T06:55:00 1013.9 24.9 87.4
2022-01-14T06:56:00 1013.9 24.9 87.5
2022-01-14T06:57:00 1014.0 24.9 87.4
2022-01-14T06:58:00 1014.0 24.9 87.4
2022-01-14T06:59:00 1014.0 25.0 87.2
2022-01-14T07:00:00 1014.0 25.0 87.1
2022-01-14T07:01:00 1014.0 25.0 87.1
2022-01-14T07:02:00 1014.0 25.0 87.3
2022-01-14T07:03:00 1014.0 25.0 87.2
2022-01-14T07:04:00 1014.0 25.0 87.2
2022-01-14T07:05:00 1014.0 25.0 87.3
2022-01-14T07:06:00 1014.0 25.0 87.3
2022-01-14T07:07:00 1014.0 25.0 87.6
2022-01-14T07:08:00 1014.0 24.9 87.6
2022-01-14T07:09:00 1014.1 24.9 87.9
2022-01-14T07:10:00 1014.1 24.9 87.8
2022-01-14T07:11:00 1014.1 24.9 87.9
2022-01-14T07:12:00 1014.1 24.9 88.1
2022-01-14T07:13:00 1014.1 24.9 88.4
2022-01-14T07:14:00 1014.2 24.9 88.5
2022-01-14T07:15:00 1014.2 24.8 88.3
2022-01-14T07:16:00 1014.2 24.8 88.5
2022-01-14T07:17:00 1014.2 24.8 88.7
2022-01-14T07:18:00 1014.2 24.7 88.7
2022-01-14T07:19:00 1014.2 24.7 89.0
2022-01-14T07:20:00 1014.2 24.7 89.1
2022-01-14T07:21:00 1014.2 24.7 89.1
2022-01-14T07:22:00 1014.2 24.6 89.4
2022-01-14T07:23:00 1014.2 24.6 89.6
2022-01-14T07:24:00 1014.3 24.6 89.3
2022-01-14T07:25:00 1014.3 24.5 89.7
2022-01-14T07:26:00 1014.3 24.5 89.8
2022-01-14T07:27:00 1014.3 24.5 90.0
2022-01-14T07:28:00 1014.3 24.5 90.0
2022-01-14T07:29:00 1014.3 24.5 89.9
2022-01-14T07:30:00 1014.3 24.5 89.7
2022-01-14T07:31:00 1014.3 24.5 90.2
2022-01-14T07:32:00 1014.3 24.5 90.2
2022-01-14T07:33:00 1014.4 24.5 90.5
2022-01-14T07:34:00 1014.4 24.4 90.3
2022-01-14T07:35:00 1014.4 24.5 90.6
2022-01-14T07:36:00 1014.4 24.4 90.3
2022-01-14T07:37:00 1014.4 24.4 90.4
2022-01-14T07:38:00 1014.4 24.4 90.5
2022-01-14T07:39:00 1014.4 24.4 90.5
2022-01-14T07:40:00 1014.4 24.4 90.8
2022-01-14T07:41:00 1014.4 24.4 90.7
2022-01-14T07:42:00 1014.4 24.4 90.4
2022-01-14T07:43:00 1014.4 24.3 90.4
2022-01-14T07:44:00 1014.4 24.2 90.4
2022-01-14T07:45:00 1014.4 24.3 91.2
2022-01-14T07:46:00 1014.4 24.3 91.6
2022-01-14T07:47:00 1014.4 24.2 91.3
2022-01-14T07:48:00 1014.4 24.2 91.4
2022-01-14T07:49:00 1014.4 24.2 91.2
2022-01-14T07:50:00 1014.5 24.1 91.8
2022-01-14T07:51:00 1014.5 24.1 91.5
2022-01-14T07:52:00 1014.5 24.1 91.5
2022-01-14T07:53:00 1014.5 24.1 91.5
2022-01-14T07:54:00 1014.5 24.1 91.5
2022-01-14T07:55:00 1014.5 24.1 91.5
2022-01-14T07:56:00 1014.5 24.0 91.6
2022-01-14T07:57:00 1014.5 24.0 91.5
2022-01-14T07:58:00 1014.5 24.1 91.9
2022-01-14T07:59:00 1014.5 24.0 91.5
2022-01-14T08:00:00 1014.5 23.9 91.7
2022-01-14T08:01:00 1014.5 23.9 91.7
2022-01-14T08:02:00 1014.5 24.0 92.1
2022-01-14T08:03:00 1014.6 23.9 91.6
2022-01-14T08:04:00 1014.6 24.0 92.0
2022-01-14T08:05:00 1014.6 24.0 91.8
2022-01-14T08:06:00 1014.6 24.0 91.5
2022-01-14T08:07:00 1014.6 24.0 91.3
2022-01-14T08:08:00 1014.6 24.0 91.4
2022-01-14T08:09:00 1014.6 24.0 91.4
2022-01-14T08:10:00 1014.6 24.0 91.4
2022-01-14T08:11:00 1014.6 24.0 91.3
2022-01-14T08:12:00 1014.7 24.0 91.5
2022-01-14T08:13:00 1014.7 24.1 91.1
2022-01-14T08:14:00 1014.7 24.1 91.1
2022-01-14T08:15:00 1014.7 24.1 91.0
2022-01-14T08:16:00 1014.7 24.1 90.7
2022-01-14T08:17:00 1014.7 24.1 90.6
2022-01-14T08:18:00 1014.7 24.1 90.8
2022-01-14T08:19:00 1014.7 24.1 90.9
2022-01-14T08:20:00 1014.7 24.1 90.9
2022-01-14T08:21:00 1014.7 24.1 90.8
2022-01-14T08:22:00 1014.7 24.1 90.9
2022-01-14T08:23:00 1014.7 24.1 90.5
2022-01-14T08:24:00 1014.7 24.1 90.5
2022-01-14T08:25:00 1014.7 24.1 90.6
2022-01-14T08:26:00 1014.7 24.1 90.6
2022-01-14T08:27:00 1014.7 24.1 90.7
2022-01-14T08:28:00 1014.7 24.1 90.5
2022-01-14T08:29:00 1014.7 24.1 90.6
2022-01-14T08:30:00 1014.7 24.1 90.5
2022-01-14T08:31:00 1014.7 24.1 90.3
2022-01-14T08:32:00 1014.7 24.1 90.5
2022-01-14T08:33:00 1014.7 24.1 90.4
2022-01-14T08:34:00 1014.8 24.2 90.2
2022-01-14T08:35:00 1014.8 24.2 90.3
2022-01-14T08:36:00 1014.8 24.3 90.0
2022-01-14T08:37:00 1014.8 24.3 90.0
2022-01-14T08:38:00 1014.8 24.4 89.7
2022-01-14T08:39:00 1014.8 24.4 89.5
2022-01-14T08:40:00 1014.8 24.5 89.3
2022-01-14T08:41:00 1014.8 24.5 88.9
2022-01-14T08:42:00 1014.8 24.6 88.7
2022-01-14T08:43:00 1014.9 24.6 88.6
2022-01-14T08:44:00 1014.9 24.6 88.6
2022-01-14T08:45:00 1014.9 24.5 88.7
2022-01-14T08:46:00 1014.9 24.6 88.7
2022-01-14T08:47:00 1014.9 24.5 88.8
2022-01-14T08:48:00 1014.9 24.6 88.7
2022-01-14T08:49:00 1015.0 24.6 88.7
2022-01-14T08:50:00 1015.0 24.6 88.6
2022-01-14T08:51:00 1015.0 24.6 88.4
2022-01-14T08:52:00 1015.0 24.7 88.4
2022-01-14T08:53:00 1015.0 24.8 88.0
2022-01-14T08:54:00 1015.0 24.8 88.0
2022-01-14T08:55:00 1015.0 24.9 87.7
2022-01-14T08:56:00 1015.0 25.0 87.4
2022-01-14T08:57:00 1015.0 25.1 87.1
2022-01-14T08:58:00 1015.0 25.2 86.7
2022-01-14T08:59:00 1015.0 25.4 86.3
2022-01-14T09:00:00 1015.0 25.5 86.1
2022-01-14T09:01:00 1015.0 25.7 85.2
2022-01-14T09:02:00 1015.0 26.3 84.3
2022-01-14T09:03:00 1015.0 26.9 82.0
2022-01-14T09:04:00 1015.0 27.4 81.0
2022-01-14T09:05:00 1015.0 26.6 80.4
2022-01-14T09:06:00 1015.0 26.0 82.8
2022-01-14T09:07:00 1015.0 25.7 83.8
2022-01-14T09:08:00 1015.0 25.7 84.1
2022-01-14T09:09:00 1015.1 25.7 84.1
2022-01-14T09:10:00 1015.1 26.0 83.9
2022-01-14T09:11:00 1015.1 26.0 83.3
2022-01-14T09:12:00 1015.1 25.9 83.3
2022-01-14T09:13:00 1015.1 25.7 84.0
2022-01-14T09:14:00 1015.1 25.8 84.2
2022-01-14T09:15:00 1015.2 25.8 84.1
2022-01-14T09:16:00 1015.2 25.7 83.9
2022-01-14T09:17:00 1015.2 25.6 84.4
2022-01-14T09:18:00 1015.2 25.5 84.7
2022-01-14T09:19:00 1015.2 25.5 84.6
2022-01-14T09:20:00 1015.2 25.6 84.5
2022-01-14T09:21:00 1015.2 25.7 84.5
2022-01-14T09:22:00 1015.2 25.6 84.3
2022-01-14T09:23:00 1015.2 25.6 84.6
2022-01-14T09:24:00 1015.3 25.8 84.2
2022-01-14T09:25:00 1015.3 25.9 84.0
2022-01-14T09:26:00 1015.3 26.1 83.2
2022-01-14T09:27:00 1015.3 26.2 82.8
2022-01-14T09:28:00 1015.3 26.4 82.5
2022-01-14T09:29:00 1015.3 26.6 81.9
2022-01-14T09:30:00 1015.3 26.7 81.4
2022-01-14T09:31:00 1015.4 26.7 80.2
2022-01-14T09:32:00 1015.4 26.3 81.5
2022-01-14T09:33:00 1015.4 26.3 81.6
2022-01-14T09:34:00 1015.4 26.2 82.0
2022-01-14T09:35:00 1015.4 26.1 82.4
2022-01-14T09:36:00 1015.4 26.0 82.9
2022-01-14T09:37:00 1015.4 26.0 83.1
2022-01-14T09:38:00 1015.4 26.0 83.3
2022-01-14T09:39:00 1015.4 25.9 83.6
2022-01-14T09:40:00 1015.4 26.1 83.3
2022-01-14T09:41:00 1015.4 26.1 82.7
2022-01-14T09:42:00 1015.4 26.2 82.9
2022-01-14T09:43:00 1015.4 26.2 82.8
2022-01-14T09:44:00 1015.4 26.2 82.6
2022-01-14T09:45:00 1015.4 26.2 83.2
2022-01-14T09:46:00 1015.4 26.3 82.7
2022-01-14T09:47:00 1015.4 26.3 82.6
2022-01-14T09:48:00 1015.5 26.4 82.5
2022-01-14T09:49:00 1015.5 26.4 82.2
2022-01-14T09:50:00 1015.5 26.6 82.1
2022-01-14T09:51:00 1015.5 26.8 81.7
2022-01-14T09:52:00 1015.5 26.8 82.5
2022-01-14T09:53:00 1015.5 27.1 82.3
2022-01-14T09:54:00 1015.6 27.1 80.3
2022-01-14T09:55:00 1015.6 26.9 81.1
2022-01-14T09:56:00 1015.6 26.9 80.5
2022-01-14T09:57:00 1015.6 27.6 80.5
2022-01-14T09:58:00 1015.7 28.0 78.8
2022-01-14T09:59:00 1015.7 28.1 77.7
2022-01-14T10:00:00 1015.7 27.9 77.9
2022-01-14T10:01:00 1015.7 27.6 79.3
2022-01-14T10:02:00 1015.7 27.4 81.8
2022-01-14T10:03:00 1015.7 27.8 81.4
2022-01-14T10:04:00 1015.7 28.1 78.3
2022-01-14T10:05:00 1015.7 27.9 79.4
2022-01-14T10:06:00 1015.7 28.0 79.2
2022-01-14T10:07:00 1015.7 28.0 78.4
2022-01-14T10:08:00 1015.7 27.7 77.8
2022-01-14T10:09:00 1015.6 27.5 78.7
2022-01-14T10:10:00 1015.6 27.4 80.1
2022-01-14T10:11:00 1015.6 27.5 79.5
2022-01-14T10:12:00 1015.6 27.4 78.8
2022-01-14T10:13:00 1015.7 27.2 79.6
2022-01-14T10:14:00 1015.7 27.1 81.5
2022-01-14T10:15:00 1015.7 27.2 82.6
2022-01-14T10:16:00 1015.7 27.1 83.0
2022-01-14T10:17:00 1015.7 27.2 84.8
2022-01-14T10:18:00 1015.7 27.4 82.4
2022-01-14T10:19:00 1015.7 27.5 82.1
2022-01-14T10:20:00 1015.7 27.8 82.3
2022-01-14T10:21:00 1015.7 28.0 80.6
2022-01-14T10:22:00 1015.7 28.2 80.3
2022-01-14T10:23:00 1015.7 28.1 78.7
2022-01-14T10:24:00 1015.8 28.3 78.8
2022-01-14T10:25:00 1015.8 28.4 77.9
2022-01-14T10:26:00 1015.8 28.6 77.8
2022-01-14T10:27:00 1015.8 29.2 75.8
2022-01-14T10:28:00 1015.8 29.8 75.4
2022-01-14T10:29:00 1015.8 29.9 73.7
2022-01-14T10:30:00 1015.8 29.7 72.0
2022-01-14T10:31:00 1015.8 29.8 72.8
2022-01-14T10:32:00 1015.8 29.9 72.8
2022-01-14T10:33:00 1015.8 29.7 70.4
2022-01-14T10:34:00 1015.9 29.1 72.1
2022-01-14T10:35:00 1015.9 29.2 73.5
2022-01-14T10:36:00 1015.9 29.1 73.2
2022-01-14T10:37:00 1015.9 29.0 73.6
2022-01-14T10:38:00 1015.9 29.2 74.1
2022-01-14T10:39:00 1015.9 28.9 73.0
2022-01-14T10:40:00 1015.9 28.5 74.5
2022-01-14T10:41:00 1016.0 28.6 75.2
2022-01-14T10:42:00 1016.0 28.2 74.9
2022-01-14T10:43:00 1016.0 28.4 75.5
2022-01-14T10:44:00 1016.0 28.4 74.5
2022-01-14T10:45:00 1016.0 28.3 76.2
2022-01-14T10:46:00 1016.0 28.1 78.2
2022-01-14T10:47:00 1016.0 27.8 78.9
2022-01-14T10:48:00 1016.0 27.2 84.2
2022-01-14T10:49:00 1015.9 26.0 93.1
2022-01-14T10:50:00 1015.9 25.7 96.7
2022-01-14T10:51:00 1015.9 25.6 97.5
2022-01-14T10:52:00 1015.9 25.6 98.4
2022-01-14T10:53:00 1015.9 25.5 98.4
2022-01-14T10:54:00 1015.9 25.9 99.3
2022-01-14T10:55:00 1015.9 25.8 99.0
2022-01-14T10:56:00 1015.9 27.3 100.1
2022-01-14T10:57:00 1015.9 26.3 99.9
2022-01-14T10:58:00 1015.8 25.8 99.1
2022-01-14T10:59:00 1015.9 25.8 99.0
2022-01-14T11:00:00 1015.9 26.5 100.0
2022-01-14T11:01:00 1015.9 27.5 99.6
2022-01-14T11:02:00 1015.9 26.8 99.5
2022-01-14T11:03:00 1015.9 27.2 99.9
2022-01-14T11:04:00 1015.9 27.2 99.7
2022-01-14T11:05:00 1015.9 28.2 100.2
2022-01-14T11:06:00 1015.9 28.7 100.0
2022-01-14T11:07:00 1015.9 29.6 91.1
2022-01-14T11:08:00 1015.9 33.3 78.0
2022-01-14T11:09:00 1015.9 35.3 67.9
2022-01-14T11:10:00 1015.9 35.5 65.0
2022-01-14T11:11:00 1015.9 36.4 63.3
2022-01-14T11:12:00 1015.9 35.4 58.2
2022-01-14T11:13:00 1016.0 34.9 61.5
2022-01-14T11:14:00 1016.0 35.6 62.5
2022-01-14T11:15:00 1016.0 37.1 59.3
2022-01-14T11:16:00 1016.0 35.8 54.5
2022-01-14T11:17:00 1016.0 32.9 63.5
2022-01-14T11:18:00 1016.0 32.2 66.6
2022-01-14T11:19:00 1016.0 31.5 67.8
2022-01-14T11:20:00 1016.0 30.7 70.4
2022-01-14T11:21:00 1016.0 31.0 70.8
2022-01-14T11:22:00 1016.0 31.8 65.5
2022-01-14T11:23:00 1016.0 31.4 67.3
2022-01-14T11:24:00 1016.0 32.0 66.2
2022-01-14T11:25:00 1016.0 32.3 66.2
2022-01-14T11:26:00 1016.0 33.1 63.0
2022-01-14T11:27:00 1016.0 32.5 63.2
2022-01-14T11:28:00 1016.0 32.0 63.8
2022-01-14T11:29:00 1016.0 32.3 64.3
2022-01-14T11:30:00 1016.0 32.6 60.7
2022-01-14T11:31:00 1016.1 31.9 63.5
2022-01-14T11:32:00 1016.1 32.0 63.0
2022-01-14T11:33:00 1016.0 31.4 62.9
2022-01-14T11:34:00 1016.1 31.6 63.7
2022-01-14T11:35:00 1016.1 31.7 63.0
2022-01-14T11:36:00 1016.0 31.7 63.4
2022-01-14T11:37:00 1016.0 33.3 59.8
2022-01-14T11:38:00 1016.0 32.3 60.8
2022-01-14T11:39:00 1016.0 32.8 60.5
2022-01-14T11:40:00 1016.0 33.5 58.1
2022-01-14T11:41:00 1016.0 32.6 59.3
2022-01-14T11:42:00 1016.0 31.4 63.7
2022-01-14T11:43:00 1016.1 31.1 64.0
2022-01-14T11:44:00 1016.1 31.2 62.7
2022-01-14T11:45:00 1016.1 31.3 62.9
2022-01-14T11:46:00 1016.1 33.2 58.3
2022-01-14T11:47:00 1016.1 31.8 59.3
2022-01-14T11:48:00 1016.1 31.2 61.6
2022-01-14T11:49:00 1016.1 30.8 63.4
2022-01-14T11:50:00 1016.1 31.1 62.6
2022-01-14T11:51:00 1016.1 31.7 62.7
2022-01-14T11:52:00 1016.1 32.8 60.0
2022-01-14T11:53:00 1016.1 33.1 57.9
2022-01-14T11:54:00 1016.1 33.3 56.5
2022-01-14T11:55:00 1016.1 34.3 55.4
2022-01-14T11:56:00 1016.1 35.8 51.9
2022-01-14T11:57:00 1016.1 35.6 50.8
2022-01-14T11:58:00 1016.1 35.2 52.1
2022-01-14T11:59:00 1016.0 35.2 51.2
2022-01-14T12:00:00 1016.0 33.1 54.7
2022-01-14T12:01:00 1016.0 32.6 57.4
2022-01-14T12:02:00 1016.0 32.1 58.3
2022-01-14T12:03:00 1016.0 31.6 59.9
2022-01-14T12:04:00 1016.0 31.1 61.2
2022-01-14T12:05:00 1016.0 31.1 61.4
2022-01-14T12:06:00 1016.0 31.5 61.4
2022-01-14T12:07:00 1016.0 31.9 60.7
2022-01-14T12:08:00 1016.0 33.5 59.0
2022-01-14T12:09:00 1016.0 36.0 52.0
2022-01-14T12:10:00 1016.0 34.0 54.0
2022-01-14T12:11:00 1016.0 32.9 56.9
2022-01-14T12:12:00 1016.0 31.9 60.5
2022-01-14T12:13:00 1016.0 31.0 65.5
2022-01-14T12:14:00 1016.0 30.6 67.9
2022-01-14T12:15:00 1016.0 31.0 66.7
2022-01-14T12:16:00 1016.0 31.3 64.2
2022-01-14T12:17:00 1016.1 31.4 64.9
2022-01-14T12:18:00 1016.1 32.2 61.9
2022-01-14T12:19:00 1016.1 32.5 59.6
2022-01-14T12:20:00 1016.1 32.5 61.0
2022-01-14T12:21:00 1016.1 32.1 61.6
2022-01-14T12:22:00 1016.0 31.4 65.9
2022-01-14T12:23:00 1016.0 31.2 64.8
2022-01-14T12:24:00 1016.0 31.0 66.2
2022-01-14T12:25:00 1016.0 31.7 65.8
2022-01-14T12:26:00 1016.0 32.7 62.3
2022-01-14T12:27:00 1016.0 33.3 61.2
2022-01-14T12:28:00 1016.0 33.6 58.7
2022-01-14T12:29:00 1016.0 33.6 57.5
2022-01-14T12:30:00 1016.0 32.7 59.5
2022-01-14T12:31:00 1016.0 32.1 60.7
2022-01-14T12:32:00 1016.0 31.7 62.3
2022-01-14T12:33:00 1016.0 31.2 63.9
2022-01-14T12:34:00 1016.0 31.6 74.2
2022-01-14T12:35:00 1016.0 30.8 70.7
2022-01-14T12:36:00 1016.0 30.2 72.0
2022-01-14T12:37:00 1015.9 29.5 69.8
2022-01-14T12:38:00 1015.9 31.1 68.2
2022-01-14T12:39:00 1015.9 34.6 59.5
2022-01-14T12:40:00 1015.9 33.9 57.2
2022-01-14T12:41:00 1015.9 32.8 59.9
2022-01-14T12:42:00 1015.9 31.5 62.7
2022-01-14T12:43:00 1015.9 31.1 64.6
2022-01-14T12:44:00 1015.9 31.5 63.8
2022-01-14T12:45:00 1015.9 31.5 66.0
2022-01-14T12:46:00 1015.9 30.8 70.3
2022-01-14T12:47:00 1015.9 30.0 74.2
2022-01-14T12:48:00 1015.9 29.1 75.8
2022-01-14T12:49:00 1015.9 29.0 85.3
2022-01-14T12:50:00 1015.9 28.4 92.8
2022-01-14T12:51:00 1015.9 29.2 92.7
2022-01-14T12:52:00 1015.9 30.8 89.8
2022-01-14T12:53:00 1015.9 33.8 74.5
2022-01-14T12:54:00 1015.8 36.1 61.5
2022-01-14T12:55:00 1015.8 36.8 60.1
2022-01-14T12:56:00 1015.8 36.1 55.3
2022-01-14T12:57:00 1015.7 34.7 58.9
2022-01-14T12:58:00 1015.7 32.9 61.5
2022-01-14T12:59:00 1015.7 33.3 63.4
2022-01-14T13:00:00 1015.7 33.9 59.3
2022-01-14T13:01:00 1015.7 33.1 61.6
2022-01-14T13:02:00 1015.7 33.0 60.4
2022-01-14T13:03:00 1015.7 32.4 63.2
2022-01-14T13:04:00 1015.7 31.9 62.7
2022-01-14T13:05:00 1015.8 31.2 63.5
2022-01-14T13:06:00 1015.7 30.8 64.7
2022-01-14T13:07:00 1015.7 30.6 65.2
2022-01-14T13:08:00 1015.7 30.9 65.2
2022-01-14T13:09:00 1015.8 31.0 65.5
2022-01-14T13:10:00 1015.8 30.7 67.6
2022-01-14T13:11:00 1015.8 30.1 73.8
2022-01-14T13:12:00 1015.8 28.3 87.2
2022-01-14T13:13:00 1015.8 28.3 95.0
2022-01-14T13:14:00 1015.8 28.7 93.5
2022-01-14T13:15:00 1015.8 29.9 90.5
2022-01-14T13:16:00 1015.8 31.4 79.6
2022-01-14T13:17:00 1015.8 32.1 73.4
2022-01-14T13:18:00 1015.8 31.0 72.3
2022-01-14T13:19:00 1015.8 31.1 76.4
2022-01-14T13:20:00 1015.8 34.1 70.5
2022-01-14T13:21:00 1015.7 36.0 64.0
2022-01-14T13:22:00 1015.7 36.3 56.1
2022-01-14T13:23:00 1015.7 37.0 56.9
2022-01-14T13:24:00 1015.7 38.0 52.2
2022-01-14T13:25:00 1015.7 39.4 53.6
2022-01-14T13:26:00 1015.6 41.0 46.4
2022-01-14T13:27:00 1015.6 38.5 47.9
2022-01-14T13:28:00 1015.7 36.6 51.7
2022-01-14T13:29:00 1015.6 35.5 53.9
2022-01-14T13:30:00 1015.6 36.7 51.3
2022-01-14T13:31:00 1015.6 37.3 51.8
2022-01-14T13:32:00 1015.6 38.5 49.5
2022-01-14T13:33:00 1015.6 37.1 49.2
2022-01-14T13:34:00 1015.6 38.4 48.5
2022-01-14T13:35:00 1015.6 38.3 48.2
2022-01-14T13:36:00 1015.6 39.2 46.5
2022-01-14T13:37:00 1015.5 38.3 46.9
2022-01-14T13:38:00 1015.5 39.3 45.5
2022-01-14T13:39:00 1015.5 36.5 50.0
2022-01-14T13:40:00 1015.5 36.0 53.7
2022-01-14T13:41:00 1015.5 36.6 50.5
2022-01-14T13:42:00 1015.5 35.3 53.0
2022-01-14T13:43:00 1015.5 36.8 50.0
2022-01-14T13:44:00 1015.5 37.4 48.6
2022-01-14T13:45:00 1015.5 35.6 52.4
2022-01-14T13:46:00 1015.5 35.8 51.2
2022-01-14T13:47:00 1015.5 35.3 53.0
2022-01-14T13:48:00 1015.6 35.1 53.8
2022-01-14T13:49:00 1015.6 35.0 54.8
2022-01-14T13:50:00 1015.6 34.5 56.0
2022-01-14T13:51:00 1015.6 34.5 53.9
2022-01-14T13:52:00 1015.6 34.6 55.2
2022-01-14T13:53:00 1015.7 36.0 53.1
2022-01-14T13:54:00 1015.7 37.5 48.9
2022-01-14T13:55:00 1015.6 38.0 48.0
2022-01-14T13:56:00 1015.5 37.2 47.8
2022-01-14T13:57:00 1015.6 36.5 48.6
2022-01-14T13:58:00 1015.6 35.7 50.9
2022-01-14T13:59:00 1015.6 35.8 51.0
2022-01-14T14:00:00 1015.5 36.0 51.5
2022-01-14T14:01:00 1015.5 37.0 49.5
2022-01-14T14:02:00 1015.5 36.8 49.3
2022-01-14T14:03:00 1015.5 36.2 51.0
2022-01-14T14:04:00 1015.5 36.1 50.2
2022-01-14T14:05:00 1015.5 36.4 50.1
2022-01-14T14:06:00 1015.5 36.0 49.4
2022-01-14T14:07:00 1015.5 35.4 52.1
2022-01-14T14:08:00 1015.5 36.1 51.3
2022-01-14T14:09:00 1015.4 35.8 50.7
2022-01-14T14:10:00 1015.4 35.3 52.2
2022-01-14T14:11:00 1015.4 36.1 51.4
2022-01-14T14:12:00 1015.4 35.9 51.1
2022-01-14T14:13:00 1015.4 34.9 52.9
2022-01-14T14:14:00 1015.4 34.0 55.4
2022-01-14T14:15:00 1015.4 34.5 54.7
2022-01-14T14:16:00 1015.4 34.9 53.8
2022-01-14T14:17:00 1015.4 34.1 54.7
2022-01-14T14:18:00 1015.4 34.2 56.1
2022-01-14T14:19:00 1015.5 35.7 51.9
2022-01-14T14:20:00 1015.4 35.0 53.6
2022-01-14T14:21:00 1015.4 34.2 55.2
2022-01-14T14:22:00 1015.4 33.5 57.7
2022-01-14T14:23:00 1015.4 33.3 58.1
2022-01-14T14:24:00 1015.4 33.3 59.0
2022-01-14T14:25:00 1015.4 34.3 57.4
2022-01-14T14:26:00 1015.4 34.7 56.0
2022-01-14T14:27:00 1015.4 35.5 53.3
2022-01-14T14:28:00 1015.4 36.1 52.5
2022-01-14T14:29:00 1015.4 36.8 49.4
2022-01-14T14:30:00 1015.3 37.6 48.1
2022-01-14T14:31:00 1015.3 37.6 46.9
2022-01-14T14:32:00 1015.3 38.2 47.8
2022-01-14T14:33:00 1015.3 36.9 48.0
2022-01-14T14:34:00 1015.2 36.4 50.1
2022-01-14T14:35:00 1015.3 37.0 48.7
2022-01-14T14:36:00 1015.3 37.2 47.7
2022-01-14T14:37:00 1015.3 36.5 48.8
2022-01-14T14:38:00 1015.3 35.2 50.9
2022-01-14T14:39:00 1015.3 34.4 52.5
2022-01-14T14:40:00 1015.3 34.8 52.8
2022-01-14T14:41:00 1015.3 36.1 49.0
2022-01-14T14:42:00 1015.3 37.4 47.3
2022-01-14T14:43:00 1015.2 38.7 43.0
2022-01-14T14:44:00 1015.3 38.8 43.5
2022-01-14T14:45:00 1015.2 39.2 42.5
2022-01-14T14:46:00 1015.2 36.9 45.9
2022-01-14T14:47:00 1015.1 36.2 47.5
2022-01-14T14:48:00 1015.2 34.8 50.1
2022-01-14T14:49:00 1015.2 36.1 48.2
2022-01-14T14:50:00 1015.2 35.2 48.6
2022-01-14T14:51:00 1015.2 35.0 50.7
2022-01-14T14:52:00 1015.1 36.0 48.2
2022-01-14T14:53:00 1015.1 35.4 48.3
2022-01-14T14:54:00 1015.1 36.1 47.6
2022-01-14T14:55:00 1015.0 38.4 44.3
2022-01-14T14:56:00 1015.1 38.5 43.9
2022-01-14T14:57:00 1015.0 36.4 46.0
2022-01-14T14:58:00 1015.1 34.9 49.5
2022-01-14T14:59:00 1015.1 35.8 49.3
2022-01-14T15:00:00 1015.2 36.2 47.7
2022-01-14T15:01:00 1015.0 35.6 48.8
2022-01-14T15:02:00 1015.0 35.4 49.1
2022-01-14T15:03:00 1015.1 35.5 49.5
2022-01-14T15:04:00 1015.1 36.6 47.8
2022-01-14T15:05:00 1015.1 37.4 45.8
2022-01-14T15:06:00 1015.0 38.2 44.1
2022-01-14T15:07:00 1015.0 36.8 46.5
2022-01-14T15:08:00 1015.0 36.7 47.4
2022-01-14T15:09:00 1015.0 36.6 47.5
2022-01-14T15:10:00 1015.0 35.7 49.3
2022-01-14T15:11:00 1015.0 34.7 51.9
2022-01-14T15:12:00 1015.0 35.8 50.9
2022-01-14T15:13:00 1015.0 37.1 47.2
2022-01-14T15:14:00 1015.0 37.2 47.2
2022-01-14T15:15:00 1015.0 35.4 50.2
2022-01-14T15:16:00 1015.0 34.4 52.3
2022-01-14T15:17:00 1014.9 34.8 52.1
2022-01-14T15:18:00 1014.9 34.3 53.1
2022-01-14T15:19:00 1014.9 34.0 54.5
2022-01-14T15:20:00 1014.9 33.4 55.6
2022-01-14T15:21:00 1014.8 33.1 57.1
2022-01-14T15:22:00 1014.8 33.1 56.8
2022-01-14T15:23:00 1014.9 33.3 57.4
2022-01-14T15:24:00 1014.9 33.2 56.0
2022-01-14T15:25:00 1014.8 33.5 56.0
2022-01-14T15:26:00 1014.8 33.1 56.5
2022-01-14T15:27:00 1014.9 33.4 57.7
2022-01-14T15:28:00 1014.8 33.7 55.0
2022-01-14T15:29:00 1014.8 33.4 55.8
2022-01-14T15:30:00 1014.8 32.9 57.5
2022-01-14T15:31:00 1014.8 33.3 57.4
2022-01-14T15:32:00 1014.8 31.9 60.2
2022-01-14T15:33:00 1014.8 31.0 63.9
2022-01-14T15:34:00 1014.8 28.8 77.5
2022-01-14T15:35:00 1014.8 27.0 90.3
2022-01-14T15:36:00 1014.8 26.2 94.0
2022-01-14T15:37:00 1014.8 25.9 95.2
2022-01-14T15:38:00 1014.9 25.7 96.3
2022-01-14T15:39:00 1014.9 25.6 96.9
2022-01-14T15:40:00 1014.8 25.6 97.9
2022-01-14T15:41:00 1014.8 25.5 98.8
2022-01-14T15:42:00 1014.7 25.6 99.3
2022-01-14T15:43:00 1014.8 25.9 100.0
2022-01-14T15:44:00 1014.8 25.7 99.9
2022-01-14T15:45:00 1014.8 26.0 100.1
2022-01-14T15:46:00 1014.8 26.0 100.0
2022-01-14T15:47:00 1014.8 26.4 100.3
2022-01-14T15:48:00 1014.8 26.7 100.3
2022-01-14T15:49:00 1014.8 26.3 100.4
2022-01-14T15:50:00 1014.8 25.9 100.2
2022-01-14T15:51:00 1014.7 25.9 100.2
2022-01-14T15:52:00 1014.7 26.4 100.3
2022-01-14T15:53:00 1014.7 26.2 100.3
2022-01-14T15:54:00 1014.7 26.3 100.3
2022-01-14T15:55:00 1014.7 26.0 100.0
2022-01-14T15:56:00 1014.7 26.4 100.3
2022-01-14T15:57:00 1014.7 26.1 100.1
2022-01-14T15:58:00 1014.7 26.1 100.1
2022-01-14T15:59:00 1014.6 25.7 99.7
2022-01-14T16:00:00 1014.6 26.2 100.2
2022-01-14T16:01:00 1014.6 26.4 100.2
2022-01-14T16:02:00 1014.6 26.1 100.1
2022-01-14T16:03:00 1014.6 26.4 100.3
2022-01-14T16:04:00 1014.6 26.4 100.3
2022-01-14T16:05:00 1014.6 26.4 100.2
2022-01-14T16:06:00 1014.6 26.6 100.4
2022-01-14T16:07:00 1014.5 26.3 100.3
2022-01-14T16:08:00 1014.5 26.4 100.3
2022-01-14T16:09:00 1014.6 26.7 100.4
2022-01-14T16:10:00 1014.5 26.2 100.1
2022-01-14T16:11:00 1014.5 26.7 100.3
2022-01-14T16:12:00 1014.5 26.2 99.8
2022-01-14T16:13:00 1014.5 26.3 100.0
2022-01-14T16:14:00 1014.5 26.9 100.3
2022-01-14T16:15:00 1014.5 27.0 100.3
2022-01-14T16:16:00 1014.4 26.4 99.7
2022-01-14T16:17:00 1014.4 26.6 100.0
2022-01-14T16:18:00 1014.4 26.9 100.1
2022-01-14T16:19:00 1014.3 27.0 100.1
2022-01-14T16:20:00 1014.3 26.7 99.8
2022-01-14T16:21:00 1014.3 26.7 100.0
2022-01-14T16:22:00 1014.2 26.9 100.2
2022-01-14T16:23:00 1014.2 26.7 100.2
2022-01-14T16:24:00 1014.2 26.7 100.1
2022-01-14T16:25:00 1014.2 27.5 100.4
2022-01-14T16:26:00 1014.2 26.8 100.1
2022-01-14T16:27:00 1014.2 26.8 100.1
2022-01-14T16:28:00 1014.1 27.1 100.3
2022-01-14T16:29:00 1014.1 26.6 99.7
2022-01-14T16:30:00 1014.1 26.6 99.4
2022-01-14T16:31:00 1014.1 27.0 100.1
2022-01-14T16:32:00 1014.1 26.6 99.5
2022-01-14T16:33:00 1014.1 26.4 99.1
2022-01-14T16:34:00 1014.0 26.0 98.1
2022-01-14T16:35:00 1014.1 26.2 99.9
2022-01-14T16:36:00 1014.0 26.1 99.5
2022-01-14T16:37:00 1014.1 26.0 99.5
2022-01-14T16:38:00 1014.1 25.8 99.2
2022-01-14T16:39:00 1014.0 25.8 99.8
2022-01-14T16:40:00 1014.0 25.9 100.0
2022-01-14T16:41:00 1014.0 25.9 100.1
2022-01-14T16:42:00 1014.0 25.9 100.3
2022-01-14T16:43:00 1013.9 26.3 100.3
2022-01-14T16:44:00 1013.9 26.1 100.3
2022-01-14T16:45:00 1013.9 26.4 100.3
2022-01-14T16:46:00 1013.9 26.4 100.5
2022-01-14T16:47:00 1013.9 26.6 100.4
2022-01-14T16:48:00 1013.9 26.4 100.5
2022-01-14T16:49:00 1013.9 26.7 100.5
2022-01-14T16:50:00 1013.9 26.7 100.5
2022-01-14T16:51:00 1013.9 26.9 100.5
2022-01-14T16:52:00 1013.9 26.8 100.5
2022-01-14T16:53:00 1013.8 26.5 100.2
2022-01-14T16:54:00 1013.8 26.7 100.5
2022-01-14T16:55:00 1013.8 26.7 100.4
2022-01-14T16:56:00 1013.8 26.8 100.5
2022-01-14T16:57:00 1013.8 26.3 99.8
2022-01-14T16:58:00 1013.8 26.3 100.1
2022-01-14T16:59:00 1013.8 26.5 100.1
2022-01-14T17:00:00 1013.8 26.7 100.3
2022-01-14T17:01:00 1013.8 27.0 100.3
2022-01-14T17:02:00 1013.8 27.8 100.6
2022-01-14T17:03:00 1013.7 27.1 100.2
2022-01-14T17:04:00 1013.7 27.0 100.1
2022-01-14T17:05:00 1013.7 27.5 100.2
2022-01-14T17:06:00 1013.7 27.4 99.7
2022-01-14T17:07:00 1013.7 26.9 98.0
2022-01-14T17:08:00 1013.7 26.6 98.1
2022-01-14T17:09:00 1013.7 26.5 97.5
2022-01-14T17:10:00 1013.7 26.5 97.9
2022-01-14T17:11:00 1013.7 26.3 97.3
2022-01-14T17:12:00 1013.7 26.2 97.8
2022-01-14T17:13:00 1013.7 25.8 96.4
2022-01-14T17:14:00 1013.7 25.7 97.2
2022-01-14T17:15:00 1013.8 25.6 96.9
2022-01-14T17:16:00 1013.7 25.6 98.1
2022-01-14T17:17:00 1013.7 25.6 97.9
2022-01-14T17:18:00 1013.7 25.7 98.3
2022-01-14T17:19:00 1013.8 25.6 98.0
2022-01-14T17:20:00 1013.8 25.6 98.2
2022-01-14T17:21:00 1013.7 25.8 98.5
2022-01-14T17:22:00 1013.7 26.1 99.1
2022-01-14T17:23:00 1013.7 26.3 94.0
2022-01-14T17:24:00 1013.7 26.6 89.5
2022-01-14T17:25:00 1013.7 27.0 87.2
2022-01-14T17:26:00 1013.7 27.4 86.2
2022-01-14T17:27:00 1013.7 27.8 86.5
2022-01-14T17:28:00 1013.6 28.0 83.9
2022-01-14T17:29:00 1013.6 28.1 84.0
2022-01-14T17:30:00 1013.6 28.4 83.4
2022-01-14T17:31:00 1013.6 28.6 81.1
2022-01-14T17:32:00 1013.6 28.6 80.3
2022-01-14T17:33:00 1013.5 28.7 81.6
2022-01-14T17:34:00 1013.6 28.7 80.8
2022-01-14T17:35:00 1013.5 29.2 81.0
2022-01-14T17:36:00 1013.5 29.7 80.2
2022-01-14T17:37:00 1013.6 29.8 79.0
2022-01-14T17:38:00 1013.5 29.7 76.2
2022-01-14T17:39:00 1013.5 29.7 77.9
2022-01-14T17:40:00 1013.5 29.9 78.1
2022-01-14T17:41:00 1013.5 30.0 74.3
2022-01-14T17:42:00 1013.5 30.0 73.4
2022-01-14T17:43:00 1013.5 30.0 77.0
2022-01-14T17:44:00 1013.5 29.6 72.2
2022-01-14T17:45:00 1013.5 29.5 73.5
2022-01-14T17:46:00 1013.5 29.4 77.5
2022-01-14T17:47:00 1013.5 29.9 73.2
2022-01-14T17:48:00 1013.5 29.7 77.4
2022-01-14T17:49:00 1013.4 29.8 76.4
2022-01-14T17:50:00 1013.4 30.1 74.2
2022-01-14T17:51:00 1013.4 29.9 73.6
2022-01-14T17:52:00 1013.4 30.0 73.3
2022-01-14T17:53:00 1013.4 30.2 74.8
2022-01-14T17:54:00 1013.4 30.1 72.0
2022-01-14T17:55:00 1013.4 29.6 72.4
2022-01-14T17:56:00 1013.4 29.7 73.9
2022-01-14T17:57:00 1013.4 30.2 71.9
2022-01-14T17:58:00 1013.4 29.9 71.4
2022-01-14T17:59:00 1013.4 30.1 71.2
2022-01-14T18:00:00 1013.4 30.3 73.3
2022-01-14T18:01:00 1013.4 30.0 70.7
2022-01-14T18:02:00 1013.4 29.9 70.2
2022-01-14T18:03:00 1013.3 29.7 70.7
2022-01-14T18:04:00 1013.3 29.8 71.0
2022-01-14T18:05:00 1013.3 30.1 73.0
2022-01-14T18:06:00 1013.3 30.6 70.9
2022-01-14T18:07:00 1013.3 30.3 70.1
2022-01-14T18:08:00 1013.3 30.3 71.6
2022-01-14T18:09:00 1013.3 30.6 73.7
2022-01-14T18:10:00 1013.3 31.0 71.6
2022-01-14T18:11:00 1013.2 31.0 67.5
2022-01-14T18:12:00 1013.3 31.1 71.7
2022-01-14T18:13:00 1013.3 31.3 69.1
2022-01-14T18:14:00 1013.3 31.3 66.7
2022-01-14T18:15:00 1013.2 31.1 69.1
2022-01-14T18:16:00 1013.2 31.5 68.2
2022-01-14T18:17:00 1013.2 31.1 67.6
2022-01-14T18:18:00 1013.3 30.9 67.8
2022-01-14T18:19:00 1013.3 30.6 67.2
2022-01-14T18:20:00 1013.3 30.5 67.2
2022-01-14T18:21:00 1013.3 30.9 68.4
2022-01-14T18:22:00 1013.3 30.8 68.7
2022-01-14T18:23:00 1013.3 31.1 67.5
2022-01-14T18:24:00 1013.3 30.8 64.9
2022-01-14T18:25:00 1013.3 30.7 66.0
2022-01-14T18:26:00 1013.3 30.5 66.6
2022-01-14T18:27:00 1013.3 30.7 66.9
2022-01-14T18:28:00 1013.3 30.7 65.2
2022-01-14T18:29:00 1013.2 30.2 64.6
2022-01-14T18:30:00 1013.3 30.3 67.3
2022-01-14T18:31:00 1013.2 30.8 65.3
2022-01-14T18:32:00 1013.2 30.7 65.0
2022-01-14T18:33:00 1013.3 30.8 64.5
2022-01-14T18:34:00 1013.3 30.9 65.9
2022-01-14T18:35:00 1013.3 31.1 66.2
2022-01-14T18:36:00 1013.3 31.1 65.4
2022-01-14T18:37:00 1013.3 31.0 65.0
2022-01-14T18:38:00 1013.3 30.5 65.6
2022-01-14T18:39:00 1013.3 31.0 65.8
2022-01-14T18:40:00 1013.3 31.1 65.5
2022-01-14T18:41:00 1013.3 31.3 65.3
2022-01-14T18:42:00 1013.3 31.6 63.5
2022-01-14T18:43:00 1013.3 32.0 63.2
2022-01-14T18:44:00 1013.3 31.8 62.4
2022-01-14T18:45:00 1013.3 31.2 61.9
2022-01-14T18:46:00 1013.3 31.2 63.4
2022-01-14T18:47:00 1013.3 31.4 63.4
2022-01-14T18:48:00 1013.3 31.1 63.3
2022-01-14T18:49:00 1013.3 31.0 63.7
2022-01-14T18:50:00 1013.3 31.2 62.9
2022-01-14T18:51:00 1013.4 31.2 63.0
2022-01-14T18:52:00 1013.3 30.9 62.1
2022-01-14T18:53:00 1013.3 30.8 62.9
2022-01-14T18:54:00 1013.3 30.9 62.7
2022-01-14T18:55:00 1013.4 30.9 63.6
2022-01-14T18:56:00 1013.4 30.9 63.8
2022-01-14T18:57:00 1013.3 30.6 62.5
2022-01-14T18:58:00 1013.3 30.6 63.5
2022-01-14T18:59:00 1013.3 30.5 63.8
2022-01-14T19:00:00 1013.4 30.7 63.7
2022-01-14T19:01:00 1013.4 30.7 63.6
2022-01-14T19:02:00 1013.3 30.7 63.9
2022-01-14T19:03:00 1013.3 30.4 63.3
2022-01-14T19:04:00 1013.4 30.3 64.1
2022-01-14T19:05:00 1013.4 30.1 64.9
2022-01-14T19:06:00 1013.3 30.1 64.9
2022-01-14T19:07:00 1013.4 30.0 66.1
2022-01-14T19:08:00 1013.4 30.1 64.7
2022-01-14T19:09:00 1013.4 30.0 64.7
2022-01-14T19:10:00 1013.4 29.9 64.0
2022-01-14T19:11:00 1013.4 29.8 64.5
2022-01-14T19:12:00 1013.4 29.5 64.5
2022-01-14T19:13:00 1013.4 29.5 64.9
2022-01-14T19:14:00 1013.4 29.5 65.5
2022-01-14T19:15:00 1013.5 29.5 65.6
2022-01-14T19:16:00 1013.4 29.4 65.9
2022-01-14T19:17:00 1013.5 29.4 65.8
2022-01-14T19:18:00 1013.5 29.5 66.1
2022-01-14T19:19:00 1013.4 29.7 65.6
2022-01-14T19:20:00 1013.5 29.6 65.6
2022-01-14T19:21:00 1013.5 29.4 66.3
2022-01-14T19:22:00 1013.4 29.4 66.5
2022-01-14T19:23:00 1013.5 29.3 66.6
2022-01-14T19:24:00 1013.5 29.5 65.9
2022-01-14T19:25:00 1013.6 29.3 66.8
2022-01-14T19:26:00 1013.6 29.2 67.1
2022-01-14T19:27:00 1013.6 29.3 67.5
2022-01-14T19:28:00 1013.6 29.4 67.5
2022-01-14T19:29:00 1013.7 29.5 67.3
2022-01-14T19:30:00 1013.7 29.4 67.3
2022-01-14T19:31:00 1013.6 29.2 67.6
2022-01-14T19:32:00 1013.6 29.2 68.0
2022-01-14T19:33:00 1013.7 29.2 67.8
2022-01-14T19:34:00 1013.7 29.4 67.8
2022-01-14T19:35:00 1013.7 29.5 67.9
2022-01-14T19:36:00 1013.7 29.6 67.2
2022-01-14T19:37:00 1013.7 29.4 66.9
2022-01-14T19:38:00 1013.7 29.3 65.6
2022-01-14T19:39:00 1013.7 29.2 66.8
2022-01-14T19:40:00 1013.7 29.2 67.4
2022-01-14T19:41:00 1013.7 29.2 66.6
2022-01-14T19:42:00 1013.7 29.3 66.7
2022-01-14T19:43:00 1013.7 29.1 66.7
2022-01-14T19:44:00 1013.8 29.3 66.8
2022-01-14T19:45:00 1013.8 29.1 67.5
2022-01-14T19:46:00 1013.8 29.1 68.1
2022-01-14T19:47:00 1013.8 29.2 68.0
2022-01-14T19:48:00 1013.8 29.1 67.5
2022-01-14T19:49:00 1013.9 28.9 67.6
2022-01-14T19:50:00 1013.9 28.7 67.2
2022-01-14T19:51:00 1013.9 28.7 67.4
2022-01-14T19:52:00 1013.9 28.6 67.5
2022-01-14T19:53:00 1013.9 28.6 67.7
2022-01-14T19:54:00 1013.9 28.7 67.5
2022-01-14T19:55:00 1013.9 28.5 67.6
2022-01-14T19:56:00 1013.9 28.4 68.0
2022-01-14T19:57:00 1013.9 28.4 68.5
2022-01-14T19:58:00 1013.9 28.3 68.9
2022-01-14T19:59:00 1013.9 28.3 69.0
2022-01-14T20:00:00 1013.9 28.2 68.9
2022-01-14T20:01:00 1013.9 28.2 68.7
2022-01-14T20:02:00 1013.9 28.2 68.8
2022-01-14T20:03:00 1013.9 28.2 69.2
2022-01-14T20:04:00 1013.9 28.2 69.1
2022-01-14T20:05:00 1013.9 28.1 69.2
2022-01-14T20:06:00 1013.9 28.2 69.5
2022-01-14T20:07:00 1013.9 28.1 68.9
2022-01-14T20:08:00 1013.9 28.0 69.6
2022-01-14T20:09:00 1013.9 28.0 69.7
2022-01-14T20:10:00 1014.0 28.0 70.0
2022-01-14T20:11:00 1014.0 27.9 70.5
2022-01-14T20:12:00 1013.9 27.9 70.4
2022-01-14T20:13:00 1014.0 27.8 70.7
2022-01-14T20:14:00 1013.9 27.8 69.9
2022-01-14T20:15:00 1014.0 27.8 70.1
2022-01-14T20:16:00 1013.9 27.8 70.0
2022-01-14T20:17:00 1014.0 27.8 69.9
2022-01-14T20:18:00 1014.0 27.7 69.5
2022-01-14T20:19:00 1014.0 27.7 69.8
2022-01-14T20:20:00 1014.0 27.7 69.8
2022-01-14T20:21:00 1014.0 27.7 70.1
2022-01-14T20:22:00 1014.0 27.7 69.7
2022-01-14T20:23:00 1014.0 27.7 70.2
2022-01-14T20:24:00 1014.0 27.7 70.4
2022-01-14T20:25:00 1014.0 27.6 69.4
2022-01-14T20:26:00 1014.0 27.6 69.1
2022-01-14T20:27:00 1014.0 27.5 68.8
2022-01-14T20:28:00 1014.0 27.6 68.8
2022-01-14T20:29:00 1014.1 27.6 69.1
2022-01-14T20:30:00 1014.1 27.5 69.5
2022-01-14T20:31:00 1014.1 27.5 69.2
2022-01-14T20:32:00 1014.1 27.4 69.4
2022-01-14T20:33:00 1014.1 27.4 69.3
2022-01-14T20:34:00 1014.1 27.4 69.2
2022-01-14T20:35:00 1014.1 27.4 69.5
2022-01-14T20:36:00 1014.1 27.4 68.8
2022-01-14T20:37:00 1014.1 27.4 69.2
2022-01-14T20:38:00 1014.1 27.4 69.3
2022-01-14T20:39:00 1014.2 27.3 69.6
2022-01-14T20:40:00 1014.2 27.3 69.6
2022-01-14T20:41:00 1014.2 27.3 69.4
2022-01-14T20:42:00 1014.2 27.2 69.7
2022-01-14T20:43:00 1014.3 27.2 69.6
2022-01-14T20:44:00 1014.3 27.2 69.8
2022-01-14T20:45:00 1014.3 27.2 69.9
2022-01-14T20:46:00 1014.3 27.2 70.1
2022-01-14T20:47:00 1014.3 27.2 70.3
2022-01-14T20:48:00 1014.3 27.2 70.5
2022-01-14T20:49:00 1014.3 27.2 70.8
2022-01-14T20:50:00 1014.3 27.1 71.2
2022-01-14T20:51:00 1014.3 27.1 71.7
2022-01-14T20:52:00 1014.3 27.0 72.1
2022-01-14T20:53:00 1014.3 26.9 72.4
2022-01-14T20:54:00 1014.3 27.0 72.5
2022-01-14T20:55:00 1014.3 26.9 72.6
2022-01-14T20:56:00 1014.3 26.9 72.9
2022-01-14T20:57:00 1014.4 26.9 73.1
2022-01-14T20:58:00 1014.4 26.9 73.1
2022-01-14T20:59:00 1014.4 26.9 73.4
2022-01-14T21:00:00 1014.4 26.8 73.8
2022-01-14T21:01:00 1014.4 26.8 74.1
2022-01-14T21:02:00 1014.4 26.8 74.3
2022-01-14T21:03:00 1014.4 26.8 74.4
2022-01-14T21:04:00 1014.5 26.7 74.6
2022-01-14T21:05:00 1014.5 26.7 74.9
2022-01-14T21:06:00 1014.5 26.7 75.1
2022-01-14T21:07:00 1014.5 26.7 75.3
2022-01-14T21:08:00 1014.5 26.7 75.6
2022-01-14T21:09:00 1014.5 26.6 75.7
2022-01-14T21:10:00 1014.5 26.6 76.0
2022-01-14T21:11:00 1014.5 26.6 75.7
2022-01-14T21:12:00 1014.5 26.6 75.9
2022-01-14T21:13:00 1014.5 26.6 76.2
2022-01-14T21:14:00 1014.5 26.6 76.3
2022-01-14T21:15:00 1014.5 26.5 76.1
2022-01-14T21:16:00 1014.5 26.6 76.1
2022-01-14T21:17:00 1014.6 26.6 76.1
2022-01-14T21:18:00 1014.6 26.5 76.5
2022-01-14T21:19:00 1014.6 26.4 76.6
2022-01-14T21:20:00 1014.6 26.4 77.2
2022-01-14T21:21:00 1014.6 26.3 77.3
2022-01-14T21:22:00 1014.6 26.4 77.1
2022-01-14T21:23:00 1014.6 26.4 77.2
2022-01-14T21:24:00 1014.7 26.4 77.3
2022-01-14T21:25:00 1014.7 26.5 77.2
2022-01-14T21:26:00 1014.7 26.4 77.4
2022-01-14T21:27:00 1014.7 26.3 77.8
2022-01-14T21:28:00 1014.7 26.3 77.8
2022-01-14T21:29:00 1014.7 26.3 78.1
2022-01-14T21:30:00 1014.7 26.3 78.3
2022-01-14T21:31:00 1014.8 26.3 78.2
2022-01-14T21:32:00 1014.8 26.4 78.0
2022-01-14T21:33:00 1014.8 26.4 78.0
2022-01-14T21:34:00 1014.8 26.4 78.0
2022-01-14T21:35:00 1014.8 26.4 78.1
2022-01-14T21:36:00 1014.8 26.5 77.9
2022-01-14T21:37:00 1014.8 26.4 78.1
2022-01-14T21:38:00 1014.8 26.5 78.1
2022-01-14T21:39:00 1014.8 26.5 78.1
2022-01-14T21:40:00 1014.8 26.5 78.2
2022-01-14T21:41:00 1014.8 26.5 78.2
2022-01-14T21:42:00 1014.8 26.5 78.2
2022-01-14T21:43:00 1014.8 26.5 78.1
2022-01-14T21:44:00 1014.9 26.5 78.1
2022-01-14T21:45:00 1014.9 26.5 78.3
2022-01-14T21:46:00 1014.9 26.5 78.1
2022-01-14T21:47:00 1014.9 26.5 78.0
2022-01-14T21:48:00 1014.9 26.5 77.9
2022-01-14T21:49:00 1014.9 26.5 78.1
2022-01-14T21:50:00 1014.9 26.5 78.0
2022-01-14T21:51:00 1015.0 26.5 78.0
2022-01-14T21:52:00 1015.0 26.4 78.3
2022-01-14T21:53:00 1014.9 26.4 78.5
2022-01-14T21:54:00 1015.0 26.4 78.7
2022-01-14T21:55:00 1015.0 26.3 78.8
2022-01-14T21:56:00 1014.9 26.3 79.2
2022-01-14T21:57:00 1015.0 26.2 79.2
2022-01-14T21:58:00 1015.0 26.2 79.7
2022-01-14T21:59:00 1015.0 26.2 79.7
2022-01-14T22:00:00 1015.0 26.2 79.8
2022-01-14T22:01:00 1015.0 26.3 79.7
2022-01-14T22:02:00 1015.0 26.3 79.5
2022-01-14T22:03:00 1015.0 26.3 79.8
2022-01-14T22:04:00 1015.0 26.3 79.6
2022-01-14T22:05:00 1015.0 26.3 79.5
2022-01-14T22:06:00 1015.0 26.3 79.7
2022-01-14T22:08:00 1015.0 26.3 80.0
2022-01-14T22:09:00 1015.0 26.3 79.8
2022-01-14T22:10:00 1015.0 26.3 79.9
2022-01-14T22:11:00 1015.0 26.2 80.3
2022-01-14T22:12:00 1015.0 26.2 80.2
2022-01-14T22:13:00 1015.0 26.2 80.3
2022-01-14T22:14:00 1015.0 26.2 80.5
2022-01-14T22:15:00 1015.0 26.1 80.7
2022-01-14T22:16:00 1015.0 26.1 80.7
2022-01-14T22:17:00 1015.0 26.1 81.2
2022-01-14T22:18:00 1015.1 26.0 81.2
2022-01-14T22:19:00 1015.1 26.0 81.5
2022-01-14T22:20:00 1015.1 26.1 81.1
2022-01-14T22:21:00 1015.1 26.1 81.2
2022-01-14T22:22:00 1015.2 26.1 81.2
2022-01-14T22:23:00 1015.2 26.0 81.4
2022-01-14T22:24:00 1015.2 26.0 81.4
2022-01-14T22:25:00 1015.2 26.0 81.1
2022-01-14T22:26:00 1015.2 26.0 81.3
2022-01-14T22:27:00 1015.2 26.0 81.4
2022-01-14T22:28:00 1015.2 26.1 81.4
2022-01-14T22:29:00 1015.2 26.1 81.3
2022-01-14T22:30:00 1015.2 26.1 81.0
2022-01-14T22:31:00 1015.2 26.1 81.1
2022-01-14T22:32:00 1015.2 26.1 81.2
2022-01-14T22:33:00 1015.2 26.1 81.4
2022-01-14T22:34:00 1015.2 26.1 81.2
2022-01-14T22:35:00 1015.2 26.0 81.5
2022-01-14T22:36:00 1015.2 26.1 81.4
2022-01-14T22:37:00 1015.2 26.1 81.4
2022-01-14T22:38:00 1015.2 26.0 81.4
2022-01-14T22:39:00 1015.2 26.0 81.6
2022-01-14T22:40:00 1015.2 26.1 81.5
2022-01-14T22:41:00 1015.3 26.1 81.3
2022-01-14T22:42:00 1015.3 26.1 81.5
2022-01-14T22:43:00 1015.3 26.2 81.2
2022-01-14T22:44:00 1015.3 26.2 81.3
2022-01-14T22:45:00 1015.3 26.1 81.6
2022-01-14T22:46:00 1015.3 26.1 81.6
2022-01-14T22:47:00 1015.3 26.0 81.9
2022-01-14T22:48:00 1015.3 26.0 82.0
2022-01-14T22:49:00 1015.3 25.9 82.4
2022-01-14T22:50:00 1015.3 26.0 82.3
2022-01-14T22:51:00 1015.3 25.9 82.2
2022-01-14T22:52:00 1015.4 25.8 82.4
2022-01-14T22:53:00 1015.3 25.9 82.7
2022-01-14T22:54:00 1015.3 25.9 82.8
2022-01-14T22:55:00 1015.4 25.9 82.6
2022-01-14T22:56:00 1015.4 25.9 82.7
2022-01-14T22:57:00 1015.4 26.0 82.6
2022-01-14T22:58:00 1015.4 26.0 82.3
2022-01-14T22:59:00 1015.4 25.9 82.6
2022-01-14T23:00:00 1015.4 25.9 83.0
2022-01-14T23:01:00 1015.4 25.9 83.2
2022-01-14T23:02:00 1015.4 25.9 83.0
2022-01-14T23:03:00 1015.4 25.9 83.0
2022-01-14T23:04:00 1015.4 26.0 82.8
2022-01-14T23:05:00 1015.4 26.0 83.1
2022-01-14T23:06:00 1015.4 26.0 83.0
2022-01-14T23:07:00 1015.4 25.9 83.2
2022-01-14T23:08:00 1015.4 25.9 83.3
2022-01-14T23:09:00 1015.4 25.9 83.3
2022-01-14T23:10:00 1015.4 26.0 83.3
2022-01-14T23:11:00 1015.4 25.9 83.4
2022-01-14T23:12:00 1015.4 26.0 83.4
2022-01-14T23:13:00 1015.5 26.1 83.0
2022-01-14T23:14:00 1015.5 26.0 83.0
2022-01-14T23:15:00 1015.5 26.0 83.0
2022-01-14T23:16:00 1015.5 26.0 82.7
2022-01-14T23:17:00 1015.5 26.0 82.9
2022-01-14T23:18:00 1015.5 26.0 82.7
2022-01-14T23:19:00 1015.5 26.0 82.8
2022-01-14T23:20:00 1015.5 26.0 82.7
2022-01-14T23:21:00 1015.5 26.0 82.8
2022-01-14T23:22:00 1015.5 25.9 82.9
2022-01-14T23:23:00 1015.6 25.9 83.0
2022-01-14T23:24:00 1015.5 26.0 82.9
2022-01-14T23:25:00 1015.5 26.0 82.6
2022-01-14T23:26:00 1015.5 26.0 82.5
2022-01-14T23:27:00 1015.5 26.0 82.5
2022-01-14T23:28:00 1015.5 26.0 82.5
2022-01-14T23:29:00 1015.5 26.0 82.4
2022-01-14T23:30:00 1015.5 26.0 82.5
2022-01-14T23:31:00 1015.5 26.1 82.4
2022-01-14T23:32:00 1015.5 26.0 82.5
2022-01-14T23:33:00 1015.5 26.0 82.6
2022-01-14T23:34:00 1015.5 26.0 82.3
2022-01-14T23:35:00 1015.5 26.0 82.8
2022-01-14T23:36:00 1015.5 26.0 82.8
2022-01-14T23:37:00 1015.5 26.0 82.6
2022-01-14T23:38:00 1015.5 26.0 83.0
2022-01-14T23:39:00 1015.5 26.0 83.0
2022-01-14T23:40:00 1015.5 26.0 83.0
2022-01-14T23:41:00 1015.5 26.0 83.1
2022-01-14T23:42:00 1015.6 26.0 83.2
2022-01-14T23:43:00 1015.6 26.0 83.0
2022-01-14T23:44:00 1015.6 26.0 83.1
2022-01-14T23:45:00 1015.6 26.1 82.8
2022-01-14T23:46:00 1015.6 26.1 82.8
2022-01-14T23:47:00 1015.6 26.1 82.8
2022-01-14T23:48:00 1015.6 26.0 83.3
2022-01-14T23:49:00 1015.6 26.0 83.2
2022-01-14T23:50:00 1015.7 26.0 83.3
2022-01-14T23:51:00 1015.7 26.0 83.3
2022-01-14T23:52:00 1015.7 26.0 83.7
2022-01-14T23:53:00 1015.7 26.0 83.7
2022-01-14T23:54:00 1015.7 26.0 83.5
2022-01-14T23:55:00 1015.7 25.9 83.8
2022-01-14T23:56:00 1015.7 25.8 84.1
2022-01-14T23:57:00 1015.7 25.8 84.8
2022-01-14T23:58:00 1015.7 25.8 84.8
2022-01-14T23:59:00 1015.7 25.9 84.7
