2022-01-15T00:00:00 1015.7 25.8 84.5
2022-01-15T00:01:00 1015.7 25.8 84.7
2022-01-15T00:02:00 1015.7 25.9 84.8
2022-01-15T00:03:00 1015.7 25.9 84.6
2022-01-15T00:04:00 1015.7 25.9 84.6
2022-01-15T00:05:00 1015.7 25.9 84.3
2022-01-15T00:06:00 1015.7 26.0 84.3
2022-01-15T00:07:00 1015.7 25.9 84.5
2022-01-15T00:08:00 1015.7 25.9 84.5
2022-01-15T00:09:00 1015.7 25.9 84.8
2022-01-15T00:10:00 1015.7 26.0 84.5
2022-01-15T00:11:00 1015.7 25.9 84.7
2022-01-15T00:12:00 1015.7 25.9 84.7
2022-01-15T00:13:00 1015.8 25.8 85.1
2022-01-15T00:14:00 1015.7 25.8 85.1
2022-01-15T00:15:00 1015.8 25.8 85.3
2022-01-15T00:16:00 1015.8 25.9 85.5
2022-01-15T00:17:00 1015.8 25.9 85.5
2022-01-15T00:18:00 1015.8 25.9 85.3
2022-01-15T00:19:00 1015.8 25.9 85.3
2022-01-15T00:20:00 1015.8 25.8 85.3
2022-01-15T00:21:00 1015.8 25.8 85.6
2022-01-15T00:22:00 1015.8 25.7 85.2
2022-01-15T00:23:00 1015.8 25.7 86.0
2022-01-15T00:24:00 1015.8 25.6 86.0
2022-01-15T00:25:00 1015.8 25.5 86.3
2022-01-15T00:26:00 1015.8 25.5 86.6
2022-01-15T00:27:00 1015.8 25.6 87.0
2022-01-15T00:28:00 1015.8 25.7 86.4
2022-01-15T00:29:00 1015.8 25.7 86.2
2022-01-15T00:30:00 1015.8 25.7 86.1
2022-01-15T00:31:00 1015.9 25.7 86.0
2022-01-15T00:32:00 1015.9 25.7 85.6
2022-01-15T00:33:00 1015.9 25.7 85.6
2022-01-15T00:34:00 1015.9 25.8 85.3
2022-01-15T00:35:00 1015.9 25.9 85.0
2022-01-15T00:36:00 1015.9 25.8 84.8
2022-01-15T00:37:00 1015.9 25.8 84.7
2022-01-15T00:38:00 1015.9 25.7 85.3
2022-01-15T00:39:00 1015.9 25.7 85.4
2022-01-15T00:40:00 1015.9 25.7 85.4
2022-01-15T00:41:00 1015.9 25.7 85.1
2022-01-15T00:42:00 1015.9 25.8 84.8
2022-01-15T00:43:00 1015.9 25.7 85.0
2022-01-15T00:44:00 1015.9 25.6 85.1
2022-01-15T00:45:00 1015.9 25.7 85.2
2022-01-15T00:46:00 1015.9 25.7 85.0
2022-01-15T00:47:00 1015.9 25.7 85.0
2022-01-15T00:48:00 1015.9 25.6 85.2
2022-01-15T00:49:00 1015.9 25.8 84.8
2022-01-15T00:50:00 1015.9 25.8 84.7
2022-01-15T00:51:00 1016.0 25.8 84.3
2022-01-15T00:52:00 1016.0 25.8 84.3
2022-01-15T00:53:00 1016.0 25.8 84.2
2022-01-15T00:54:00 1015.9 25.8 84.1
2022-01-15T00:55:00 1015.9 25.7 84.3
2022-01-15T00:56:00 1015.9 25.7 84.2
2022-01-15T00:57:00 1015.9 25.6 84.3
2022-01-15T00:58:00 1015.9 25.6 84.8
2022-01-15T00:59:00 1015.9 25.6 84.8
2022-01-15T01:00:00 1015.9 25.6 84.8
2022-01-15T01:01:00 1015.9 25.6 84.3
2022-01-15T01:02:00 1015.9 25.7 84.1
2022-01-15T01:03:00 1015.9 25.8 83.8
2022-01-15T01:04:00 1015.9 25.7 83.8
2022-01-15T01:05:00 1015.9 25.7 83.9
2022-01-15T01:06:00 1015.9 25.7 84.0
2022-01-15T01:07:00 1015.9 25.6 84.1
2022-01-15T01:08:00 1015.9 25.6 84.4
2022-01-15T01:09:00 1015.9 25.7 84.2
2022-01-15T01:10:00 1015.9 25.7 83.8
2022-01-15T01:11:00 1015.9 25.8 83.7
2022-01-15T01:12:00 1015.9 25.8 83.5
2022-01-15T01:13:00 1015.9 25.8 83.5
2022-01-15T01:14:00 1015.9 25.8 83.6
2022-01-15T01:15:00 1015.9 25.8 83.6
2022-01-15T01:16:00 1015.9 25.8 83.7
2022-01-15T01:17:00 1015.9 25.8 83.5
2022-01-15T01:18:00 1015.9 25.8 83.3
2022-01-15T01:19:00 1015.9 25.9 83.3
2022-01-15T01:20:00 1015.9 25.8 83.3
2022-01-15T01:21:00 1015.9 25.8 83.6
2022-01-15T01:22:00 1015.8 25.8 83.7
2022-01-15T01:23:00 1015.8 25.7 84.0
2022-01-15T01:24:00 1015.8 25.8 84.0
2022-01-15T01:25:00 1015.8 25.8 83.9
2022-01-15T01:26:00 1015.8 25.8 83.8
2022-01-15T01:27:00 1015.8 25.8 83.6
2022-01-15T01:28:00 1015.8 25.7 84.2
2022-01-15T01:29:00 1015.8 25.8 83.9
2022-01-15T01:30:00 1015.8 25.7 83.9
2022-01-15T01:31:00 1015.8 25.7 84.5
2022-01-15T01:32:00 1015.8 25.8 84.2
2022-01-15T01:33:00 1015.8 25.8 83.7
2022-01-15T01:34:00 1015.8 25.8 84.2
2022-01-15T01:35:00 1015.8 25.6 83.9
2022-01-15T01:36:00 1015.8 25.6 84.8
2022-01-15T01:37:00 1015.8 25.6 84.9
2022-01-15T01:38:00 1015.8 25.7 84.5
2022-01-15T01:39:00 1015.8 25.7 84.4
2022-01-15T01:40:00 1015.8 25.6 84.8
2022-01-15T01:41:00 1015.8 25.6 84.7
2022-01-15T01:42:00 1015.8 25.6 85.0
2022-01-15T01:43:00 1015.8 25.6 84.7
2022-01-15T01:44:00 1015.8 25.6 84.5
2022-01-15T01:45:00 1015.8 25.4 84.8
2022-01-15T01:46:00 1015.8 25.5 85.6
2022-01-15T01:47:00 1015.8 25.5 85.2
2022-01-15T01:48:00 1015.8 25.6 84.5
2022-01-15T01:49:00 1015.8 25.7 84.0
2022-01-15T01:50:00 1015.8 25.7 83.9
2022-01-15T01:51:00 1015.8 25.7 83.8
2022-01-15T01:52:00 1015.8 25.7 83.8
2022-01-15T01:53:00 1015.8 25.7 83.9
2022-01-15T01:54:00 1015.8 25.6 84.2
2022-01-15T01:55:00 1015.7 25.6 84.4
2022-01-15T01:56:00 1015.7 25.6 84.5
2022-01-15T01:57:00 1015.7 25.7 83.9
2022-01-15T01:58:00 1015.8 25.8 83.6
2022-01-15T01:59:00 1015.7 25.7 83.5
2022-01-15T02:00:00 1015.8 25.8 83.1
2022-01-15T02:01:00 1015.8 25.8 83.1
2022-01-15T02:02:00 1015.8 25.7 83.4
2022-01-15T02:03:00 1015.8 25.6 83.7
2022-01-15T02:04:00 1015.8 25.6 83.9
2022-01-15T02:05:00 1015.7 25.8 83.4
2022-01-15T02:06:00 1015.7 25.8 82.9
2022-01-15T02:07:00 1015.7 25.8 82.9
2022-01-15T02:08:00 1015.7 25.7 83.4
2022-01-15T02:09:00 1015.7 25.7 83.3
2022-01-15T02:10:00 1015.6 25.8 83.0
2022-01-15T02:11:00 1015.6 25.9 82.7
2022-01-15T02:12:00 1015.6 25.9 82.5
2022-01-15T02:13:00 1015.6 25.8 82.8
2022-01-15T02:14:00 1015.6 25.8 82.7
2022-01-15T02:15:00 1015.6 25.7 83.1
2022-01-15T02:16:00 1015.5 25.7 83.3
2022-01-15T02:17:00 1015.5 25.6 83.5
2022-01-15T02:18:00 1015.5 25.6 83.9
2022-01-15T02:19:00 1015.5 25.6 84.2
2022-01-15T02:20:00 1015.5 25.6 84.2
2022-01-15T02:21:00 1015.4 25.8 83.3
2022-01-15T02:22:00 1015.4 25.7 83.3
2022-01-15T02:23:00 1015.4 25.6 83.8
2022-01-15T02:24:00 1015.4 25.6 83.6
2022-01-15T02:25:00 1015.4 25.7 83.4
2022-01-15T02:26:00 1015.4 25.8 83.0
2022-01-15T02:27:00 1015.3 25.9 82.9
2022-01-15T02:28:00 1015.3 25.9 82.6
2022-01-15T02:29:00 1015.3 25.9 82.4
2022-01-15T02:30:00 1015.3 25.9 82.7
2022-01-15T02:31:00 1015.3 25.9 82.6
2022-01-15T02:32:00 1015.3 25.8 82.7
2022-01-15T02:33:00 1015.3 25.8 82.8
2022-01-15T02:34:00 1015.3 25.8 83.1
2022-01-15T02:35:00 1015.3 25.8 83.2
2022-01-15T02:36:00 1015.3 25.9 82.9
2022-01-15T02:37:00 1015.3 25.9 82.7
2022-01-15T02:38:00 1015.2 25.8 83.3
2022-01-15T02:39:00 1015.2 25.8 83.6
2022-01-15T02:40:00 1015.2 25.7 83.8
2022-01-15T02:41:00 1015.2 25.7 83.5
2022-01-15T02:42:00 1015.2 25.6 83.9
2022-01-15T02:43:00 1015.2 25.6 84.0
2022-01-15T02:44:00 1015.1 25.6 84.0
2022-01-15T02:45:00 1015.1 25.7 83.8
2022-01-15T02:46:00 1015.1 25.7 83.5
2022-01-15T02:47:00 1015.0 25.8 83.2
2022-01-15T02:48:00 1015.0 25.8 83.1
2022-01-15T02:49:00 1015.0 25.8 82.8
2022-01-15T02:50:00 1015.0 25.8 83.0
2022-01-15T02:51:00 1015.0 25.8 83.0
2022-01-15T02:52:00 1015.0 25.9 82.6
2022-01-15T02:53:00 1014.9 25.8 82.5
2022-01-15T02:54:00 1014.9 25.7 82.6
2022-01-15T02:55:00 1014.9 25.8 82.8
2022-01-15T02:56:00 1014.9 25.9 82.3
2022-01-15T02:57:00 1014.9 25.9 82.2
2022-01-15T02:58:00 1014.8 25.8 82.2
2022-01-15T02:59:00 1014.8 25.8 82.5
2022-01-15T03:00:00 1014.8 25.9 82.3
2022-01-15T03:01:00 1014.8 25.8 82.4
2022-01-15T03:02:00 1014.7 25.7 82.3
2022-01-15T03:03:00 1014.7 25.7 82.6
2022-01-15T03:04:00 1014.7 25.8 82.4
2022-01-15T03:05:00 1014.7 25.7 82.6
2022-01-15T03:06:00 1014.7 25.7 82.5
2022-01-15T03:07:00 1014.7 25.8 82.4
2022-01-15T03:08:00 1014.7 25.7 82.1
2022-01-15T03:09:00 1014.7 25.7 82.4
2022-01-15T03:10:00 1014.7 25.6 82.5
2022-01-15T03:11:00 1014.7 25.6 82.5
2022-01-15T03:12:00 1014.7 25.5 82.8
2022-01-15T03:13:00 1014.7 25.4 83.3
2022-01-15T03:14:00 1014.6 25.6 82.8
2022-01-15T03:15:00 1014.6 25.6 82.9
2022-01-15T03:16:00 1014.6 25.6 82.7
2022-01-15T03:17:00 1014.5 25.6 82.6
2022-01-15T03:18:00 1014.5 25.6 82.5
2022-01-15T03:19:00 1014.5 25.6 82.1
2022-01-15T03:20:00 1014.5 25.6 82.2
2022-01-15T03:21:00 1014.5 25.6 82.3
2022-01-15T03:22:00 1014.5 25.6 82.3
2022-01-15T03:23:00 1014.5 25.6 82.3
2022-01-15T03:24:00 1014.5 25.6 82.4
2022-01-15T03:25:00 1014.5 25.6 82.5
2022-01-15T03:26:00 1014.5 25.6 82.3
2022-01-15T03:27:00 1014.4 25.5 82.6
2022-01-15T03:28:00 1014.4 25.5 82.9
2022-01-15T03:29:00 1014.4 25.4 83.1
2022-01-15T03:30:00 1014.4 25.5 82.8
2022-01-15T03:31:00 1014.4 25.6 82.4
2022-01-15T03:32:00 1014.4 25.8 81.7
2022-01-15T03:33:00 1014.4 25.8 81.7
2022-01-15T03:34:00 1014.3 25.7 81.7
2022-01-15T03:35:00 1014.3 25.7 82.0
2022-01-15T03:36:00 1014.3 25.7 82.0
2022-01-15T03:37:00 1014.3 25.8 82.0
2022-01-15T03:38:00 1014.3 25.9 81.7
2022-01-15T03:39:00 1014.3 25.8 81.9
2022-01-15T03:40:00 1014.2 25.8 82.0
2022-01-15T03:41:00 1014.2 25.8 82.3
2022-01-15T03:42:00 1014.2 25.8 82.3
2022-01-15T03:43:00 1014.2 25.9 82.2
2022-01-15T03:44:00 1014.2 25.9 82.3
2022-01-15T03:45:00 1014.2 25.8 82.5
2022-01-15T03:46:00 1014.2 25.8 82.4
2022-01-15T03:47:00 1014.2 25.7 82.6
2022-01-15T03:48:00 1014.2 25.7 83.2
2022-01-15T03:49:00 1014.1 25.7 83.0
2022-01-15T03:50:00 1014.1 25.7 82.9
2022-01-15T03:51:00 1014.1 25.7 83.2
2022-01-15T03:52:00 1014.1 25.7 83.0
2022-01-15T03:53:00 1014.1 25.6 83.5
2022-01-15T03:54:00 1014.1 25.6 83.8
2022-01-15T03:55:00 1014.1 25.6 83.7
2022-01-15T03:56:00 1014.1 25.6 83.6
2022-01-15T03:57:00 1014.0 25.6 83.7
2022-01-15T03:58:00 1014.0 25.6 83.7
2022-01-15T03:59:00 1014.0 25.6 83.8
2022-01-15T04:00:00 1014.0 25.6 83.7
2022-01-15T04:01:00 1014.0 25.6 83.4
2022-01-15T04:02:00 1014.0 25.5 83.7
2022-01-15T04:03:00 1013.9 25.5 84.3
2022-01-15T04:04:00 1013.9 25.5 83.8
2022-01-15T04:05:00 1013.9 25.4 84.2
2022-01-15T04:06:00 1013.9 25.4 84.4
2022-01-15T04:07:00 1013.9 25.4 84.3
2022-01-15T04:08:00 1013.9 25.4 84.3
2022-01-15T04:09:00 1013.9 25.5 84.0
2022-01-15T04:10:00 1013.9 25.5 83.9
2022-01-15T04:11:00 1013.9 25.6 83.6
2022-01-15T04:12:00 1013.9 25.6 83.5
2022-01-15T04:13:00 1013.8 25.7 83.1
2022-01-15T04:14:00 1013.8 25.6 83.1
2022-01-15T04:15:00 1013.8 25.6 83.3
2022-01-15T04:16:00 1013.8 25.6 83.2
2022-01-15T04:17:00 1013.8 25.6 83.3
2022-01-15T04:18:00 1013.8 25.5 83.6
2022-01-15T04:19:00 1013.8 25.5 83.8
2022-01-15T04:20:00 1013.8 25.5 83.8
2022-01-15T04:21:00 1013.8 25.6 83.9
2022-01-15T04:22:00 1013.8 25.6 84.0
2022-01-15T04:23:00 1013.7 25.6 84.0
2022-01-15T04:24:00 1013.7 25.5 84.2
2022-01-15T04:25:00 1013.7 25.5 84.2
2022-01-15T04:26:00 1013.7 25.5 84.4
2022-01-15T04:27:00 1013.7 25.4 84.5
2022-01-15T04:28:00 1013.7 25.4 84.8
2022-01-15T04:29:00 1013.7 25.4 84.7
2022-01-15T04:30:00 1013.7 25.3 84.7
2022-01-15T04:31:00 1013.7 25.4 85.4
2022-01-15T04:32:00 1013.7 25.4 85.0
2022-01-15T04:33:00 1013.6 25.3 85.3
2022-01-15T04:34:00 1013.6 25.2 85.3
2022-01-15T04:35:00 1013.6 25.2 85.8
2022-01-15T04:36:00 1013.6 25.2 85.6
2022-01-15T04:37:00 1013.6 25.1 85.7
2022-01-15T04:38:00 1013.6 25.2 86.0
2022-01-15T04:39:00 1013.6 25.2 85.7
2022-01-15T04:40:00 1013.6 25.2 86.0
2022-01-15T04:41:00 1013.6 25.3 85.4
2022-01-15T04:42:00 1013.6 25.3 85.8
2022-01-15T04:43:00 1013.6 25.3 85.6
2022-01-15T04:44:00 1013.5 25.2 86.0
2022-01-15T04:45:00 1013.5 25.1 86.6
2022-01-15T04:46:00 1013.5 25.1 86.3
2022-01-15T04:47:00 1013.5 24.9 86.6
2022-01-15T04:48:00 1013.5 24.9 87.0
2022-01-15T04:49:00 1013.5 25.1 87.0
2022-01-15T04:50:00 1013.4 25.1 86.7
2022-01-15T04:51:00 1013.4 25.1 86.4
2022-01-15T04:52:00 1013.4 25.0 86.7
2022-01-15T04:53:00 1013.4 25.0 86.6
2022-01-15T04:54:00 1013.4 24.9 86.6
2022-01-15T04:55:00 1013.4 24.9 87.3
2022-01-15T04:56:00 1013.4 24.9 88.1
2022-01-15T04:57:00 1013.3 24.9 88.0
2022-01-15T04:58:00 1013.3 24.9 87.9
2022-01-15T04:59:00 1013.3 24.8 88.2
2022-01-15T05:00:00 1013.3 24.8 88.4
2022-01-15T05:01:00 1013.3 24.7 88.2
2022-01-15T05:02:00 1013.3 24.7 89.0
2022-01-15T05:03:00 1013.3 24.6 88.7
2022-01-15T05:04:00 1013.3 24.7 89.1
2022-01-15T05:05:00 1013.3 24.6 88.7
2022-01-15T05:06:00 1013.3 24.5 88.7
2022-01-15T05:07:00 1013.2 24.4 89.2
2022-01-15T05:08:00 1013.2 24.5 90.0
2022-01-15T05:09:00 1013.2 24.4 89.4
2022-01-15T05:10:00 1013.2 24.4 89.8
2022-01-15T05:11:00 1013.2 24.4 89.8
2022-01-15T05:12:00 1013.2 24.5 90.5
2022-01-15T05:13:00 1013.2 24.6 90.6
2022-01-15T05:14:00 1013.2 24.6 90.1
2022-01-15T05:15:00 1013.2 24.6 89.9
2022-01-15T05:16:00 1013.2 24.6 89.9
2022-01-15T05:17:00 1013.2 24.6 89.2
2022-01-15T05:18:00 1013.2 24.5 89.8
2022-01-15T05:19:00 1013.2 24.4 90.4
2022-01-15T05:20:00 1013.2 24.5 90.2
2022-01-15T05:21:00 1013.2 24.6 90.3
2022-01-15T05:22:00 1013.2 24.8 89.7
2022-01-15T05:23:00 1013.2 24.8 89.5
2022-01-15T05:24:00 1013.2 24.8 89.9
2022-01-15T05:25:00 1013.1 24.8 89.7
2022-01-15T05:26:00 1013.1 24.8 89.4
2022-01-15T05:27:00 1013.1 24.8 89.7
2022-01-15T05:28:00 1013.1 24.9 89.3
2022-01-15T05:29:00 1013.1 24.8 89.0
2022-01-15T05:30:00 1013.1 24.7 89.0
2022-01-15T05:31:00 1013.1 24.6 89.2
2022-01-15T05:32:00 1013.0 24.6 90.2
2022-01-15T05:33:00 1013.0 24.7 89.7
2022-01-15T05:34:00 1013.0 24.7 89.3
2022-01-15T05:35:00 1013.0 24.7 89.9
2022-01-15T05:36:00 1013.0 24.7 89.7
2022-01-15T05:37:00 1013.0 24.8 89.7
2022-01-15T05:38:00 1013.0 25.0 88.4
2022-01-15T05:39:00 1013.1 25.0 87.6
2022-01-15T05:40:00 1013.1 24.9 87.8
2022-01-15T05:41:00 1013.1 24.9 88.5
2022-01-15T05:42:00 1013.0 24.9 88.4
2022-01-15T05:43:00 1013.0 24.8 89.1
2022-01-15T05:44:00 1013.0 24.8 88.8
2022-01-15T05:45:00 1013.0 24.7 89.2
2022-01-15T05:46:00 1013.0 24.7 89.6
2022-01-15T05:47:00 1013.0 24.8 89.3
2022-01-15T05:48:00 1013.0 25.0 88.5
2022-01-15T05:49:00 1013.0 24.9 88.4
2022-01-15T05:50:00 1013.0 24.9 88.6
2022-01-15T05:51:00 1012.9 24.9 88.4
2022-01-15T05:52:00 1012.9 24.8 88.5
2022-01-15T05:53:00 1013.0 24.7 88.7
2022-01-15T05:54:00 1013.0 24.6 89.7
2022-01-15T05:55:00 1013.0 24.6 89.7
2022-01-15T05:56:00 1013.0 24.5 89.7
2022-01-15T05:57:00 1013.0 24.5 90.0
2022-01-15T05:58:00 1012.9 24.5 90.1
2022-01-15T05:59:00 1012.9 24.4 90.0
2022-01-15T06:00:00 1012.9 24.4 90.2
2022-01-15T06:01:00 1012.9 24.3 90.3
2022-01-15T06:02:00 1012.8 24.3 90.4
2022-01-15T06:03:00 1012.8 24.3 91.0
2022-01-15T06:04:00 1012.8 24.3 90.8
2022-01-15T06:05:00 1012.8 24.4 90.8
2022-01-15T06:06:00 1012.8 24.4 90.6
2022-01-15T06:07:00 1012.8 24.4 90.3
2022-01-15T06:08:00 1012.8 24.3 90.0
2022-01-15T06:09:00 1012.8 24.1 90.4
2022-01-15T06:10:00 1012.8 24.1 91.0
2022-01-15T06:11:00 1012.8 24.1 91.3
2022-01-15T06:12:00 1012.8 24.1 91.2
2022-01-15T06:13:00 1012.8 24.2 91.5
2022-01-15T06:14:00 1012.8 24.2 91.5
2022-01-15T06:15:00 1012.8 24.2 91.4
2022-01-15T06:16:00 1012.8 24.2 91.2
2022-01-15T06:17:00 1012.8 24.1 91.2
2022-01-15T06:18:00 1012.8 24.1 91.4
2022-01-15T06:19:00 1012.8 24.1 91.8
2022-01-15T06:20:00 1012.8 24.0 91.6
2022-01-15T06:21:00 1012.8 24.0 91.8
2022-01-15T06:22:00 1012.8 24.0 91.7
2022-01-15T06:23:00 1012.8 24.0 91.6
2022-01-15T06:24:00 1012.8 24.0 91.8
2022-01-15T06:25:00 1012.8 24.0 92.3
2022-01-15T06:26:00 1012.8 24.0 92.0
2022-01-15T06:27:00 1012.8 24.1 92.0
2022-01-15T06:28:00 1012.8 24.1 92.2
2022-01-15T06:29:00 1012.9 24.2 91.5
2022-01-15T06:30:00 1012.8 24.2 91.9
2022-01-15T06:31:00 1012.9 24.2 92.0
2022-01-15T06:32:00 1012.9 24.3 91.8
2022-01-15T06:33:00 1012.9 24.3 91.9
2022-01-15T06:34:00 1012.9 24.3 91.8
2022-01-15T06:35:00 1012.9 24.3 91.6
2022-01-15T06:36:00 1012.9 24.3 91.6
2022-01-15T06:37:00 1013.0 24.4 91.3
2022-01-15T06:38:00 1013.0 24.4 91.1
2022-01-15T06:39:00 1013.0 24.3 91.1
2022-01-15T06:40:00 1013.0 24.3 91.0
2022-01-15T06:41:00 1013.0 24.3 91.2
2022-01-15T06:42:00 1013.0 24.2 91.4
2022-01-15T06:44:00 1013.0 24.2 91.3
2022-01-15T06:45:00 1013.0 24.1 91.3
2022-01-15T06:46:00 1013.0 24.1 91.4
2022-01-15T06:47:00 1013.0 24.1 91.9
2022-01-15T06:48:00 1013.0 24.0 91.1
2022-01-15T06:49:00 1013.0 23.9 91.8
2022-01-15T06:50:00 1013.0 23.9 92.2
2022-01-15T06:51:00 1013.0 23.9 92.3
2022-01-15T06:52:00 1013.0 23.9 92.5
2022-01-15T06:53:00 1013.0 23.9 92.4
2022-01-15T06:54:00 1013.0 23.9 92.5
2022-01-15T06:55:00 1013.0 23.9 92.0
2022-01-15T06:56:00 1013.0 23.8 92.5
2022-01-15T06:57:00 1013.0 23.8 92.4
2022-01-15T06:58:00 1013.0 23.7 92.7
2022-01-15T06:59:00 1013.0 23.6 92.7
2022-01-15T07:00:00 1013.0 23.6 92.7
2022-01-15T07:01:00 1013.0 23.6 93.2
2022-01-15T07:02:00 1013.0 23.4 92.2
2022-01-15T07:03:00 1013.0 23.4 92.6
2022-01-15T07:04:00 1013.0 23.4 93.5
2022-01-15T07:05:00 1013.0 23.4 93.5
2022-01-15T07:06:00 1013.0 23.4 93.4
2022-01-15T07:07:00 1013.0 23.4 94.0
2022-01-15T07:08:00 1013.0 23.4 93.8
2022-01-15T07:09:00 1013.0 23.4 94.0
2022-01-15T07:10:00 1013.1 23.4 94.2
2022-01-15T07:11:00 1013.1 23.4 94.0
2022-01-15T07:12:00 1013.1 23.4 93.9
2022-01-15T07:13:00 1013.1 23.3 93.8
2022-01-15T07:14:00 1013.1 23.3 94.3
2022-01-15T07:15:00 1013.1 23.2 93.8
2022-01-15T07:16:00 1013.1 23.2 94.4
2022-01-15T07:17:00 1013.1 23.3 95.2
2022-01-15T07:18:00 1013.1 23.2 94.5
2022-01-15T07:19:00 1013.1 23.2 95.1
2022-01-15T07:20:00 1013.1 23.3 95.2
2022-01-15T07:21:00 1013.1 23.3 94.3
2022-01-15T07:22:00 1013.1 23.2 94.7
2022-01-15T07:23:00 1013.1 23.2 95.0
2022-01-15T07:24:00 1013.1 23.2 95.3
2022-01-15T07:25:00 1013.2 23.2 95.1
2022-01-15T07:26:00 1013.2 23.1 95.3
2022-01-15T07:27:00 1013.2 23.1 95.3
2022-01-15T07:28:00 1013.2 23.1 95.4
2022-01-15T07:29:00 1013.2 23.1 95.2
2022-01-15T07:30:00 1013.2 23.1 95.0
2022-01-15T07:31:00 1013.2 23.2 95.2
2022-01-15T07:32:00 1013.2 23.1 94.6
2022-01-15T07:33:00 1013.2 23.0 94.9
2022-01-15T07:34:00 1013.3 22.9 94.4
2022-01-15T07:35:00 1013.3 23.0 94.7
2022-01-15T07:36:00 1013.3 23.0 95.1
2022-01-15T07:37:00 1013.3 23.0 95.6
2022-01-15T07:38:00 1013.3 23.1 95.9
2022-01-15T07:39:00 1013.3 23.2 95.9
2022-01-15T07:40:00 1013.3 23.2 95.5
2022-01-15T07:41:00 1013.3 23.1 95.3
2022-01-15T07:42:00 1013.3 23.1 95.5
2022-01-15T07:43:00 1013.3 23.1 95.2
2022-01-15T07:44:00 1013.3 23.1 95.2
2022-01-15T07:45:00 1013.3 23.0 95.2
2022-01-15T07:46:00 1013.3 23.0 95.1
2022-01-15T07:47:00 1013.3 23.0 95.3
2022-01-15T07:48:00 1013.3 23.0 95.1
2022-01-15T07:49:00 1013.3 22.8 94.7
2022-01-15T07:50:00 1013.3 22.8 95.0
2022-01-15T07:51:00 1013.3 22.9 95.8
2022-01-15T07:52:00 1013.3 22.9 95.5
2022-01-15T07:53:00 1013.4 23.0 96.2
2022-01-15T07:54:00 1013.4 23.0 95.9
2022-01-15T07:55:00 1013.4 23.0 95.9
2022-01-15T07:56:00 1013.4 23.0 95.5
2022-01-15T07:57:00 1013.4 22.9 95.5
2022-01-15T07:58:00 1013.4 22.9 95.3
2022-01-15T07:59:00 1013.4 22.9 95.7
2022-01-15T08:00:00 1013.4 22.9 95.4
2022-01-15T08:01:00 1013.4 22.8 95.3
2022-01-15T08:02:00 1013.4 22.8 95.7
2022-01-15T08:03:00 1013.4 22.8 95.2
2022-01-15T08:04:00 1013.4 22.9 96.0
2022-01-15T08:05:00 1013.4 22.9 96.2
2022-01-15T08:06:00 1013.4 22.9 96.4
2022-01-15T08:07:00 1013.4 22.9 95.8
2022-01-15T08:08:00 1013.4 23.0 96.4
2022-01-15T08:09:00 1013.5 22.9 95.9
2022-01-15T08:10:00 1013.5 23.0 96.4
2022-01-15T08:11:00 1013.5 23.1 96.2
2022-01-15T08:12:00 1013.5 23.0 96.0
2022-01-15T08:13:00 1013.5 23.0 96.2
2022-01-15T08:14:00 1013.5 23.0 96.2
2022-01-15T08:15:00 1013.5 23.1 96.2
2022-01-15T08:16:00 1013.5 23.1 96.0
2022-01-15T08:17:00 1013.5 23.1 96.3
2022-01-15T08:18:00 1013.5 23.2 95.8
2022-01-15T08:19:00 1013.5 23.1 95.5
2022-01-15T08:20:00 1013.5 23.2 95.8
2022-01-15T08:21:00 1013.5 23.1 95.7
2022-01-15T08:22:00 1013.5 23.1 95.9
2022-01-15T08:23:00 1013.5 23.2 96.3
2022-01-15T08:24:00 1013.5 23.2 96.0
2022-01-15T08:25:00 1013.5 23.3 96.1
2022-01-15T08:26:00 1013.5 23.3 95.7
2022-01-15T08:27:00 1013.5 23.3 95.6
2022-01-15T08:28:00 1013.6 23.4 95.6
2022-01-15T08:29:00 1013.6 23.4 95.5
2022-01-15T08:30:00 1013.6 23.4 95.3
2022-01-15T08:31:00 1013.6 23.4 95.3
2022-01-15T08:32:00 1013.6 23.5 95.0
2022-01-15T08:33:00 1013.6 23.4 94.7
2022-01-15T08:34:00 1013.6 23.4 94.9
2022-01-15T08:35:00 1013.7 23.5 94.9
2022-01-15T08:36:00 1013.7 23.5 94.8
2022-01-15T08:37:00 1013.7 23.5 94.7
2022-01-15T08:38:00 1013.7 23.6 94.7
2022-01-15T08:39:00 1013.7 23.6 94.8
2022-01-15T08:40:00 1013.8 23.6 94.8
2022-01-15T08:41:00 1013.8 23.7 94.5
2022-01-15T08:42:00 1013.7 23.7 94.4
2022-01-15T08:43:00 1013.7 23.8 94.2
2022-01-15T08:44:00 1013.7 23.8 94.1
2022-01-15T08:45:00 1013.7 23.8 94.0
2022-01-15T08:46:00 1013.7 23.8 93.9
2022-01-15T08:47:00 1013.7 23.9 93.7
2022-01-15T08:48:00 1013.7 23.9 93.6
2022-01-15T08:49:00 1013.7 23.9 93.7
2022-01-15T08:50:00 1013.7 23.9 93.7
2022-01-15T08:51:00 1013.7 23.9 93.7
2022-01-15T08:52:00 1013.7 23.9 93.3
2022-01-15T08:53:00 1013.7 24.0 93.2
2022-01-15T08:54:00 1013.7 24.0 93.1
2022-01-15T08:55:00 1013.7 24.0 92.9
2022-01-15T08:56:00 1013.7 24.1 92.9
2022-01-15T08:57:00 1013.7 24.1 92.9
2022-01-15T08:58:00 1013.7 24.1 92.6
2022-01-15T08:59:00 1013.7 24.2 92.8
2022-01-15T09:00:00 1013.8 24.3 92.5
2022-01-15T09:01:00 1013.8 24.3 92.3
2022-01-15T09:02:00 1013.8 24.4 92.0
2022-01-15T09:03:00 1013.8 24.5 91.9
2022-01-15T09:04:00 1013.8 24.6 91.8
2022-01-15T09:05:00 1013.8 24.7 91.3
2022-01-15T09:06:00 1013.8 24.7 91.0
2022-01-15T09:07:00 1013.8 24.7 90.8
2022-01-15T09:08:00 1013.9 24.8 90.5
2022-01-15T09:09:00 1013.9 24.9 90.3
2022-01-15T09:10:00 1013.9 25.0 90.1
2022-01-15T09:11:00 1013.9 25.0 90.2
2022-01-15T09:12:00 1013.9 24.9 90.2
2022-01-15T09:13:00 1013.9 24.9 90.0
2022-01-15T09:14:00 1013.9 24.9 90.2
2022-01-15T09:15:00 1014.0 24.9 90.4
2022-01-15T09:16:00 1014.0 24.9 90.4
2022-01-15T09:17:00 1014.0 24.9 90.5
2022-01-15T09:18:00 1014.0 25.0 90.6
2022-01-15T09:19:00 1014.0 25.1 90.5
2022-01-15T09:20:00 1014.0 25.4 90.6
2022-01-15T09:21:00 1014.0 25.8 89.4
2022-01-15T09:22:00 1014.0 26.8 87.9
2022-01-15T09:23:00 1014.0 26.9 85.3
2022-01-15T09:24:00 1014.0 27.0 84.6
2022-01-15T09:25:00 1014.0 28.1 86.3
2022-01-15T09:26:00 1014.0 30.6 78.6
2022-01-15T09:27:00 1014.0 31.7 74.4
2022-01-15T09:28:00 1014.0 31.3 72.8
2022-01-15T09:29:00 1014.0 32.1 71.6
2022-01-15T09:30:00 1014.0 33.0 67.2
2022-01-15T09:31:00 1014.0 33.2 66.2
2022-01-15T09:32:00 1014.0 31.6 68.7
2022-01-15T09:33:00 1014.0 30.8 69.8
2022-01-15T09:34:00 1014.0 29.9 72.1
2022-01-15T09:35:00 1014.0 28.9 73.8
2022-01-15T09:36:00 1014.0 28.4 75.5
2022-01-15T09:37:00 1014.0 28.0 77.2
2022-01-15T09:38:00 1014.0 27.8 76.7
2022-01-15T09:39:00 1014.0 27.4 78.2
2022-01-15T09:40:00 1014.0 27.4 79.9
2022-01-15T09:41:00 1014.0 27.3 79.4
2022-01-15T09:42:00 1014.0 27.4 80.2
2022-01-15T09:43:00 1014.0 27.4 79.7
2022-01-15T09:44:00 1014.0 27.1 79.7
2022-01-15T09:45:00 1014.0 26.8 81.1
2022-01-15T09:46:00 1013.9 26.7 81.8
2022-01-15T09:47:00 1013.9 26.8 82.0
2022-01-15T09:48:00 1014.0 26.9 82.1
2022-01-15T09:49:00 1014.0 26.9 82.5
2022-01-15T09:50:00 1014.0 26.9 81.9
2022-01-15T09:51:00 1014.0 26.8 82.4
2022-01-15T09:52:00 1014.0 26.6 82.9
2022-01-15T09:53:00 1014.0 26.4 83.7
2022-01-15T09:54:00 1014.0 26.5 83.6
2022-01-15T09:55:00 1014.0 26.3 83.8
2022-01-15T09:56:00 1014.0 26.5 84.5
2022-01-15T09:57:00 1014.0 26.6 84.1
2022-01-15T09:58:00 1013.9 26.7 84.3
2022-01-15T09:59:00 1013.9 26.6 83.9
2022-01-15T10:00:00 1014.0 26.6 84.1
2022-01-15T10:01:00 1014.0 26.5 84.6
2022-01-15T10:02:00 1014.1 26.5 84.5
2022-01-15T10:03:00 1014.2 25.9 91.6
2022-01-15T10:04:00 1014.1 24.9 95.9
2022-01-15T10:05:00 1014.2 24.5 98.0
2022-01-15T10:06:00 1014.1 24.3 98.7
2022-01-15T10:07:00 1014.0 24.1 98.5
2022-01-15T10:08:00 1014.2 24.0 99.3
2022-01-15T10:09:00 1014.2 24.0 99.7
2022-01-15T10:10:00 1014.3 23.9 99.8
2022-01-15T10:11:00 1014.3 23.9 99.9
2022-01-15T10:12:00 1014.3 24.1 100.0
2022-01-15T10:13:00 1014.3 24.1 100.1
2022-01-15T10:14:00 1014.3 24.4 100.3
2022-01-15T10:16:00 1014.3 24.6 100.4
2022-01-15T10:17:00 1014.3 24.5 100.4
2022-01-15T10:18:00 1014.3 24.9 100.5
2022-01-15T10:19:00 1014.3 24.9 100.5
2022-01-15T10:20:00 1014.3 -9999.9 -9999.9
2022-01-15T10:21:00 1014.3 25.4 100.6
2022-01-15T10:22:00 1014.3 -9999.9 -9999.9
2022-01-15T10:23:00 1014.2 25.6 100.5
2022-01-15T10:24:00 1014.2 25.6 100.6
2022-01-15T10:25:00 1014.3 25.3 100.7
2022-01-15T10:26:00 1014.3 25.6 100.7
2022-01-15T10:27:00 1014.3 24.8 100.7
2022-01-15T10:28:00 1014.2 24.8 100.7
2022-01-15T10:29:00 1014.3 24.7 100.7
2022-01-15T10:30:00 1014.2 24.7 100.7
2022-01-15T10:31:00 1014.2 24.9 100.7
2022-01-15T10:32:00 1014.2 25.1 100.7
2022-01-15T10:33:00 1014.2 25.5 100.7
2022-01-15T10:34:00 1014.2 24.8 100.6
2022-01-15T10:35:00 1014.2 24.7 110.0
2022-01-15T10:36:00 1014.2 25.3 110.0
2022-01-15T10:37:00 1014.3 -9999.9 110.0
2022-01-15T10:40:00 1014.3 25.0 110.0
2022-01-15T10:41:00 1014.3 24.8 110.0
2022-01-15T10:42:00 1014.3 25.0 110.0
2022-01-15T10:43:00 1014.3 24.9 110.0
2022-01-15T10:44:00 1014.3 25.0 110.0
2022-01-15T10:45:00 1014.3 24.9 110.0
2022-01-15T10:46:00 1014.4 25.1 110.0
2022-01-15T10:47:00 1014.4 25.4 110.0
2022-01-15T10:48:00 1014.4 25.4 110.0
2022-01-15T10:49:00 1014.4 25.1 110.0
2022-01-15T10:50:00 1014.4 25.7 110.0
2022-01-15T10:51:00 1014.4 25.7 110.0
2022-01-15T10:52:00 1014.4 27.5 110.0
2022-01-15T10:53:00 1014.4 28.1 110.0
2022-01-15T10:54:00 1014.4 27.5 110.0
2022-01-15T10:55:00 1014.4 26.7 110.0
2022-01-15T10:56:00 1014.4 26.5 110.0
2022-01-15T10:57:00 1014.5 26.4 110.0
2022-01-15T10:58:00 1014.4 26.6 110.0
2022-01-15T10:59:00 1014.5 26.5 110.0
2022-01-15T11:00:00 1014.4 26.4 110.0
2022-01-15T11:01:00 1014.5 26.2 110.0
2022-01-15T11:02:00 1014.5 26.0 110.0
2022-01-15T11:03:00 1014.5 26.3 110.0
2022-01-15T11:04:00 1014.5 26.3 110.0
2022-01-15T11:05:00 1014.5 27.2 110.0
2022-01-15T11:06:00 1014.5 26.7 110.0
2022-01-15T11:07:00 1014.5 28.7 110.0
2022-01-15T11:08:00 1014.5 30.4 110.0
2022-01-15T11:09:00 1014.5 31.8 110.0
2022-01-15T11:10:00 1014.5 33.3 110.0
2022-01-15T11:11:00 1014.5 33.7 110.0
2022-01-15T11:12:00 1014.5 33.4 110.0
2022-01-15T11:13:00 1014.5 33.7 110.0
2022-01-15T11:14:00 1014.5 33.1 110.0
2022-01-15T11:15:00 1014.5 32.4 91.4
2022-01-15T11:16:00 1014.4 32.0 72.8
2022-01-15T11:17:00 1014.4 32.1 74.1
2022-01-15T11:18:00 1014.4 33.2 73.4
2022-01-15T11:19:00 1014.4 35.4 68.9
2022-01-15T11:20:00 1014.4 35.2 64.6
2022-01-15T11:21:00 1014.3 33.9 70.6
2022-01-15T11:22:00 1014.4 34.4 70.9
2022-01-15T11:23:00 1014.3 34.4 69.5
2022-01-15T11:24:00 1014.4 32.8 70.7
2022-01-15T11:25:00 1014.4 31.4 73.5
2022-01-15T11:26:00 1014.4 30.4 75.2
2022-01-15T11:27:00 1014.4 29.7 78.1
2022-01-15T11:28:00 1014.4 29.8 77.4
2022-01-15T11:29:00 1014.4 30.4 80.5
2022-01-15T11:30:00 1014.4 30.6 77.1
2022-01-15T11:31:00 1014.4 30.6 75.2
2022-01-15T11:32:00 1014.4 30.6 74.6
2022-01-15T11:33:00 1014.4 30.8 73.5
2022-01-15T11:34:00 1014.4 30.3 78.0
2022-01-15T11:35:00 1014.4 30.4 77.0
2022-01-15T11:36:00 1014.4 30.4 74.6
2022-01-15T11:37:00 1014.5 30.6 76.9
2022-01-15T11:38:00 1014.5 31.0 74.4
2022-01-15T11:39:00 1014.5 32.1 74.8
2022-01-15T11:40:00 1014.5 32.4 70.9
2022-01-15T11:41:00 1014.5 32.3 72.3
2022-01-15T11:42:00 1014.5 32.8 70.5
2022-01-15T11:43:00 1014.5 32.7 69.1
2022-01-15T11:44:00 1014.5 33.5 65.9
2022-01-15T11:45:00 1014.5 34.0 65.0
2022-01-15T11:46:00 1014.5 32.8 69.7
2022-01-15T11:47:00 1014.5 32.0 70.7
2022-01-15T11:48:00 1014.5 31.9 69.0
2022-01-15T11:49:00 1014.5 32.8 66.5
2022-01-15T11:50:00 1014.5 32.8 65.5
2022-01-15T11:51:00 1014.5 32.3 68.8
2022-01-15T11:52:00 1014.5 32.3 68.6
2022-01-15T11:53:00 1014.5 31.6 68.7
2022-01-15T11:54:00 1014.5 31.5 67.2
2022-01-15T11:55:00 1014.5 31.5 65.7
2022-01-15T11:56:00 1014.5 31.8 66.1
2022-01-15T11:57:00 1014.5 31.8 66.2
2022-01-15T11:58:00 1014.5 32.2 66.7
2022-01-15T11:59:00 1014.5 32.8 67.8
2022-01-15T12:00:00 1014.5 32.9 63.9
2022-01-15T12:01:00 1014.5 33.4 62.1
2022-01-15T12:02:00 1014.5 33.9 62.2
2022-01-15T12:03:00 1014.5 33.6 61.6
2022-01-15T12:04:00 1014.5 32.8 64.0
2022-01-15T12:05:00 1014.6 32.3 64.0
2022-01-15T12:06:00 1014.6 32.5 63.8
2022-01-15T12:07:00 1014.6 32.4 62.9
2022-01-15T12:08:00 1014.6 32.4 65.7
2022-01-15T12:09:00 1014.6 33.0 63.9
2022-01-15T12:10:00 1014.6 33.4 62.9
2022-01-15T12:11:00 1014.6 32.5 61.4
2022-01-15T12:12:00 1014.6 32.6 62.9
2022-01-15T12:13:00 1014.6 33.0 60.5
2022-01-15T12:14:00 1014.6 32.0 62.5
2022-01-15T12:15:00 1014.6 31.7 63.3
2022-01-15T12:16:00 1014.6 31.6 63.5
2022-01-15T12:17:00 1014.6 31.5 62.4
2022-01-15T12:18:00 1014.6 31.3 62.9
2022-01-15T12:19:00 1014.7 31.4 66.0
2022-01-15T12:20:00 1014.6 31.3 63.8
2022-01-15T12:21:00 1014.7 31.9 63.9
2022-01-15T12:22:00 1014.7 32.5 63.7
2022-01-15T12:23:00 1014.6 32.9 58.9
2022-01-15T12:24:00 1014.7 32.3 61.4
2022-01-15T12:25:00 1014.7 33.0 62.7
2022-01-15T12:26:00 1014.7 32.9 60.9
2022-01-15T12:27:00 1014.6 32.2 60.0
2022-01-15T12:28:00 1014.7 31.3 64.0
2022-01-15T12:29:00 1014.7 31.6 62.5
2022-01-15T12:30:00 1014.7 31.3 63.4
2022-01-15T12:31:00 1014.7 31.6 64.6
2022-01-15T12:32:00 1014.7 31.5 63.3
2022-01-15T12:33:00 1014.6 31.5 64.0
2022-01-15T12:34:00 1014.6 31.4 63.7
2022-01-15T12:35:00 1014.6 31.8 63.2
2022-01-15T12:36:00 1014.6 31.9 62.6
2022-01-15T12:37:00 1014.6 32.1 62.3
2022-01-15T12:38:00 1014.6 32.0 62.6
2022-01-15T12:39:00 1014.6 31.7 63.3
2022-01-15T12:40:00 1014.6 31.7 64.1
2022-01-15T12:41:00 1014.6 32.4 65.0
2022-01-15T12:42:00 1014.6 33.2 60.7
2022-01-15T12:43:00 1014.7 33.7 58.1
2022-01-15T12:44:00 1014.6 33.5 59.7
2022-01-15T12:45:00 1014.6 33.5 59.8
2022-01-15T12:46:00 1014.6 35.5 55.8
2022-01-15T12:47:00 1014.6 35.2 55.4
2022-01-15T12:48:00 1014.6 35.0 57.2
2022-01-15T12:49:00 1014.5 35.7 56.4
2022-01-15T12:50:00 1014.6 35.8 53.2
2022-01-15T12:51:00 1014.5 36.1 55.6
2022-01-15T12:52:00 1014.5 38.1 49.4
2022-01-15T12:53:00 1014.5 37.0 52.5
2022-01-15T12:54:00 1014.5 37.2 52.5
2022-01-15T12:55:00 1014.5 36.8 51.8
2022-01-15T12:56:00 1014.5 36.5 53.1
2022-01-15T12:57:00 1014.5 35.8 53.6
2022-01-15T12:58:00 1014.5 37.0 51.2
2022-01-15T12:59:00 1014.5 36.5 50.7
2022-01-15T13:00:00 1014.5 36.2 53.1
2022-01-15T13:01:00 1014.5 37.5 52.4
2022-01-15T13:02:00 1014.5 35.9 52.1
2022-01-15T13:03:00 1014.5 35.2 55.7
2022-01-15T13:04:00 1014.5 36.0 53.6
2022-01-15T13:05:00 1014.5 36.1 52.8
2022-01-15T13:06:00 1014.5 35.9 55.0
2022-01-15T13:07:00 1014.5 38.5 49.6
2022-01-15T13:08:00 1014.4 37.8 48.0
2022-01-15T13:09:00 1014.5 37.8 48.2
2022-01-15T13:10:00 1014.4 38.2 48.2
2022-01-15T13:11:00 1014.4 37.1 47.7
2022-01-15T13:12:00 1014.4 36.0 50.9
2022-01-15T13:13:00 1014.4 35.3 52.5
2022-01-15T13:14:00 1014.5 36.3 48.1
2022-01-15T13:15:00 1014.4 36.0 49.5
2022-01-15T13:16:00 1014.5 36.4 50.0
2022-01-15T13:17:00 1014.4 36.8 47.8
2022-01-15T13:18:00 1014.4 37.4 46.7
2022-01-15T13:19:00 1014.4 36.6 46.4
2022-01-15T13:20:00 1014.4 35.9 49.7
2022-01-15T13:21:00 1014.4 37.0 48.9
2022-01-15T13:22:00 1014.4 37.8 47.1
2022-01-15T13:23:00 1014.5 37.7 47.7
2022-01-15T13:24:00 1014.4 36.6 45.9
2022-01-15T13:25:00 1014.4 36.2 47.1
2022-01-15T13:26:00 1014.4 36.2 47.7
2022-01-15T13:27:00 1014.4 36.7 48.2
2022-01-15T13:28:00 1014.5 38.3 44.6
2022-01-15T13:29:00 1014.4 37.5 44.9
2022-01-15T13:30:00 1014.3 36.7 45.7
2022-01-15T13:31:00 1014.4 36.1 46.3
2022-01-15T13:32:00 1014.3 36.3 46.0
2022-01-15T13:33:00 1014.3 36.4 46.8
2022-01-15T13:34:00 1014.3 37.0 46.5
2022-01-15T13:35:00 1014.3 37.9 45.7
2022-01-15T13:36:00 1014.3 37.5 45.5
2022-01-15T13:37:00 1014.3 37.0 47.8
2022-01-15T13:38:00 1014.3 37.4 46.0
2022-01-15T13:39:00 1014.3 38.1 45.9
2022-01-15T13:40:00 1014.3 38.2 44.6
2022-01-15T13:41:00 1014.3 36.7 46.7
2022-01-15T13:42:00 1014.4 36.8 45.9
2022-01-15T13:43:00 1014.4 35.7 48.6
2022-01-15T13:44:00 1014.4 36.4 46.0
2022-01-15T13:45:00 1014.3 35.6 48.6
2022-01-15T13:46:00 1014.4 36.0 47.9
2022-01-15T13:47:00 1014.4 35.3 49.1
2022-01-15T13:48:00 1014.4 36.1 48.8
2022-01-15T13:49:00 1014.3 34.9 50.0
2022-01-15T13:50:00 1014.3 35.8 49.9
2022-01-15T13:51:00 1014.3 36.2 48.9
2022-01-15T13:52:00 1014.3 36.2 48.9
2022-01-15T13:53:00 1014.3 37.7 45.0
2022-01-15T13:54:00 1014.3 35.8 48.7
2022-01-15T13:55:00 1014.2 35.9 48.5
2022-01-15T13:56:00 1014.2 35.7 47.6
2022-01-15T13:57:00 1014.2 35.0 50.5
2022-01-15T13:58:00 1014.2 35.3 50.5
2022-01-15T13:59:00 1014.2 36.3 48.6
2022-01-15T14:00:00 1014.3 34.6 50.6
2022-01-15T14:01:00 1014.2 35.5 50.6
2022-01-15T14:02:00 1014.2 36.3 47.8
2022-01-15T14:03:00 1014.3 34.9 53.2
2022-01-15T14:04:00 1014.2 36.0 49.3
2022-01-15T14:05:00 1014.2 35.7 48.9
2022-01-15T14:06:00 1014.3 35.8 48.4
2022-01-15T14:07:00 1014.2 35.0 49.7
2022-01-15T14:08:00 1014.2 36.4 48.2
2022-01-15T14:09:00 1014.2 36.7 48.9
2022-01-15T14:10:00 1014.2 36.4 48.6
2022-01-15T14:11:00 1014.2 37.3 48.3
2022-01-15T14:12:00 1014.2 36.7 47.7
2022-01-15T14:13:00 1014.1 36.3 46.7
2022-01-15T14:14:00 1014.1 36.3 48.6
2022-01-15T14:15:00 1014.2 36.7 46.1
2022-01-15T14:16:00 1014.2 36.9 46.6
2022-01-15T14:17:00 1014.2 38.9 43.6
2022-01-15T14:18:00 1014.2 38.0 43.3
2022-01-15T14:19:00 1014.1 39.2 42.2
2022-01-15T14:20:00 1014.2 37.7 42.6
2022-01-15T14:21:00 1014.1 36.0 47.8
2022-01-15T14:22:00 1014.2 37.2 46.0
2022-01-15T14:23:00 1014.1 36.6 45.3
2022-01-15T14:24:00 1014.1 35.9 47.2
2022-01-15T14:25:00 1014.1 36.6 44.8
2022-01-15T14:26:00 1014.1 37.1 46.3
2022-01-15T14:27:00 1014.2 36.8 46.5
2022-01-15T14:28:00 1014.1 36.8 45.6
2022-01-15T14:29:00 1014.0 35.4 48.2
2022-01-15T14:30:00 1014.0 35.6 50.4
2022-01-15T14:31:00 1014.1 36.7 48.7
2022-01-15T14:32:00 1014.0 37.8 46.4
2022-01-15T14:33:00 1014.0 37.1 46.5
2022-01-15T14:34:00 1014.0 37.0 47.9
2022-01-15T14:35:00 1014.1 38.0 46.9
2022-01-15T14:36:00 1014.0 37.8 45.6
2022-01-15T14:37:00 1014.0 37.6 46.1
2022-01-15T14:38:00 1014.0 37.0 46.9
2022-01-15T14:39:00 1014.0 36.5 47.5
2022-01-15T14:40:00 1014.0 36.4 47.8
2022-01-15T14:41:00 1014.0 37.1 47.5
2022-01-15T14:42:00 1014.0 37.3 46.9
2022-01-15T14:43:00 1013.9 36.9 46.9
2022-01-15T14:44:00 1014.0 37.2 46.5
2022-01-15T14:45:00 1013.9 36.0 47.6
2022-01-15T14:46:00 1013.9 35.5 48.8
2022-01-15T14:47:00 1013.9 36.7 47.6
2022-01-15T14:48:00 1013.9 36.9 46.6
2022-01-15T14:49:00 1013.9 35.9 48.5
2022-01-15T14:50:00 1013.9 36.5 47.7
2022-01-15T14:51:00 1013.9 35.9 48.4
2022-01-15T14:52:00 1013.9 34.7 51.1
2022-01-15T14:53:00 1013.9 36.0 49.0
2022-01-15T14:54:00 1013.8 36.6 48.3
2022-01-15T14:55:00 1013.8 36.2 48.5
2022-01-15T14:56:00 1013.8 36.3 48.1
2022-01-15T14:57:00 1013.8 36.8 46.9
2022-01-15T14:58:00 1013.8 36.8 47.7
2022-01-15T14:59:00 1013.8 36.0 48.1
2022-01-15T15:00:00 1013.8 36.3 48.7
2022-01-15T15:01:00 1013.8 37.0 47.2
2022-01-15T15:02:00 1013.8 36.2 48.5
2022-01-15T15:03:00 1013.8 36.5 49.0
2022-01-15T15:04:00 1013.7 38.3 45.5
2022-01-15T15:05:00 1013.7 38.2 44.6
2022-01-15T15:06:00 1013.8 37.0 45.9
2022-01-15T15:07:00 1013.7 36.8 48.6
2022-01-15T15:08:00 1013.7 38.2 45.5
2022-01-15T15:09:00 1013.7 38.0 45.9
2022-01-15T15:10:00 1013.8 39.0 43.9
2022-01-15T15:11:00 1013.8 38.2 44.0
2022-01-15T15:12:00 1013.7 38.1 43.6
2022-01-15T15:13:00 1013.7 38.5 43.9
2022-01-15T15:14:00 1013.7 38.4 44.0
2022-01-15T15:15:00 1013.7 38.7 45.0
2022-01-15T15:16:00 1013.7 39.9 41.1
2022-01-15T15:17:00 1013.7 38.5 43.3
2022-01-15T15:18:00 1013.7 38.9 43.1
2022-01-15T15:19:00 1013.7 38.5 42.7
2022-01-15T15:20:00 1013.7 37.6 44.6
2022-01-15T15:21:00 1013.7 37.8 45.3
2022-01-15T15:22:00 1013.7 38.3 44.0
2022-01-15T15:23:00 1013.6 37.9 44.0
2022-01-15T15:24:00 1013.6 37.9 44.4
2022-01-15T15:25:00 1013.6 39.5 42.3
2022-01-15T15:26:00 1013.5 39.8 40.2
2022-01-15T15:27:00 1013.6 37.4 44.4
2022-01-15T15:28:00 1013.5 36.9 46.1
2022-01-15T15:29:00 1013.6 37.1 47.0
2022-01-15T15:30:00 1013.6 37.2 47.7
2022-01-15T15:31:00 1013.5 36.4 48.4
2022-01-15T15:32:00 1013.5 36.8 47.7
2022-01-15T15:33:00 1013.5 36.8 48.4
2022-01-15T15:34:00 1013.5 36.5 48.5
2022-01-15T15:35:00 1013.5 36.1 49.4
2022-01-15T15:36:00 1013.5 35.9 49.6
2022-01-15T15:37:00 1013.5 35.4 49.1
2022-01-15T15:38:00 1013.4 34.7 52.4
2022-01-15T15:39:00 1013.4 35.0 50.6
2022-01-15T15:40:00 1013.4 35.6 50.4
2022-01-15T15:41:00 1013.4 35.4 50.1
2022-01-15T15:42:00 1013.3 34.3 52.5
2022-01-15T15:43:00 1013.4 34.0 53.2
2022-01-15T15:44:00 1013.3 34.5 53.6
2022-01-15T15:45:00 1013.4 35.0 51.2
2022-01-15T15:46:00 1013.2 34.8 50.8
2022-01-15T15:47:00 1013.3 33.7 53.6
2022-01-15T15:48:00 1013.3 33.4 55.3
2022-01-15T15:49:00 1013.2 33.6 55.2
2022-01-15T15:50:00 1013.2 33.9 53.7
2022-01-15T15:51:00 1013.2 33.7 54.0
2022-01-15T15:52:00 1013.2 34.2 54.5
2022-01-15T15:53:00 1013.2 34.7 52.3
2022-01-15T15:54:00 1013.2 34.3 53.3
2022-01-15T15:55:00 1013.2 34.3 52.8
2022-01-15T15:56:00 1013.2 34.4 51.7
2022-01-15T15:57:00 1013.2 33.7 53.7
2022-01-15T15:58:00 1013.2 33.3 55.8
2022-01-15T15:59:00 1013.2 33.9 54.7
2022-01-15T16:00:00 1013.2 33.8 55.7
2022-01-15T16:01:00 1013.0 33.6 54.8
2022-01-15T16:02:00 1013.1 33.8 55.3
2022-01-15T16:03:00 1013.1 34.1 54.4
2022-01-15T16:04:00 1013.0 34.1 53.9
2022-01-15T16:05:00 1013.1 34.0 55.2
2022-01-15T16:06:00 1013.0 33.9 53.5
2022-01-15T16:07:00 1013.1 33.6 54.4
2022-01-15T16:08:00 1013.0 33.2 55.1
2022-01-15T16:09:00 1013.1 33.0 54.8
2022-01-15T16:10:00 1013.0 32.9 55.2
2022-01-15T16:11:00 1013.1 32.9 56.2
2022-01-15T16:12:00 1013.1 33.0 55.1
2022-01-15T16:13:00 1013.0 33.0 55.3
2022-01-15T16:14:00 1013.0 32.9 55.3
2022-01-15T16:15:00 1013.0 32.9 56.4
2022-01-15T16:16:00 1013.0 33.0 55.8
2022-01-15T16:17:00 1012.9 33.3 55.0
2022-01-15T16:18:00 1013.0 33.0 55.3
2022-01-15T16:19:00 1013.0 32.5 56.3
2022-01-15T16:20:00 1012.9 32.6 56.3
2022-01-15T16:21:00 1012.9 32.7 56.8
2022-01-15T16:22:00 1012.8 32.7 57.1
2022-01-15T16:23:00 1012.8 32.6 56.4
2022-01-15T16:24:00 1012.8 32.6 56.6
2022-01-15T16:25:00 1012.8 32.7 56.0
2022-01-15T16:26:00 1012.8 32.8 55.7
2022-01-15T16:27:00 1012.8 32.8 55.7
2022-01-15T16:28:00 1012.7 33.1 56.3
2022-01-15T16:29:00 1012.8 33.3 54.8
2022-01-15T16:30:00 1012.8 33.2 54.2
2022-01-15T16:31:00 1012.7 33.0 55.4
2022-01-15T16:32:00 1012.8 32.3 57.1
2022-01-15T16:33:00 1012.8 32.3 57.1
2022-01-15T16:34:00 1012.7 32.0 57.1
2022-01-15T16:35:00 1012.7 31.8 58.6
2022-01-15T16:36:00 1012.7 32.2 58.6
2022-01-15T16:37:00 1012.7 32.7 58.0
2022-01-15T16:38:00 1012.7 32.5 57.8
2022-01-15T16:39:00 1012.7 32.6 57.9
2022-01-15T16:40:00 1012.6 33.2 56.5
2022-01-15T16:41:00 1012.6 32.8 56.3
2022-01-15T16:42:00 1012.6 32.3 57.8
2022-01-15T16:43:00 1012.6 32.2 58.7
2022-01-15T16:44:00 1012.6 32.4 57.7
2022-01-15T16:45:00 1012.6 32.2 58.0
2022-01-15T16:46:00 1012.7 31.8 57.8
2022-01-15T16:47:00 1012.6 31.5 59.1
2022-01-15T16:48:00 1012.6 31.3 59.7
2022-01-15T16:49:00 1012.6 31.5 60.2
2022-01-15T16:50:00 1012.6 31.8 59.4
2022-01-15T16:51:00 1012.7 31.9 59.7
2022-01-15T16:52:00 1012.7 32.1 59.0
2022-01-15T16:53:00 1012.7 32.2 58.3
2022-01-15T16:54:00 1012.7 31.5 59.5
2022-01-15T16:55:00 1012.8 31.3 61.3
2022-01-15T16:56:00 1012.8 31.1 62.0
2022-01-15T16:57:00 1012.9 30.9 63.1
2022-01-15T16:58:00 1012.9 30.9 63.4
2022-01-15T16:59:00 1013.0 30.3 65.7
2022-01-15T17:00:00 1013.2 30.6 65.5
2022-01-15T17:01:00 1013.3 31.0 64.0
2022-01-15T17:02:00 1013.4 30.8 64.4
2022-01-15T17:03:00 1013.5 31.3 64.2
2022-01-15T17:04:00 1013.5 31.5 63.1
2022-01-15T17:05:00 1013.5 31.5 62.9
2022-01-15T17:06:00 1013.5 31.7 62.4
2022-01-15T17:07:00 1013.4 31.8 62.1
2022-01-15T17:08:00 1013.3 31.6 62.4
2022-01-15T17:09:00 1013.3 31.5 62.1
2022-01-15T17:10:00 1013.2 31.6 62.4
2022-01-15T17:11:00 1013.0 32.1 61.4
2022-01-15T17:12:00 1012.9 32.1 61.2
2022-01-15T17:13:00 1012.7 32.3 60.9
2022-01-15T17:14:00 1012.6 32.5 60.0
2022-01-15T17:15:00 1012.6 32.7 59.3
2022-01-15T17:16:00 1012.6 32.8 60.3
2022-01-15T17:17:00 1012.7 33.8 58.2
2022-01-15T17:18:00 1012.6 33.5 58.4
2022-01-15T17:19:00 1012.4 33.2 58.6
2022-01-15T17:20:00 1012.4 32.9 59.0
2022-01-15T17:21:00 1012.4 32.8 59.4
2022-01-15T17:22:00 1012.4 33.0 58.3
2022-01-15T17:23:00 1012.4 32.9 59.4
2022-01-15T17:24:00 1012.5 32.7 60.5
2022-01-15T17:25:00 1012.4 32.7 60.8
2022-01-15T17:26:00 1012.3 32.1 62.4
2022-01-15T17:27:00 1012.2 31.7 63.5
2022-01-15T17:28:00 1012.2 31.6 63.7
2022-01-15T17:29:00 1012.1 31.3 63.9
2022-01-15T17:30:00 1012.1 31.3 64.9
2022-01-15T17:31:00 1012.2 31.4 64.0
2022-01-15T17:32:00 1012.1 31.1 64.5
2022-01-15T17:33:00 1012.1 31.2 64.5
2022-01-15T17:34:00 1012.1 31.0 65.3
2022-01-15T17:35:00 1012.2 30.8 65.4
2022-01-15T17:36:00 1012.3 30.9 65.6
2022-01-15T17:37:00 1012.4 31.3 65.1
2022-01-15T17:38:00 1012.4 31.4 64.7
2022-01-15T17:39:00 1012.4 31.7 64.1
2022-01-15T17:40:00 1012.4 32.1 63.0
2022-01-15T17:41:00 1012.4 32.2 62.7
2022-01-15T17:42:00 1012.4 32.0 61.0
2022-01-15T17:43:00 1012.3 31.7 62.3
2022-01-15T17:44:00 1012.3 31.9 61.4
2022-01-15T17:45:00 1012.2 31.6 61.6
2022-01-15T17:46:00 1012.2 31.2 62.2
2022-01-15T17:47:00 1012.2 31.3 62.6
2022-01-15T17:48:00 1012.2 31.6 62.7
2022-01-15T17:49:00 1012.3 31.5 62.7
2022-01-15T17:50:00 1012.3 31.2 61.4
2022-01-15T17:51:00 1012.1 31.1 61.2
2022-01-15T17:52:00 1012.1 31.2 60.7
2022-01-15T17:53:00 1011.8 31.0 61.5
2022-01-15T17:54:00 1012.1 30.7 61.3
2022-01-15T17:55:00 1012.2 30.8 61.1
2022-01-15T17:56:00 1012.1 30.9 60.2
2022-01-15T17:57:00 1012.1 31.0 59.8
2022-01-15T17:58:00 1012.1 31.3 58.8
2022-01-15T17:59:00 1012.1 31.4 58.4
2022-01-15T18:00:00 1012.1 31.2 58.9
2022-01-15T18:01:00 1012.1 31.4 59.1
2022-01-15T18:02:00 1012.1 31.3 59.4
2022-01-15T18:03:00 1012.0 31.5 59.2
2022-01-15T18:04:00 1012.1 31.5 58.5
2022-01-15T18:05:00 1012.1 31.5 58.6
2022-01-15T18:06:00 1012.1 31.3 59.1
2022-01-15T18:07:00 1012.1 31.2 59.0
2022-01-15T18:08:00 1012.0 31.4 59.6
2022-01-15T18:09:00 1012.0 31.2 60.1
2022-01-15T18:10:00 1012.0 31.3 60.7
2022-01-15T18:11:00 1012.0 31.7 59.8
2022-01-15T18:12:00 1012.0 31.5 59.7
2022-01-15T18:13:00 1012.0 31.2 60.3
2022-01-15T18:14:00 1012.0 31.1 60.7
2022-01-15T18:15:00 1011.9 31.0 61.4
2022-01-15T18:16:00 1011.9 31.0 61.7
2022-01-15T18:17:00 1011.9 31.1 62.0
2022-01-15T18:18:00 1011.9 30.8 62.1
2022-01-15T18:19:00 1011.9 30.8 62.0
2022-01-15T18:20:00 1011.9 30.6 62.3
2022-01-15T18:21:00 1011.9 30.8 62.7
2022-01-15T18:22:00 1012.0 30.9 63.0
2022-01-15T18:23:00 1012.0 31.2 62.3
2022-01-15T18:24:00 1012.0 31.5 61.4
2022-01-15T18:25:00 1012.1 31.4 60.4
2022-01-15T18:26:00 1012.0 31.1 60.1
2022-01-15T18:27:00 1012.0 31.0 60.5
2022-01-15T18:28:00 1011.9 30.6 61.2
2022-01-15T18:29:00 1011.9 30.4 62.6
2022-01-15T18:30:00 1012.0 30.5 62.5
2022-01-15T18:31:00 1012.0 30.6 62.8
2022-01-15T18:32:00 1011.9 30.5 62.9
2022-01-15T18:33:00 1012.0 30.4 63.2
2022-01-15T18:34:00 1012.0 30.6 63.4
2022-01-15T18:35:00 1012.0 31.0 62.7
2022-01-15T18:36:00 1012.0 31.1 61.5
2022-01-15T18:37:00 1012.0 30.6 62.7
2022-01-15T18:38:00 1012.1 30.6 63.3
2022-01-15T18:39:00 1012.1 30.5 63.3
2022-01-15T18:40:00 1012.1 30.8 62.9
2022-01-15T18:41:00 1012.1 30.8 62.5
2022-01-15T18:42:00 1012.1 30.5 63.2
2022-01-15T18:43:00 1012.1 30.5 63.5
2022-01-15T18:44:00 1012.1 30.9 62.9
2022-01-15T18:45:00 1012.1 30.6 63.2
2022-01-15T18:46:00 1012.2 30.6 63.6
2022-01-15T18:47:00 1012.2 30.6 63.7
2022-01-15T18:48:00 1012.2 30.8 63.3
2022-01-15T18:49:00 1012.2 30.8 63.2
2022-01-15T18:50:00 1012.2 30.3 62.7
2022-01-15T18:51:00 1012.2 30.2 62.8
2022-01-15T18:52:00 1012.2 30.1 62.1
2022-01-15T18:53:00 1012.3 30.1 62.1
2022-01-15T18:54:00 1012.2 29.9 62.6
2022-01-15T18:55:00 1012.3 29.9 63.2
2022-01-15T18:56:00 1012.3 29.9 63.4
2022-01-15T18:57:00 1012.4 30.2 62.7
2022-01-15T18:58:00 1012.4 30.0 63.8
2022-01-15T18:59:00 1012.4 29.8 64.2
2022-01-15T19:00:00 1012.4 29.8 64.5
2022-01-15T19:01:00 1012.4 29.9 64.6
2022-01-15T19:02:00 1012.4 30.0 64.4
2022-01-15T19:03:00 1012.5 29.9 63.8
2022-01-15T19:04:00 1012.4 29.8 63.5
2022-01-15T19:05:00 1012.5 29.6 63.4
2022-01-15T19:06:00 1012.5 29.5 64.1
2022-01-15T19:07:00 1012.5 29.6 63.8
2022-01-15T19:08:00 1012.5 29.6 63.9
2022-01-15T19:09:00 1012.4 29.6 64.0
2022-01-15T19:10:00 1012.4 29.7 64.1
2022-01-15T19:11:00 1012.4 29.6 64.2
2022-01-15T19:12:00 1012.4 29.8 63.7
2022-01-15T19:13:00 1012.4 29.8 63.8
2022-01-15T19:14:00 1012.4 29.6 64.6
2022-01-15T19:15:00 1012.4 29.6 65.5
2022-01-15T19:16:00 1012.4 29.7 65.4
2022-01-15T19:17:00 1012.4 29.5 66.2
2022-01-15T19:18:00 1012.4 29.3 66.9
2022-01-15T19:19:00 1012.4 29.3 66.7
2022-01-15T19:20:00 1012.4 29.1 67.4
2022-01-15T19:21:00 1012.4 29.1 67.3
2022-01-15T19:22:00 1012.4 29.2 66.9
2022-01-15T19:23:00 1012.4 29.1 66.8
2022-01-15T19:24:00 1012.4 28.9 67.5
2022-01-15T19:25:00 1012.4 28.9 67.9
2022-01-15T19:26:00 1012.4 29.1 67.9
2022-01-15T19:27:00 1012.4 29.0 67.9
2022-01-15T19:28:00 1012.4 29.0 67.7
2022-01-15T19:29:00 1012.4 29.1 67.5
2022-01-15T19:30:00 1012.5 29.1 67.0
2022-01-15T19:31:00 1012.5 29.1 67.2
2022-01-15T19:32:00 1012.4 29.1 67.5
2022-01-15T19:33:00 1012.5 29.2 67.3
2022-01-15T19:34:00 1012.5 29.3 67.0
2022-01-15T19:35:00 1012.5 29.1 67.2
2022-01-15T19:36:00 1012.5 29.0 67.5
2022-01-15T19:37:00 1012.5 29.0 67.5
2022-01-15T19:38:00 1012.5 29.1 67.3
2022-01-15T19:39:00 1012.5 29.0 67.5
2022-01-15T19:40:00 1012.4 29.0 67.6
2022-01-15T19:41:00 1012.5 28.9 67.8
2022-01-15T19:42:00 1012.5 28.9 67.9
2022-01-15T19:43:00 1012.5 28.8 68.2
2022-01-15T19:44:00 1012.5 28.9 68.2
2022-01-15T19:45:00 1012.5 28.9 68.3
2022-01-15T19:46:00 1012.5 28.8 68.1
2022-01-15T19:47:00 1012.5 28.8 68.5
2022-01-15T19:48:00 1012.4 28.8 68.7
2022-01-15T19:49:00 1012.4 28.8 69.0
2022-01-15T19:50:00 1012.5 28.8 68.8
2022-01-15T19:51:00 1012.5 28.8 68.7
2022-01-15T19:52:00 1012.4 28.7 68.7
2022-01-15T19:53:00 1012.5 28.6 69.2
2022-01-15T19:54:00 1012.4 28.7 69.2
2022-01-15T19:55:00 1012.6 28.6 69.4
2022-01-15T19:56:00 1012.5 28.5 69.7
2022-01-15T19:57:00 1012.6 28.6 69.3
2022-01-15T19:58:00 1012.5 28.5 69.1
2022-01-15T19:59:00 1012.6 28.5 69.2
2022-01-15T20:00:00 1012.7 28.6 69.2
2022-01-15T20:01:00 1012.6 28.5 69.1
2022-01-15T20:02:00 1012.6 28.4 68.9
2022-01-15T20:03:00 1012.6 28.5 68.9
2022-01-15T20:04:00 1012.7 28.4 69.2
2022-01-15T20:05:00 1012.6 28.5 69.2
2022-01-15T20:06:00 1012.7 28.5 69.3
2022-01-15T20:07:00 1012.7 28.5 69.5
2022-01-15T20:08:00 1012.7 28.6 69.7
2022-01-15T20:09:00 1012.7 28.5 69.8
2022-01-15T20:10:00 1012.8 28.4 69.9
2022-01-15T20:11:00 1012.8 28.3 70.1
2022-01-15T20:12:00 1012.7 28.3 70.5
2022-01-15T20:13:00 1012.8 28.4 70.4
2022-01-15T20:14:00 1012.8 28.4 70.5
2022-01-15T20:15:00 1012.8 28.4 70.4
2022-01-15T20:16:00 1012.8 28.3 70.7
2022-01-15T20:17:00 1012.7 28.4 71.7
2022-01-15T20:18:00 1012.8 28.2 72.8
2022-01-15T20:19:00 1012.8 28.2 73.3
2022-01-15T20:20:00 1012.8 28.0 74.4
2022-01-15T20:21:00 1012.9 28.0 75.0
2022-01-15T20:22:00 1012.9 27.9 75.7
2022-01-15T20:23:00 1012.8 27.9 75.9
2022-01-15T20:24:00 1012.9 27.9 75.9
2022-01-15T20:25:00 1012.9 27.8 76.4
2022-01-15T20:26:00 1012.8 27.6 77.0
2022-01-15T20:27:00 1012.8 27.5 77.4
2022-01-15T20:28:00 1012.8 27.4 77.4
2022-01-15T20:29:00 1012.8 27.2 77.5
2022-01-15T20:30:00 1012.8 27.1 77.9
2022-01-15T20:31:00 1012.9 27.2 77.4
2022-01-15T20:32:00 1012.8 27.2 76.8
2022-01-15T20:33:00 1012.8 27.1 76.9
2022-01-15T20:34:00 1012.9 27.1 77.0
2022-01-15T20:35:00 1012.9 27.1 76.9
2022-01-15T20:36:00 1012.9 27.1 77.2
2022-01-15T20:37:00 1012.9 27.1 77.1
2022-01-15T20:38:00 1013.0 27.0 77.6
2022-01-15T20:39:00 1012.9 27.0 77.8
2022-01-15T20:40:00 1013.0 27.0 78.1
2022-01-15T20:41:00 1013.0 27.0 78.2
2022-01-15T20:42:00 1012.9 26.9 78.5
2022-01-15T20:43:00 1013.0 26.8 78.8
2022-01-15T20:44:00 1013.0 26.7 79.1
2022-01-15T20:45:00 1012.9 26.7 79.3
2022-01-15T20:46:00 1013.0 26.7 79.3
2022-01-15T20:47:00 1012.9 26.8 79.3
2022-01-15T20:48:00 1013.0 26.7 79.5
2022-01-15T20:49:00 1012.9 26.6 79.8
2022-01-15T20:50:00 1012.9 26.6 80.1
2022-01-15T20:51:00 1012.9 26.6 80.1
2022-01-15T20:52:00 1012.9 26.5 80.4
2022-01-15T20:53:00 1012.9 26.5 80.5
2022-01-15T20:54:00 1012.9 26.5 80.8
2022-01-15T20:55:00 1013.0 26.5 80.5
2022-01-15T20:56:00 1013.0 26.4 80.9
2022-01-15T20:57:00 1013.0 26.4 80.9
2022-01-15T20:58:00 1013.0 26.3 80.0
2022-01-15T20:59:00 1013.0 26.2 79.8
2022-01-15T21:00:00 1013.0 26.2 79.9
2022-01-15T21:01:00 1013.0 26.3 80.0
2022-01-15T21:02:00 1013.0 26.2 80.3
2022-01-15T21:03:00 1013.0 26.2 80.4
2022-01-15T21:04:00 1013.0 26.1 80.7
2022-01-15T21:05:00 1012.9 26.1 81.0
2022-01-15T21:06:00 1013.0 26.2 81.0
2022-01-15T21:07:00 1013.0 26.2 80.8
2022-01-15T21:08:00 1013.0 26.2 80.7
2022-01-15T21:09:00 1012.9 26.1 80.8
2022-01-15T21:10:00 1013.0 26.1 80.9
2022-01-15T21:11:00 1013.0 26.1 80.6
2022-01-15T21:12:00 1013.0 26.1 80.6
2022-01-15T21:13:00 1013.0 26.1 80.7
2022-01-15T21:14:00 1013.0 26.1 80.7
2022-01-15T21:15:00 1013.0 26.1 80.6
2022-01-15T21:16:00 1012.9 26.2 80.2
2022-01-15T21:17:00 1012.9 26.2 80.0
2022-01-15T21:18:00 1012.9 26.2 79.7
2022-01-15T21:19:00 1013.0 26.2 79.6
2022-01-15T21:20:00 1012.9 26.2 79.6
2022-01-15T21:21:00 1012.9 26.3 79.1
2022-01-15T21:22:00 1013.0 26.2 78.7
2022-01-15T21:23:00 1013.0 26.2 78.5
2022-01-15T21:24:00 1013.0 26.1 78.7
2022-01-15T21:25:00 1013.0 26.2 78.3
2022-01-15T21:26:00 1012.9 26.2 78.2
2022-01-15T21:27:00 1013.0 26.2 78.4
2022-01-15T21:28:00 1012.9 26.2 78.5
2022-01-15T21:29:00 1012.9 26.2 78.3
2022-01-15T21:30:00 1012.9 26.2 78.6
2022-01-15T21:31:00 1012.9 26.1 78.5
2022-01-15T21:32:00 1012.9 26.1 78.6
2022-01-15T21:33:00 1012.9 26.1 78.8
2022-01-15T21:34:00 1012.9 26.1 78.7
2022-01-15T21:35:00 1012.9 26.1 78.6
2022-01-15T21:36:00 1012.9 26.1 78.6
2022-01-15T21:37:00 1012.9 26.1 78.6
2022-01-15T21:38:00 1012.9 26.2 78.4
2022-01-15T21:39:00 1012.9 26.2 78.3
2022-01-15T21:40:00 1012.9 26.2 78.4
2022-01-15T21:41:00 1012.9 26.2 78.2
2022-01-15T21:42:00 1012.8 26.2 78.3
2022-01-15T21:43:00 1012.8 26.2 78.6
2022-01-15T21:44:00 1012.9 26.2 78.6
2022-01-15T21:45:00 1012.8 26.2 78.5
2022-01-15T21:46:00 1012.9 26.2 78.5
2022-01-15T21:47:00 1012.8 26.2 78.7
2022-01-15T21:48:00 1012.8 26.2 78.7
2022-01-15T21:49:00 1012.8 26.3 78.6
2022-01-15T21:50:00 1012.8 26.3 78.5
2022-01-15T21:51:00 1012.8 26.3 78.6
2022-01-15T21:52:00 1012.8 26.3 78.7
2022-01-15T21:53:00 1012.8 26.4 78.5
2022-01-15T21:54:00 1012.9 26.4 78.6
2022-01-15T21:55:00 1012.9 26.4 78.7
2022-01-15T21:56:00 1012.9 26.4 78.6
2022-01-15T21:57:00 1013.0 26.4 78.7
2022-01-15T21:58:00 1013.0 26.4 78.8
2022-01-15T21:59:00 1013.0 26.5 78.6
2022-01-15T22:00:00 1013.0 26.5 78.1
2022-01-15T22:01:00 1013.0 26.5 77.8
2022-01-15T22:02:00 1013.1 26.5 77.8
2022-01-15T22:03:00 1013.1 26.6 77.3
2022-01-15T22:04:00 1013.1 26.6 77.2
2022-01-15T22:05:00 1013.1 26.6 77.3
2022-01-15T22:06:00 1013.1 26.6 77.5
2022-01-15T22:07:00 1013.1 26.6 77.6
2022-01-15T22:08:00 1013.2 26.6 77.8
2022-01-15T22:09:00 1013.2 26.6 78.0
2022-01-15T22:10:00 1013.3 26.6 78.2
2022-01-15T22:11:00 1013.3 26.6 78.3
2022-01-15T22:12:00 1013.3 26.6 78.5
2022-01-15T22:13:00 1013.3 26.6 78.7
2022-01-15T22:14:00 1013.4 26.6 78.2
2022-01-15T22:15:00 1013.4 26.6 78.2
2022-01-15T22:16:00 1013.5 26.6 78.2
2022-01-15T22:17:00 1013.5 26.6 78.1
2022-01-15T22:18:00 1013.5 26.6 77.9
2022-01-15T22:19:00 1013.6 26.6 77.8
2022-01-15T22:20:00 1013.6 26.6 77.6
2022-01-15T22:21:00 1013.6 26.7 77.2
2022-01-15T22:22:00 1013.7 26.7 77.2
2022-01-15T22:23:00 1013.7 26.7 77.2
2022-01-15T22:24:00 1013.7 26.7 77.2
2022-01-15T22:25:00 1013.7 26.7 77.4
2022-01-15T22:26:00 1013.7 26.7 77.3
2022-01-15T22:27:00 1013.7 26.8 77.3
2022-01-15T22:28:00 1013.7 26.7 77.4
2022-01-15T22:29:00 1013.7 26.7 77.6
2022-01-15T22:30:00 1013.8 26.7 77.8
2022-01-15T22:31:00 1013.8 26.7 77.9
2022-01-15T22:32:00 1013.8 26.8 77.9
2022-01-15T22:33:00 1013.8 26.7 78.2
2022-01-15T22:34:00 1013.8 26.7 78.2
2022-01-15T22:35:00 1013.9 26.8 78.2
2022-01-15T22:36:00 1013.9 26.7 78.5
2022-01-15T22:37:00 1013.9 26.7 78.6
2022-01-15T22:38:00 1014.0 26.7 78.9
2022-01-15T22:39:00 1014.0 26.7 78.9
2022-01-15T22:40:00 1014.0 26.7 78.9
2022-01-15T22:41:00 1014.0 26.7 79.1
2022-01-15T22:42:00 1014.1 26.7 79.2
2022-01-15T22:43:00 1014.1 26.7 79.3
2022-01-15T22:44:00 1014.1 26.7 79.4
2022-01-15T22:45:00 1014.1 26.7 79.4
2022-01-15T22:46:00 1014.1 26.8 79.2
2022-01-15T22:47:00 1014.2 26.8 78.9
2022-01-15T22:48:00 1014.2 26.8 79.1
2022-01-15T22:49:00 1014.2 26.8 79.2
2022-01-15T22:50:00 1014.3 26.8 79.2
2022-01-15T22:51:00 1014.3 26.8 79.0
2022-01-15T22:52:00 1014.3 26.9 79.0
2022-01-15T22:53:00 1014.4 26.8 79.2
2022-01-15T22:54:00 1014.4 26.8 79.2
2022-01-15T22:55:00 1014.4 26.8 79.5
2022-01-15T22:56:00 1014.4 26.8 79.3
2022-01-15T22:57:00 1014.5 26.8 79.4
2022-01-15T22:58:00 1014.5 26.8 79.6
2022-01-15T22:59:00 1014.5 26.8 79.7
2022-01-15T23:00:00 1014.5 26.8 79.7
2022-01-15T23:01:00 1014.5 26.8 79.3
2022-01-15T23:02:00 1014.6 26.8 79.4
2022-01-15T23:03:00 1014.6 26.8 79.1
2022-01-15T23:04:00 1014.6 26.8 79.0
2022-01-15T23:05:00 1014.6 26.9 79.2
2022-01-15T23:06:00 1014.6 26.9 79.2
2022-01-15T23:07:00 1014.7 26.8 79.7
2022-01-15T23:08:00 1014.7 26.7 80.0
2022-01-15T23:09:00 1014.7 26.7 80.4
2022-01-15T23:10:00 1014.7 26.6 80.4
2022-01-15T23:11:00 1014.7 26.6 80.8
2022-01-15T23:12:00 1014.8 26.6 80.9
2022-01-15T23:13:00 1014.8 26.6 80.9
2022-01-15T23:14:00 1014.8 26.6 81.1
2022-01-15T23:15:00 1014.8 26.6 81.3
2022-01-15T23:16:00 1014.9 26.6 81.5
2022-01-15T23:17:00 1014.9 26.6 81.4
2022-01-15T23:18:00 1014.9 26.7 81.0
2022-01-15T23:19:00 1014.9 26.7 80.8
2022-01-15T23:20:00 1014.9 26.7 80.9
2022-01-15T23:21:00 1014.9 26.7 81.0
2022-01-15T23:22:00 1014.9 26.7 81.0
2022-01-15T23:23:00 1014.9 26.8 80.7
2022-01-15T23:24:00 1014.9 26.7 80.8
2022-01-15T23:25:00 1015.0 26.8 81.0
2022-01-15T23:26:00 1015.0 26.8 80.8
2022-01-15T23:27:00 1015.0 26.8 81.2
2022-01-15T23:28:00 1015.0 26.7 81.7
2022-01-15T23:29:00 1015.0 26.6 82.2
2022-01-15T23:30:00 1015.0 26.6 82.4
2022-01-15T23:31:00 1015.0 26.6 82.4
2022-01-15T23:32:00 1015.0 26.5 82.8
2022-01-15T23:33:00 1015.0 26.5 83.0
2022-01-15T23:34:00 1015.0 26.5 83.4
2022-01-15T23:35:00 1015.0 26.5 83.2
2022-01-15T23:36:00 1015.0 26.4 83.7
2022-01-15T23:37:00 1014.9 26.4 83.6
2022-01-15T23:38:00 1014.9 26.4 85.4
2022-01-15T23:39:00 1014.9 25.7 89.3
2022-01-15T23:40:00 1014.9 25.3 91.6
2022-01-15T23:41:00 1014.9 25.2 92.9
2022-01-15T23:42:00 1014.9 25.2 93.2
2022-01-15T23:43:00 1014.9 25.2 93.2
2022-01-15T23:44:00 1014.9 25.3 92.9
2022-01-15T23:45:00 1014.9 25.4 92.2
2022-01-15T23:46:00 1015.0 25.5 92.1
2022-01-15T23:47:00 1015.0 25.4 92.4
2022-01-15T23:48:00 1015.0 25.2 95.3
2022-01-15T23:49:00 1015.0 25.0 97.5
2022-01-15T23:50:00 1015.0 24.8 98.0
2022-01-15T23:51:00 1015.0 24.7 98.6
2022-01-15T23:52:00 1014.9 24.7 98.9
2022-01-15T23:53:00 1014.9 24.7 99.2
2022-01-15T23:54:00 1014.9 24.7 99.5
2022-01-15T23:55:00 1014.9 24.7 99.5
2022-01-15T23:56:00 1014.9 24.7 99.5
2022-01-15T23:57:00 1014.9 24.6 99.5
2022-01-15T23:58:00 1014.8 24.6 99.5
2022-01-15T23:59:00 1014.8 24.5 99.4
