2022-01-14T00:00:00 1000.1 30.5 40.7
2022-01-14T00:01:00 1000.1 30.5 41.2
2022-01-14T00:02:00 1000.1 30.4 41.3
2022-01-14T00:03:00 1000.1 30.4 41.4
2022-01-14T00:04:00 1000.1 30.4 41.0
2022-01-14T00:05:00 1000.2 30.4 41.4
2022-01-14T00:06:00 1000.2 30.3 41.6
2022-01-14T00:07:00 1000.2 30.3 41.5
2022-01-14T00:08:00 1000.2 30.2 41.6
2022-01-14T00:09:00 1000.2 30.2 41.5
2022-01-14T00:10:00 1000.2 30.2 41.5
2022-01-14T00:11:00 1000.2 30.3 41.3
2022-01-14T00:12:00 1000.2 30.2 41.7
2022-01-14T00:13:00 1000.3 30.1 41.9
2022-01-14T00:14:00 1000.3 30.1 41.9
2022-01-14T00:15:00 1000.3 30.1 42.0
2022-01-14T00:16:00 1000.3 30.0 42.3
2022-01-14T00:17:00 1000.3 30.0 42.3
2022-01-14T00:18:00 1000.3 30.0 42.4
2022-01-14T00:19:00 1000.4 30.0 42.5
2022-01-14T00:20:00 1000.4 29.9 42.9
2022-01-14T00:21:00 1000.4 29.9 42.9
2022-01-14T00:22:00 1000.4 29.8 43.2
2022-01-14T00:23:00 1000.4 29.8 43.4
2022-01-14T00:24:00 1000.4 29.7 43.7
2022-01-14T00:25:00 1000.5 29.6 43.7
2022-01-14T00:26:00 1000.5 29.6 43.8
2022-01-14T00:27:00 1000.5 29.6 44.1
2022-01-14T00:28:00 1000.5 29.5 44.2
2022-01-14T00:29:00 1000.5 29.5 44.1
2022-01-14T00:30:00 1000.5 29.5 43.9
2022-01-14T00:31:00 1000.5 29.6 43.9
2022-01-14T00:32:00 1000.5 29.6 43.8
2022-01-14T00:33:00 1000.5 29.6 43.9
2022-01-14T00:34:00 1000.5 29.6 43.9
2022-01-14T00:35:00 1000.6 29.5 44.1
2022-01-14T00:36:00 1000.6 29.4 44.5
2022-01-14T00:37:00 1000.6 29.4 44.6
2022-01-14T00:38:00 1000.7 29.3 44.8
2022-01-14T00:39:00 1000.7 29.3 45.0
2022-01-14T00:40:00 1000.7 29.2 44.9
2022-01-14T00:41:00 1000.7 29.3 45.0
2022-01-14T00:42:00 1000.7 29.2 44.9
2022-01-14T00:43:00 1000.7 29.2 44.9
2022-01-14T00:44:00 1000.7 29.2 45.0
2022-01-14T00:45:00 1000.7 29.1 45.1
2022-01-14T00:46:00 1000.7 29.1 45.2
2022-01-14T00:47:00 1000.7 29.1 45.4
2022-01-14T00:48:00 1000.7 29.0 45.4
2022-01-14T00:49:00 1000.7 29.0 45.3
2022-01-14T00:50:00 1000.7 29.0 45.4
2022-01-14T00:51:00 1000.7 29.0 45.4
2022-01-14T00:52:00 1000.7 29.0 45.4
2022-01-14T00:53:00 1000.7 29.0 45.5
2022-01-14T00:54:00 1000.6 29.0 45.7
2022-01-14T00:55:00 1000.7 29.0 45.4
2022-01-14T00:56:00 1000.7 29.0 45.6
2022-01-14T00:57:00 1000.7 29.0 45.8
2022-01-14T00:58:00 1000.7 29.0 45.9
2022-01-14T00:59:00 1000.7 29.0 46.0
2022-01-14T01:00:00 1000.7 28.9 46.2
2022-01-14T01:01:00 1000.8 28.9 46.4
2022-01-14T01:02:00 1000.8 28.9 46.6
2022-01-14T01:03:00 1000.8 28.8 46.7
2022-01-14T01:04:00 1000.8 28.8 47.0
2022-01-14T01:05:00 1000.8 28.7 47.3
2022-01-14T01:06:00 1000.8 28.7 47.5
2022-01-14T01:07:00 1000.9 28.7 47.7
2022-01-14T01:08:00 1000.9 28.6 48.0
2022-01-14T01:09:00 1000.9 28.6 48.2
2022-01-14T01:10:00 1000.9 28.5 48.8
2022-01-14T01:11:00 1000.9 28.5 49.0
2022-01-14T01:12:00 1000.9 28.4 49.3
2022-01-14T01:13:00 1001.0 28.3 49.6
2022-01-14T01:14:00 1001.0 28.3 50.1
2022-01-14T01:15:00 1001.0 28.2 50.5
2022-01-14T01:16:00 1001.0 28.1 50.8
2022-01-14T01:17:00 1001.1 28.1 51.3
2022-01-14T01:18:00 1001.1 28.1 51.5
2022-01-14T01:19:00 1001.1 28.0 51.8
2022-01-14T01:20:00 1001.1 28.1 52.1
2022-01-14T01:21:00 1001.1 28.1 52.3
2022-01-14T01:22:00 1001.1 28.1 52.4
2022-01-14T01:23:00 1001.1 28.1 52.7
2022-01-14T01:24:00 1001.1 28.1 53.0
2022-01-14T01:25:00 1001.1 28.1 53.0
2022-01-14T01:26:00 1001.1 28.1 53.2
2022-01-14T01:27:00 1001.0 28.1 53.5
2022-01-14T01:28:00 1001.1 28.1 53.5
2022-01-14T01:29:00 1001.1 28.1 53.8
2022-01-14T01:30:00 1001.1 28.0 54.3
2022-01-14T01:31:00 1001.2 28.0 54.4
2022-01-14T01:32:00 1001.1 28.0 54.7
2022-01-14T01:33:00 1001.1 28.0 55.0
2022-01-14T01:34:00 1001.1 28.0 55.0
2022-01-14T01:35:00 1001.1 28.0 55.3
2022-01-14T01:36:00 1001.1 28.1 55.3
2022-01-14T01:37:00 1001.2 28.1 55.5
2022-01-14T01:38:00 1001.2 28.0 55.8
2022-01-14T01:39:00 1001.2 28.0 56.0
2022-01-14T01:40:00 1001.1 28.0 56.2
2022-01-14T01:41:00 1001.2 28.0 56.4
2022-01-14T01:42:00 1001.2 27.9 56.6
2022-01-14T01:43:00 1001.2 27.9 57.0
2022-01-14T01:44:00 1001.1 27.8 57.4
2022-01-14T01:45:00 1001.2 27.9 57.5
2022-01-14T01:46:00 1001.2 27.8 57.7
2022-01-14T01:47:00 1001.2 27.8 58.0
2022-01-14T01:48:00 1001.2 27.7 58.2
2022-01-14T01:49:00 1001.2 27.7 58.5
2022-01-14T01:50:00 1001.2 27.7 58.7
2022-01-14T01:51:00 1001.2 27.7 58.9
2022-01-14T01:52:00 1001.2 27.6 59.3
2022-01-14T01:53:00 1001.2 27.6 59.5
2022-01-14T01:54:00 1001.2 27.6 59.8
2022-01-14T01:55:00 1001.2 27.5 59.9
2022-01-14T01:56:00 1001.2 27.6 60.2
2022-01-14T01:57:00 1001.2 27.5 60.3
2022-01-14T01:58:00 1001.2 27.5 60.7
2022-01-14T01:59:00 1001.2 27.4 61.0
2022-01-14T02:00:00 1001.2 27.4 61.1
2022-01-14T02:01:00 1001.2 27.4 61.4
2022-01-14T02:02:00 1001.2 27.4 61.5
2022-01-14T02:03:00 1001.2 27.3 61.8
2022-01-14T02:04:00 1001.2 27.4 62.0
2022-01-14T02:05:00 1001.3 27.3 62.1
2022-01-14T02:06:00 1001.3 27.2 62.6
2022-01-14T02:07:00 1001.3 27.2 62.8
2022-01-14T02:08:00 1001.3 27.2 62.9
2022-01-14T02:09:00 1001.3 27.1 63.3
2022-01-14T02:10:00 1001.3 27.1 63.5
2022-01-14T02:11:00 1001.3 27.1 63.6
2022-01-14T02:12:00 1001.3 27.1 63.8
2022-01-14T02:13:00 1001.2 27.0 64.2
2022-01-14T02:14:00 1001.3 27.0 64.4
2022-01-14T02:15:00 1001.3 27.0 64.7
2022-01-14T02:16:00 1001.2 27.0 64.7
2022-01-14T02:17:00 1001.2 27.1 64.7
2022-01-14T02:18:00 1001.2 27.0 65.0
2022-01-14T02:19:00 1001.3 26.9 65.3
2022-01-14T02:20:00 1001.3 26.9 65.6
2022-01-14T02:21:00 1001.2 26.9 65.7
2022-01-14T02:22:00 1001.2 26.9 65.8
2022-01-14T02:23:00 1001.2 26.9 65.7
2022-01-14T02:24:00 1001.2 26.9 65.8
2022-01-14T02:25:00 1001.2 26.8 66.1
2022-01-14T02:26:00 1001.2 26.8 66.3
2022-01-14T02:27:00 1001.3 26.8 66.3
2022-01-14T02:28:00 1001.2 26.8 66.4
2022-01-14T02:29:00 1001.2 26.8 66.3
2022-01-14T02:30:00 1001.2 26.7 66.5
2022-01-14T02:31:00 1001.2 26.6 66.9
2022-01-14T02:32:00 1001.2 26.6 67.0
2022-01-14T02:33:00 1001.3 26.6 67.2
2022-01-14T02:34:00 1001.2 26.6 67.3
2022-01-14T02:35:00 1001.3 26.5 67.4
2022-01-14T02:36:00 1001.3 26.5 67.5
2022-01-14T02:37:00 1001.2 26.5 67.7
2022-01-14T02:38:00 1001.3 26.5 67.8
2022-01-14T02:39:00 1001.2 26.4 67.8
2022-01-14T02:40:00 1001.2 26.4 68.0
2022-01-14T02:41:00 1001.2 26.4 67.9
2022-01-14T02:42:00 1001.2 26.4 68.0
2022-01-14T02:43:00 1001.3 26.3 68.4
2022-01-14T02:44:00 1001.3 26.2 68.9
2022-01-14T02:45:00 1001.3 26.1 69.1
2022-01-14T02:46:00 1001.3 26.1 69.2
2022-01-14T02:47:00 1001.3 26.1 69.3
2022-01-14T02:48:00 1001.3 26.0 69.8
2022-01-14T02:49:00 1001.3 26.0 69.9
2022-01-14T02:50:00 1001.3 26.0 69.8
2022-01-14T02:51:00 1001.3 25.9 70.0
2022-01-14T02:52:00 1001.3 25.8 70.4
2022-01-14T02:53:00 1001.4 25.8 70.5
2022-01-14T02:54:00 1001.4 25.8 70.7
2022-01-14T02:55:00 1001.4 25.8 70.7
2022-01-14T02:56:00 1001.5 25.8 70.7
2022-01-14T02:57:00 1001.5 25.7 71.2
2022-01-14T02:58:00 1001.6 25.6 71.3
2022-01-14T02:59:00 1001.6 25.7 71.2
2022-01-14T03:00:00 1001.6 25.8 70.7
2022-01-14T03:01:00 1001.6 25.7 70.9
2022-01-14T03:02:00 1001.6 25.7 71.0
2022-01-14T03:03:00 1001.6 25.7 71.0
2022-01-14T03:04:00 1001.6 25.7 71.1
2022-01-14T03:05:00 1001.5 25.6 71.2
2022-01-14T03:06:00 1001.4 25.6 71.5
2022-01-14T03:07:00 1001.4 25.5 71.6
2022-01-14T03:08:00 1001.4 25.5 71.8
2022-01-14T03:09:00 1001.5 25.4 72.2
2022-01-14T03:10:00 1001.5 25.3 72.5
2022-01-14T03:11:00 1001.6 25.4 72.3
2022-01-14T03:12:00 1001.7 25.4 72.5
2022-01-14T03:13:00 1001.7 25.3 72.5
2022-01-14T03:14:00 1001.7 25.3 72.5
2022-01-14T03:15:00 1001.6 25.2 73.1
2022-01-14T03:16:00 1001.6 25.2 73.0
2022-01-14T03:17:00 1001.5 25.3 72.7
2022-01-14T03:18:00 1001.5 25.3 72.8
2022-01-14T03:19:00 1001.4 25.2 73.1
2022-01-14T03:20:00 1001.5 25.1 73.3
2022-01-14T03:21:00 1001.4 25.1 73.5
2022-01-14T03:22:00 1001.5 25.1 73.7
2022-01-14T03:23:00 1001.5 25.0 73.9
2022-01-14T03:24:00 1001.6 25.0 74.0
2022-01-14T03:25:00 1001.5 25.0 74.0
2022-01-14T03:26:00 1001.5 25.0 74.0
2022-01-14T03:27:00 1001.5 25.1 73.8
2022-01-14T03:28:00 1001.5 25.0 74.0
2022-01-14T03:29:00 1001.4 25.0 74.0
2022-01-14T03:30:00 1001.4 25.0 74.1
2022-01-14T03:31:00 1001.4 25.0 74.3
2022-01-14T03:32:00 1001.4 25.0 74.3
2022-01-14T03:33:00 1001.4 24.9 74.5
2022-01-14T03:34:00 1001.5 24.9 74.5
2022-01-14T03:35:00 1001.5 24.9 74.4
2022-01-14T03:36:00 1001.5 24.9 74.5
2022-01-14T03:37:00 1001.4 24.9 74.4
2022-01-14T03:38:00 1001.4 25.0 74.1
2022-01-14T03:39:00 1001.4 25.0 74.2
2022-01-14T03:40:00 1001.3 24.9 74.3
2022-01-14T03:41:00 1001.3 24.9 74.5
2022-01-14T03:42:00 1001.3 24.8 74.6
2022-01-14T03:43:00 1001.3 24.9 74.5
2022-01-14T03:44:00 1001.3 24.9 74.4
2022-01-14T03:45:00 1001.3 24.9 74.3
2022-01-14T03:46:00 1001.3 24.9 74.2
2022-01-14T03:47:00 1001.3 24.9 74.0
2022-01-14T03:48:00 1001.3 24.9 73.9
2022-01-14T03:49:00 1001.3 24.9 73.8
2022-01-14T03:50:00 1001.3 24.9 73.9
2022-01-14T03:51:00 1001.3 24.9 74.2
2022-01-14T03:52:00 1001.3 24.8 74.3
2022-01-14T03:53:00 1001.2 24.8 74.2
2022-01-14T03:54:00 1001.2 24.8 74.0
2022-01-14T03:55:00 1001.2 24.9 73.9
2022-01-14T03:56:00 1001.2 24.9 73.3
2022-01-14T03:57:00 1001.2 24.9 72.8
2022-01-14T03:58:00 1001.2 25.0 72.7
2022-01-14T03:59:00 1001.3 25.0 72.6
2022-01-14T04:00:00 1001.3 25.0 72.1
2022-01-14T04:01:00 1001.2 25.0 72.1
2022-01-14T04:02:00 1001.3 25.1 71.7
2022-01-14T04:03:00 1001.3 25.0 72.1
2022-01-14T04:04:00 1001.3 24.9 72.5
2022-01-14T04:05:00 1001.3 25.0 72.3
2022-01-14T04:06:00 1001.3 25.0 72.0
2022-01-14T04:07:00 1001.3 25.1 71.9
2022-01-14T04:08:00 1001.3 25.0 72.1
2022-01-14T04:09:00 1001.3 25.1 71.9
2022-01-14T04:10:00 1001.3 25.1 71.8
2022-01-14T04:11:00 1001.3 25.0 71.9
2022-01-14T04:12:00 1001.3 24.9 72.4
2022-01-14T04:13:00 1001.3 24.9 72.3
2022-01-14T04:14:00 1001.3 24.9 72.8
2022-01-14T04:15:00 1001.3 25.0 71.8
2022-01-14T04:16:00 1001.3 25.0 71.9
2022-01-14T04:17:00 1001.3 25.1 71.8
2022-01-14T04:18:00 1001.3 25.0 71.9
2022-01-14T04:19:00 1001.4 25.0 71.8
2022-01-14T04:20:00 1001.3 25.0 71.8
2022-01-14T04:21:00 1001.3 24.9 72.2
2022-01-14T04:22:00 1001.4 24.9 72.5
2022-01-14T04:23:00 1001.4 24.9 72.7
2022-01-14T04:24:00 1001.4 24.9 72.5
2022-01-14T04:25:00 1001.4 24.8 72.7
2022-01-14T04:26:00 1001.4 24.8 73.0
2022-01-14T04:27:00 1001.4 24.7 73.1
2022-01-14T04:28:00 1001.4 24.7 73.3
2022-01-14T04:29:00 1001.4 24.6 73.7
2022-01-14T04:30:00 1001.4 24.6 73.9
2022-01-14T04:31:00 1001.4 24.5 74.3
2022-01-14T04:32:00 1001.4 24.5 74.3
2022-01-14T04:33:00 1001.4 24.5 74.6
2022-01-14T04:34:00 1001.4 24.4 74.7
2022-01-14T04:35:00 1001.4 24.3 75.2
2022-01-14T04:36:00 1001.4 24.3 75.1
2022-01-14T04:37:00 1001.4 24.3 75.4
2022-01-14T04:38:00 1001.4 24.3 75.4
2022-01-14T04:39:00 1001.4 24.3 75.5
2022-01-14T04:40:00 1001.4 24.3 75.3
2022-01-14T04:41:00 1001.4 24.3 75.4
2022-01-14T04:42:00 1001.4 24.3 75.0
2022-01-14T04:43:00 1001.4 24.3 75.5
2022-01-14T04:44:00 1001.4 24.1 76.0
2022-01-14T04:45:00 1001.4 24.1 76.5
2022-01-14T04:46:00 1001.4 24.1 76.4
2022-01-14T04:47:00 1001.4 24.0 76.8
2022-01-14T04:48:00 1001.4 24.0 77.0
2022-01-14T04:49:00 1001.4 24.1 76.4
2022-01-14T04:50:00 1001.4 24.1 76.8
2022-01-14T04:51:00 1001.3 24.2 76.4
2022-01-14T04:52:00 1001.4 24.1 76.3
2022-01-14T04:53:00 1001.4 24.0 77.2
2022-01-14T04:54:00 1001.4 24.1 76.7
2022-01-14T04:55:00 1001.4 23.9 77.5
2022-01-14T04:56:00 1001.4 24.0 77.3
2022-01-14T04:57:00 1001.4 24.0 77.4
2022-01-14T04:58:00 1001.4 23.8 77.8
2022-01-14T04:59:00 1001.3 23.8 78.3
2022-01-14T05:00:00 1001.3 23.8 78.2
2022-01-14T05:01:00 1001.4 23.7 78.7
2022-01-14T05:02:00 1001.4 23.6 79.3
2022-01-14T05:03:00 1001.3 23.6 79.4
2022-01-14T05:04:00 1001.4 23.6 79.1
2022-01-14T05:05:00 1001.4 23.6 79.3
2022-01-14T05:06:00 1001.4 23.7 79.1
2022-01-14T05:07:00 1001.4 23.7 78.9
2022-01-14T05:08:00 1001.4 23.5 79.4
2022-01-14T05:09:00 1001.4 23.7 79.0
2022-01-14T05:10:00 1001.4 23.6 79.3
2022-01-14T05:11:00 1001.4 23.6 79.4
2022-01-14T05:12:00 1001.4 23.6 79.1
2022-01-14T05:13:00 1001.4 23.5 79.6
2022-01-14T05:14:00 1001.4 23.5 79.9
2022-01-14T05:15:00 1001.4 23.7 79.2
2022-01-14T05:16:00 1001.4 23.7 79.0
2022-01-14T05:17:00 1001.4 23.6 79.4
2022-01-14T05:18:00 1001.4 23.6 79.4
2022-01-14T05:19:00 1001.4 23.6 79.5
2022-01-14T05:20:00 1001.4 23.7 79.3
2022-01-14T05:21:00 1001.4 23.7 78.8
2022-01-14T05:22:00 1001.4 23.7 79.0
2022-01-14T05:23:00 1001.4 23.6 79.2
2022-01-14T05:24:00 1001.4 23.6 79.3
2022-01-14T05:25:00 1001.4 23.5 79.6
2022-01-14T05:26:00 1001.4 23.5 79.9
2022-01-14T05:27:00 1001.4 23.4 80.3
2022-01-14T05:28:00 1001.4 23.3 80.6
2022-01-14T05:29:00 1001.4 23.3 80.6
2022-01-14T05:30:00 1001.4 23.4 80.3
2022-01-14T05:31:00 1001.4 23.3 80.4
2022-01-14T05:32:00 1001.4 23.3 80.9
2022-01-14T05:33:00 1001.4 23.4 80.5
2022-01-14T05:34:00 1001.4 23.5 80.7
2022-01-14T05:35:00 1001.3 23.8 79.2
2022-01-14T05:36:00 1001.3 23.6 79.2
2022-01-14T05:37:00 1001.3 23.3 80.6
2022-01-14T05:38:00 1001.3 23.4 80.1
2022-01-14T05:39:00 1001.4 23.7 79.3
2022-01-14T05:40:00 1001.3 23.5 79.2
2022-01-14T05:41:00 1001.3 23.6 79.4
2022-01-14T05:42:00 1001.3 23.7 78.9
2022-01-14T05:43:00 1001.3 23.6 79.0
2022-01-14T05:44:00 1001.3 23.6 79.0
2022-01-14T05:45:00 1001.3 23.7 79.3
2022-01-14T05:46:00 1001.3 23.6 78.8
2022-01-14T05:47:00 1001.3 23.4 79.6
2022-01-14T05:48:00 1001.3 23.5 79.5
2022-01-14T05:49:00 1001.3 23.5 79.3
2022-01-14T05:50:00 1001.3 23.4 79.4
2022-01-14T05:51:00 1001.3 23.4 79.6
2022-01-14T05:52:00 1001.3 23.4 79.6
2022-01-14T05:53:00 1001.3 23.3 79.9
2022-01-14T05:54:00 1001.3 23.4 80.0
2022-01-14T05:55:00 1001.3 23.5 79.3
2022-01-14T05:56:00 1001.3 23.4 79.7
2022-01-14T05:57:00 1001.3 23.3 80.3
2022-01-14T05:58:00 1001.4 23.4 80.0
2022-01-14T05:59:00 1001.4 23.6 79.6
2022-01-14T06:00:00 1001.4 23.5 78.7
2022-01-14T06:01:00 1001.4 23.4 79.5
2022-01-14T06:02:00 1001.4 23.4 79.8
2022-01-14T06:03:00 1001.4 23.3 80.2
2022-01-14T06:04:00 1001.4 23.5 79.7
2022-01-14T06:05:00 1001.4 23.4 79.3
2022-01-14T06:06:00 1001.4 23.4 79.7
2022-01-14T06:07:00 1001.3 23.5 79.2
2022-01-14T06:08:00 1001.3 23.5 79.2
2022-01-14T06:09:00 1001.3 23.4 79.7
2022-01-14T06:10:00 1001.3 23.1 80.4
2022-01-14T06:11:00 1001.3 23.2 80.7
2022-01-14T06:12:00 1001.3 23.4 80.1
2022-01-14T06:13:00 1001.3 23.4 79.7
2022-01-14T06:14:00 1001.3 23.2 80.4
2022-01-14T06:15:00 1001.3 23.1 80.6
2022-01-14T06:16:00 1001.3 23.0 81.1
2022-01-14T06:17:00 1001.3 23.0 81.3
2022-01-14T06:18:00 1001.3 22.9 81.6
2022-01-14T06:19:00 1001.3 22.9 81.8
2022-01-14T06:20:00 1001.3 22.9 82.2
2022-01-14T06:21:00 1001.3 22.9 81.8
2022-01-14T06:22:00 1001.3 22.9 81.5
2022-01-14T06:23:00 1001.4 22.9 81.4
2022-01-14T06:24:00 1001.3 22.7 82.2
2022-01-14T06:25:00 1001.4 22.6 83.2
2022-01-14T06:26:00 1001.4 22.7 82.8
2022-01-14T06:27:00 1001.4 22.7 83.1
2022-01-14T06:28:00 1001.4 23.0 82.1
2022-01-14T06:29:00 1001.4 22.9 81.4
2022-01-14T06:30:00 1001.4 22.9 82.0
2022-01-14T06:31:00 1001.4 23.0 81.4
2022-01-14T06:32:00 1001.4 23.1 81.2
2022-01-14T06:33:00 1001.4 23.1 80.7
2022-01-14T06:34:00 1001.4 23.0 81.4
2022-01-14T06:35:00 1001.3 23.0 81.1
2022-01-14T06:36:00 1001.4 23.0 81.4
2022-01-14T06:37:00 1001.4 23.0 81.3
2022-01-14T06:38:00 1001.4 23.0 81.0
2022-01-14T06:39:00 1001.4 22.9 81.6
2022-01-14T06:40:00 1001.4 22.8 81.7
2022-01-14T06:41:00 1001.4 22.9 82.0
2022-01-14T06:42:00 1001.4 23.0 81.3
2022-01-14T06:43:00 1001.4 23.0 81.2
2022-01-14T06:44:00 1001.4 23.0 81.3
2022-01-14T06:45:00 1001.4 23.0 80.9
2022-01-14T06:46:00 1001.4 22.9 81.4
2022-01-14T06:47:00 1001.4 22.9 81.7
2022-01-14T06:48:00 1001.4 22.9 81.6
2022-01-14T06:49:00 1001.4 22.9 81.3
2022-01-14T06:50:00 1001.5 22.8 81.1
2022-01-14T06:51:00 1001.5 22.9 81.7
2022-01-14T06:52:00 1001.5 23.0 80.8
2022-01-14T06:53:00 1001.5 23.1 80.6
2022-01-14T06:54:00 1001.5 22.8 80.9
2022-01-14T06:55:00 1001.5 22.4 82.2
2022-01-14T06:56:00 1001.5 22.1 83.8
2022-01-14T06:57:00 1001.5 22.1 84.4
2022-01-14T06:58:00 1001.5 22.3 83.8
2022-01-14T06:59:00 1001.5 22.2 83.3
2022-01-14T07:00:00 1001.5 22.2 84.2
2022-01-14T07:01:00 1001.5 22.5 83.8
2022-01-14T07:02:00 1001.5 22.7 81.9
2022-01-14T07:03:00 1001.5 22.7 82.0
2022-01-14T07:04:00 1001.5 22.5 81.9
2022-01-14T07:05:00 1001.5 22.3 83.3
2022-01-14T07:06:00 1001.5 22.6 82.8
2022-01-14T07:07:00 1001.5 22.9 80.8
2022-01-14T07:08:00 1001.5 22.7 81.2
2022-01-14T07:09:00 1001.5 22.5 82.1
2022-01-14T07:10:00 1001.5 22.3 82.9
2022-01-14T07:11:00 1001.5 22.1 83.4
2022-01-14T07:12:00 1001.5 22.1 83.5
2022-01-14T07:13:00 1001.5 22.0 84.1
2022-01-14T07:14:00 1001.5 22.1 84.0
2022-01-14T07:15:00 1001.5 22.0 84.4
2022-01-14T07:16:00 1001.6 22.3 84.0
2022-01-14T07:17:00 1001.6 22.5 82.7
2022-01-14T07:18:00 1001.6 22.6 82.5
2022-01-14T07:19:00 1001.7 22.7 81.6
2022-01-14T07:20:00 1001.7 22.8 81.2
2022-01-14T07:21:00 1001.7 22.8 81.1
2022-01-14T07:22:00 1001.7 22.8 81.4
2022-01-14T07:23:00 1001.7 22.9 80.6
2022-01-14T07:24:00 1001.7 22.8 80.8
2022-01-14T07:25:00 1001.7 22.8 80.9
2022-01-14T07:26:00 1001.7 22.7 81.3
2022-01-14T07:27:00 1001.7 22.6 81.9
2022-01-14T07:28:00 1001.7 22.7 81.7
2022-01-14T07:29:00 1001.6 22.8 81.5
2022-01-14T07:30:00 1001.7 22.9 81.0
2022-01-14T07:31:00 1001.7 22.8 81.4
2022-01-14T07:32:00 1001.7 22.9 81.5
2022-01-14T07:33:00 1001.7 22.9 81.1
2022-01-14T07:34:00 1001.7 22.9 80.9
2022-01-14T07:35:00 1001.7 22.8 81.4
2022-01-14T07:36:00 1001.7 22.6 82.1
2022-01-14T07:37:00 1001.7 22.5 82.7
2022-01-14T07:38:00 1001.7 22.5 83.2
2022-01-14T07:39:00 1001.7 22.3 83.5
2022-01-14T07:40:00 1001.7 22.2 84.1
2022-01-14T07:41:00 1001.8 22.1 84.7
2022-01-14T07:42:00 1001.8 22.1 84.9
2022-01-14T07:43:00 1001.8 22.1 84.9
2022-01-14T07:44:00 1001.8 22.0 85.5
2022-01-14T07:45:00 1001.8 22.1 85.5
2022-01-14T07:46:00 1001.9 22.1 85.2
2022-01-14T07:47:00 1001.9 21.9 85.6
2022-01-14T07:48:00 1001.9 21.9 86.3
2022-01-14T07:49:00 1001.9 22.0 86.1
2022-01-14T07:50:00 1001.9 22.1 85.5
2022-01-14T07:51:00 1001.9 22.1 85.3
2022-01-14T07:52:00 1001.9 21.9 85.8
2022-01-14T07:53:00 1001.9 21.9 86.0
2022-01-14T07:54:00 1002.0 21.9 86.5
2022-01-14T07:55:00 1002.0 21.9 86.5
2022-01-14T07:56:00 1002.0 21.9 86.6
2022-01-14T07:57:00 1002.0 21.9 86.8
2022-01-14T07:58:00 1002.0 21.9 86.5
2022-01-14T07:59:00 1002.0 21.8 86.7
2022-01-14T08:00:00 1002.0 21.8 86.9
2022-01-14T08:01:00 1002.0 21.8 86.8
2022-01-14T08:02:00 1002.0 21.8 86.8
2022-01-14T08:03:00 1002.0 21.8 87.0
2022-01-14T08:04:00 1002.1 21.8 87.2
2022-01-14T08:05:00 1002.1 21.9 86.9
2022-01-14T08:06:00 1002.1 21.9 86.1
2022-01-14T08:07:00 1002.1 21.8 86.6
2022-01-14T08:08:00 1002.1 21.8 86.6
2022-01-14T08:09:00 1002.1 21.8 86.8
2022-01-14T08:10:00 1002.1 21.8 87.0
2022-01-14T08:11:00 1002.1 21.8 86.9
2022-01-14T08:12:00 1002.1 21.8 87.2
2022-01-14T08:13:00 1002.1 21.7 87.2
2022-01-14T08:14:00 1002.1 21.7 87.4
2022-01-14T08:15:00 1002.1 21.8 86.9
2022-01-14T08:16:00 1002.1 21.7 87.1
2022-01-14T08:17:00 1002.1 21.7 87.3
2022-01-14T08:18:00 1002.2 21.7 86.9
2022-01-14T08:19:00 1002.2 21.6 87.6
2022-01-14T08:20:00 1002.2 21.7 87.2
2022-01-14T08:21:00 1002.2 21.6 87.8
2022-01-14T08:22:00 1002.2 21.6 87.1
2022-01-14T08:23:00 1002.2 21.6 87.5
2022-01-14T08:24:00 1002.3 21.6 87.5
2022-01-14T08:25:00 1002.3 21.6 87.7
2022-01-14T08:26:00 1002.3 21.6 87.7
2022-01-14T08:27:00 1002.4 21.6 87.6
2022-01-14T08:28:00 1002.4 21.5 88.0
2022-01-14T08:29:00 1002.4 21.6 87.8
2022-01-14T08:30:00 1002.4 21.5 87.8
2022-01-14T08:31:00 1002.4 21.4 88.3
2022-01-14T08:32:00 1002.4 21.6 87.8
2022-01-14T08:33:00 1002.5 21.7 87.2
2022-01-14T08:34:00 1002.5 21.8 87.2
2022-01-14T08:35:00 1002.5 21.8 86.5
2022-01-14T08:36:00 1002.5 21.8 86.1
2022-01-14T08:37:00 1002.5 21.7 86.8
2022-01-14T08:38:00 1002.6 21.6 87.0
2022-01-14T08:39:00 1002.6 21.5 87.2
2022-01-14T08:40:00 1002.6 21.5 87.8
2022-01-14T08:41:00 1002.6 21.5 87.5
2022-01-14T08:42:00 1002.6 21.4 88.2
2022-01-14T08:43:00 1002.7 21.3 88.8
2022-01-14T08:44:00 1002.7 21.2 89.5
2022-01-14T08:45:00 1002.7 21.2 89.4
2022-01-14T08:46:00 1002.7 21.2 89.8
2022-01-14T08:47:00 1002.7 21.2 89.9
2022-01-14T08:48:00 1002.8 21.3 89.4
2022-01-14T08:49:00 1002.8 21.3 89.2
2022-01-14T08:50:00 1002.8 21.2 89.8
2022-01-14T08:51:00 1002.8 21.2 89.9
2022-01-14T08:52:00 1002.8 21.2 90.0
2022-01-14T08:53:00 1002.8 21.3 89.9
2022-01-14T08:54:00 1002.8 21.3 89.8
2022-01-14T08:55:00 1002.8 21.3 89.8
2022-01-14T08:56:00 1002.9 21.4 89.1
2022-01-14T08:57:00 1002.9 21.3 89.5
2022-01-14T08:58:00 1002.9 21.3 89.9
2022-01-14T08:59:00 1002.9 21.4 89.8
2022-01-14T09:00:00 1002.9 21.5 88.7
2022-01-14T09:01:00 1002.9 21.4 89.0
2022-01-14T09:02:00 1002.9 21.7 88.3
2022-01-14T09:03:00 1002.9 21.7 87.4
2022-01-14T09:04:00 1002.9 21.5 88.3
2022-01-14T09:05:00 1002.9 21.4 88.8
2022-01-14T09:06:00 1002.9 21.4 89.2
2022-01-14T09:07:00 1003.0 21.5 89.5
2022-01-14T09:08:00 1003.0 21.6 88.1
2022-01-14T09:09:00 1003.0 21.5 88.7
2022-01-14T09:10:00 1003.0 21.5 88.8
2022-01-14T09:11:00 1003.0 21.6 88.5
2022-01-14T09:12:00 1003.1 21.8 87.4
2022-01-14T09:13:00 1003.1 21.7 87.6
2022-01-14T09:14:00 1003.1 21.6 88.2
2022-01-14T09:15:00 1003.1 21.7 88.0
2022-01-14T09:16:00 1003.2 21.8 87.7
2022-01-14T09:17:00 1003.2 21.9 86.9
2022-01-14T09:18:00 1003.2 21.9 87.2
2022-01-14T09:19:00 1003.2 21.9 86.5
2022-01-14T09:20:00 1003.2 21.7 87.7
2022-01-14T09:21:00 1003.2 21.6 87.9
2022-01-14T09:22:00 1003.3 21.5 88.5
2022-01-14T09:23:00 1003.3 21.5 88.6
2022-01-14T09:24:00 1003.3 21.5 89.1
2022-01-14T09:25:00 1003.3 21.6 88.8
2022-01-14T09:26:00 1003.3 21.8 87.6
2022-01-14T09:27:00 1003.3 21.8 87.6
2022-01-14T09:28:00 1003.3 21.8 87.4
2022-01-14T09:29:00 1003.3 21.9 87.3
2022-01-14T09:30:00 1003.3 21.9 86.6
2022-01-14T09:31:00 1003.3 21.9 87.8
2022-01-14T09:32:00 1003.4 22.0 87.0
2022-01-14T09:33:00 1003.4 22.0 86.0
2022-01-14T09:34:00 1003.4 22.0 86.6
2022-01-14T09:35:00 1003.4 22.1 85.9
2022-01-14T09:36:00 1003.4 22.1 86.3
2022-01-14T09:37:00 1003.5 22.2 85.7
2022-01-14T09:38:00 1003.5 22.2 85.7
2022-01-14T09:39:00 1003.5 22.2 86.0
2022-01-14T09:40:00 1003.5 22.5 84.7
2022-01-14T09:41:00 1003.5 22.6 84.1
2022-01-14T09:42:00 1003.5 22.6 84.0
2022-01-14T09:43:00 1003.6 22.7 83.4
2022-01-14T09:44:00 1003.6 22.6 83.6
2022-01-14T09:45:00 1003.6 22.5 84.6
2022-01-14T09:46:00 1003.6 22.5 84.6
2022-01-14T09:47:00 1003.6 22.5 84.6
2022-01-14T09:48:00 1003.6 22.5 84.1
2022-01-14T09:49:00 1003.6 22.6 84.3
2022-01-14T09:50:00 1003.6 22.8 83.8
2022-01-14T09:51:00 1003.6 22.9 83.0
2022-01-14T09:52:00 1003.7 22.8 83.5
2022-01-14T09:53:00 1003.7 23.0 82.5
2022-01-14T09:54:00 1003.7 23.0 82.4
2022-01-14T09:55:00 1003.7 23.1 82.4
2022-01-14T09:56:00 1003.7 23.1 82.2
2022-01-14T09:57:00 1003.7 23.1 81.8
2022-01-14T09:58:00 1003.8 23.2 81.8
2022-01-14T09:59:00 1003.8 23.3 81.2
2022-01-14T10:00:00 1003.8 23.3 80.8
2022-01-14T10:01:00 1003.8 23.0 82.0
2022-01-14T10:02:00 1003.8 23.2 81.9
2022-01-14T10:03:00 1003.8 23.3 80.7
2022-01-14T10:04:00 1003.8 23.3 81.6
2022-01-14T10:05:00 1003.8 23.5 80.7
2022-01-14T10:06:00 1003.8 23.5 80.0
2022-01-14T10:07:00 1003.8 23.4 80.5
2022-01-14T10:08:00 1003.8 23.5 80.8
2022-01-14T10:09:00 1003.8 23.7 80.0
2022-01-14T10:10:00 1003.8 23.6 79.6
2022-01-14T10:11:00 1003.9 23.4 80.6
2022-01-14T10:12:00 1003.9 23.5 80.7
2022-01-14T10:13:00 1003.9 23.9 79.5
2022-01-14T10:14:00 1003.9 24.1 78.4
2022-01-14T10:15:00 1003.9 24.3 77.8
2022-01-14T10:16:00 1003.9 24.5 77.0
2022-01-14T10:17:00 1003.9 24.4 77.0
2022-01-14T10:18:00 1003.9 24.5 77.4
2022-01-14T10:19:00 1004.0 24.7 76.0
2022-01-14T10:20:00 1004.0 24.9 75.0
2022-01-14T10:21:00 1004.0 24.9 75.6
2022-01-14T10:22:00 1004.0 25.1 74.0
2022-01-14T10:23:00 1004.0 25.1 74.0
2022-01-14T10:24:00 1004.1 25.0 73.9
2022-01-14T10:25:00 1004.1 24.9 74.5
2022-01-14T10:26:00 1004.1 24.8 74.8
2022-01-14T10:27:00 1004.1 24.7 74.9
2022-01-14T10:28:00 1004.1 24.8 75.0
2022-01-14T10:29:00 1004.1 24.6 75.0
2022-01-14T10:30:00 1004.1 24.6 75.5
2022-01-14T10:31:00 1004.1 24.5 75.6
2022-01-14T10:32:00 1004.1 25.0 75.2
2022-01-14T10:33:00 1004.1 25.4 73.3
2022-01-14T10:34:00 1004.1 25.5 72.6
2022-01-14T10:35:00 1004.2 25.6 72.6
2022-01-14T10:36:00 1004.2 25.8 71.7
2022-01-14T10:37:00 1004.2 25.7 72.7
2022-01-14T10:38:00 1004.2 25.8 71.8
2022-01-14T10:39:00 1004.2 25.7 72.2
2022-01-14T10:40:00 1004.2 26.0 71.8
2022-01-14T10:41:00 1004.3 25.9 70.8
2022-01-14T10:42:00 1004.3 26.1 71.0
2022-01-14T10:43:00 1004.3 26.0 71.3
2022-01-14T10:44:00 1004.3 25.9 71.7
2022-01-14T10:45:00 1004.3 26.2 71.2
2022-01-14T10:46:00 1004.3 26.3 70.8
2022-01-14T10:47:00 1004.3 26.3 70.5
2022-01-14T10:48:00 1004.3 26.4 70.0
2022-01-14T10:49:00 1004.3 26.5 69.9
2022-01-14T10:50:00 1004.3 26.7 69.6
2022-01-14T10:51:00 1004.3 26.5 70.2
2022-01-14T10:52:00 1004.3 26.4 70.3
2022-01-14T10:53:00 1004.3 26.6 70.3
2022-01-14T10:54:00 1004.4 26.7 69.6
2022-01-14T10:55:00 1004.3 26.8 69.5
2022-01-14T10:56:00 1004.3 26.9 68.1
2022-01-14T10:57:00 1004.4 26.8 67.6
2022-01-14T10:58:00 1004.4 26.8 67.9
2022-01-14T10:59:00 1004.4 26.6 69.3
2022-01-14T11:00:00 1004.4 26.6 69.1
2022-01-14T11:01:00 1004.3 26.6 68.5
2022-01-14T11:02:00 1004.4 26.5 69.1
2022-01-14T11:03:00 1004.4 26.5 68.4
2022-01-14T11:04:00 1004.4 26.6 68.9
2022-01-14T11:05:00 1004.4 27.0 68.3
2022-01-14T11:06:00 1004.4 27.0 67.4
2022-01-14T11:07:00 1004.4 26.8 67.5
2022-01-14T11:08:00 1004.4 26.8 67.9
2022-01-14T11:09:00 1004.4 27.0 66.3
2022-01-14T11:10:00 1004.4 27.2 65.8
2022-01-14T11:11:00 1004.4 27.5 65.3
2022-01-14T11:12:00 1004.4 27.6 64.7
2022-01-14T11:13:00 1004.4 27.6 65.3
2022-01-14T11:14:00 1004.4 27.6 64.6
2022-01-14T11:15:00 1004.4 27.6 65.0
2022-01-14T11:16:00 1004.4 27.8 64.3
2022-01-14T11:17:00 1004.3 28.1 63.7
2022-01-14T11:18:00 1004.4 28.3 62.6
2022-01-14T11:19:00 1004.3 28.3 62.6
2022-01-14T11:20:00 1004.3 28.6 61.2
2022-01-14T11:21:00 1004.3 28.9 60.7
2022-01-14T11:22:00 1004.3 29.5 59.3
2022-01-14T11:23:00 1004.3 30.2 58.2
2022-01-14T11:24:00 1004.3 31.0 56.2
2022-01-14T11:25:00 1004.3 31.8 53.8
2022-01-14T11:26:00 1004.3 32.2 52.5
2022-01-14T11:27:00 1004.3 32.6 51.6
2022-01-14T11:28:00 1004.4 33.3 50.1
2022-01-14T11:29:00 1004.3 34.1 47.8
2022-01-14T11:30:00 1004.4 34.5 46.9
2022-01-14T11:31:00 1004.3 35.2 45.7
2022-01-14T11:32:00 1004.3 35.1 46.0
2022-01-14T11:33:00 1004.4 35.0 46.6
2022-01-14T11:34:00 1004.4 35.3 45.3
2022-01-14T11:35:00 1004.4 35.3 44.8
2022-01-14T11:36:00 1004.4 35.3 44.8
2022-01-14T11:37:00 1004.3 34.7 45.8
2022-01-14T11:38:00 1004.4 34.0 46.4
2022-01-14T11:39:00 1004.4 33.9 47.5
2022-01-14T11:40:00 1004.3 34.2 46.5
2022-01-14T11:41:00 1004.3 34.8 46.3
2022-01-14T11:42:00 1004.3 34.7 46.5
2022-01-14T11:43:00 1004.3 35.6 44.6
2022-01-14T11:44:00 1004.3 35.7 43.8
2022-01-14T11:45:00 1004.3 35.4 44.4
2022-01-14T11:46:00 1004.3 35.7 44.0
2022-01-14T11:47:00 1004.3 36.3 43.3
2022-01-14T11:48:00 1004.3 37.0 41.4
2022-01-14T11:49:00 1004.3 36.9 41.5
2022-01-14T11:50:00 1004.3 37.2 41.3
2022-01-14T11:51:00 1004.3 38.0 40.5
2022-01-14T11:52:00 1004.3 38.5 38.4
2022-01-14T11:53:00 1004.3 38.0 39.2
2022-01-14T11:54:00 1004.3 37.1 40.2
2022-01-14T11:55:00 1004.3 36.2 41.6
2022-01-14T11:56:00 1004.2 36.6 41.7
2022-01-14T11:57:00 1004.2 37.4 40.5
2022-01-14T11:58:00 1004.3 37.3 40.8
2022-01-14T11:59:00 1004.2 36.9 40.9
2022-01-14T12:00:00 1004.2 36.4 41.1
2022-01-14T12:01:00 1004.2 36.2 41.9
2022-01-14T12:02:00 1004.2 36.9 41.3
2022-01-14T12:03:00 1004.2 37.0 39.6
2022-01-14T12:04:00 1004.2 36.0 41.2
2022-01-14T12:05:00 1004.2 35.5 42.8
2022-01-14T12:06:00 1004.2 35.3 42.8
2022-01-14T12:07:00 1004.2 34.8 44.6
2022-01-14T12:08:00 1004.2 35.0 44.2
2022-01-14T12:09:00 1004.2 35.2 44.1
2022-01-14T12:10:00 1004.2 36.3 42.4
2022-01-14T12:11:00 1004.2 36.8 41.6
2022-01-14T12:12:00 1004.2 36.6 41.8
2022-01-14T12:13:00 1004.2 36.8 41.2
2022-01-14T12:14:00 1004.1 36.6 40.9
2022-01-14T12:15:00 1004.1 36.1 41.5
2022-01-14T12:16:00 1004.1 35.9 42.3
2022-01-14T12:17:00 1004.1 35.7 42.1
2022-01-14T12:18:00 1004.1 35.4 42.8
2022-01-14T12:19:00 1004.1 35.5 42.7
2022-01-14T12:20:00 1004.1 36.0 41.8
2022-01-14T12:21:00 1004.0 36.3 41.2
2022-01-14T12:22:00 1004.0 36.1 41.5
2022-01-14T12:23:00 1004.0 36.0 41.0
2022-01-14T12:24:00 1004.0 36.6 41.0
2022-01-14T12:25:00 1004.0 37.0 39.8
2022-01-14T12:26:00 1003.9 37.2 39.8
2022-01-14T12:27:00 1003.9 37.7 38.2
2022-01-14T12:28:00 1003.9 37.0 39.5
2022-01-14T12:29:00 1003.9 37.1 38.8
2022-01-14T12:30:00 1003.9 37.7 38.0
2022-01-14T12:31:00 1003.9 38.1 37.4
2022-01-14T12:32:00 1003.9 37.7 37.7
2022-01-14T12:33:00 1003.9 37.3 38.1
2022-01-14T12:34:00 1003.9 37.5 37.5
2022-01-14T12:35:00 1003.9 36.9 38.5
2022-01-14T12:36:00 1003.9 36.6 38.6
2022-01-14T12:37:00 1003.9 35.8 38.2
2022-01-14T12:38:00 1003.9 35.3 39.2
2022-01-14T12:39:00 1003.9 35.4 39.2
2022-01-14T12:40:00 1003.9 35.6 39.2
2022-01-14T12:41:00 1003.9 35.8 38.4
2022-01-14T12:42:00 1003.8 35.7 38.0
2022-01-14T12:43:00 1003.8 35.5 38.4
2022-01-14T12:44:00 1003.9 34.8 39.9
2022-01-14T12:45:00 1003.9 34.9 40.3
2022-01-14T12:46:00 1003.9 35.5 39.4
2022-01-14T12:47:00 1003.9 35.9 39.1
2022-01-14T12:48:00 1003.9 36.1 39.0
2022-01-14T12:49:00 1003.9 36.1 38.0
2022-01-14T12:50:00 1003.8 36.4 38.3
2022-01-14T12:51:00 1003.9 36.6 37.3
2022-01-14T12:52:00 1003.8 36.8 36.9
2022-01-14T12:53:00 1003.8 37.1 36.7
2022-01-14T12:54:00 1003.8 37.8 36.1
2022-01-14T12:55:00 1003.8 37.3 35.9
2022-01-14T12:56:00 1003.8 36.9 37.2
2022-01-14T12:57:00 1003.8 37.2 36.3
2022-01-14T12:58:00 1003.7 37.4 36.1
2022-01-14T12:59:00 1003.8 37.0 37.1
2022-01-14T13:00:00 1003.8 37.1 36.5
2022-01-14T13:01:00 1003.8 37.4 35.8
2022-01-14T13:02:00 1003.8 37.3 36.3
2022-01-14T13:03:00 1003.7 36.5 36.7
2022-01-14T13:04:00 1003.8 36.8 36.9
2022-01-14T13:05:00 1003.8 37.5 35.7
2022-01-14T13:06:00 1003.7 37.6 35.2
2022-01-14T13:07:00 1003.7 37.6 34.8
2022-01-14T13:08:00 1003.7 37.1 35.7
2022-01-14T13:09:00 1003.7 37.6 35.5
2022-01-14T13:10:00 1003.7 37.5 35.0
2022-01-14T13:11:00 1003.7 37.7 35.1
2022-01-14T13:12:00 1003.7 37.4 35.0
2022-01-14T13:13:00 1003.7 37.6 34.9
2022-01-14T13:14:00 1003.7 37.6 34.7
2022-01-14T13:15:00 1003.7 37.5 34.9
2022-01-14T13:16:00 1003.7 37.0 35.4
2022-01-14T13:17:00 1003.6 37.5 36.1
2022-01-14T13:18:00 1003.6 38.1 34.6
2022-01-14T13:19:00 1003.6 38.2 34.4
2022-01-14T13:20:00 1003.6 38.1 34.3
2022-01-14T13:21:00 1003.6 38.0 34.1
2022-01-14T13:22:00 1003.6 37.7 34.7
2022-01-14T13:23:00 1003.6 37.6 34.7
2022-01-14T13:24:00 1003.6 37.9 33.8
2022-01-14T13:25:00 1003.6 37.2 35.2
2022-01-14T13:26:00 1003.6 37.2 34.9
2022-01-14T13:27:00 1003.6 37.4 35.5
2022-01-14T13:28:00 1003.6 37.7 34.9
2022-01-14T13:29:00 1003.6 38.2 34.3
2022-01-14T13:30:00 1003.6 38.6 33.5
2022-01-14T13:31:00 1003.5 37.6 34.3
2022-01-14T13:32:00 1003.5 38.4 34.3
2022-01-14T13:33:00 1003.5 38.8 33.4
2022-01-14T13:34:00 1003.5 38.7 33.1
2022-01-14T13:35:00 1003.5 38.4 32.6
2022-01-14T13:36:00 1003.5 38.2 33.4
2022-01-14T13:37:00 1003.5 38.7 33.0
2022-01-14T13:38:00 1003.5 38.5 33.6
2022-01-14T13:39:00 1003.5 39.0 32.8
2022-01-14T13:40:00 1003.5 39.0 32.7
2022-01-14T13:41:00 1003.5 38.4 31.2
2022-01-14T13:42:00 1003.5 38.0 32.5
2022-01-14T13:43:00 1003.5 38.5 32.2
2022-01-14T13:44:00 1003.5 38.0 33.0
2022-01-14T13:45:00 1003.5 38.3 33.4
2022-01-14T13:46:00 1003.5 38.1 33.4
2022-01-14T13:47:00 1003.5 38.5 33.1
2022-01-14T13:48:00 1003.4 39.1 32.0
2022-01-14T13:49:00 1003.5 39.2 31.8
2022-01-14T13:50:00 1003.5 38.7 32.6
2022-01-14T13:51:00 1003.5 37.7 33.8
2022-01-14T13:52:00 1003.5 37.8 34.0
2022-01-14T13:53:00 1003.5 38.1 32.8
2022-01-14T13:54:00 1003.5 37.4 34.1
2022-01-14T13:55:00 1003.5 38.1 33.5
2022-01-14T13:56:00 1003.5 38.0 33.5
2022-01-14T13:57:00 1003.4 37.5 34.1
2022-01-14T13:58:00 1003.4 37.9 34.1
2022-01-14T13:59:00 1003.4 38.2 33.1
2022-01-14T14:00:00 1003.4 38.2 33.1
2022-01-14T14:01:00 1003.3 38.3 33.5
2022-01-14T14:02:00 1003.3 38.0 32.9
2022-01-14T14:03:00 1003.3 37.3 33.8
2022-01-14T14:04:00 1003.3 37.6 33.8
2022-01-14T14:05:00 1003.3 38.0 33.2
2022-01-14T14:06:00 1003.3 38.5 32.3
2022-01-14T14:07:00 1003.3 38.5 32.3
2022-01-14T14:08:00 1003.3 38.6 32.5
2022-01-14T14:09:00 1003.3 39.0 32.4
2022-01-14T14:10:00 1003.3 39.5 31.3
2022-01-14T14:11:00 1003.2 39.0 31.5
2022-01-14T14:12:00 1003.2 38.0 32.4
2022-01-14T14:13:00 1003.2 38.3 32.0
2022-01-14T14:14:00 1003.2 37.3 31.5
2022-01-14T14:15:00 1003.2 36.8 32.8
2022-01-14T14:16:00 1003.2 37.9 32.0
2022-01-14T14:17:00 1003.2 37.9 31.9
2022-01-14T14:18:00 1003.2 38.9 32.0
2022-01-14T14:19:00 1003.2 39.8 29.8
2022-01-14T14:20:00 1003.2 39.5 30.4
2022-01-14T14:21:00 1003.2 40.0 30.2
2022-01-14T14:22:00 1003.2 40.1 29.8
2022-01-14T14:23:00 1003.2 39.8 28.8
2022-01-14T14:24:00 1003.2 39.3 29.7
2022-01-14T14:25:00 1003.2 39.1 29.7
2022-01-14T14:26:00 1003.2 38.8 30.9
2022-01-14T14:27:00 1003.2 38.8 31.0
2022-01-14T14:28:00 1003.2 38.6 30.4
2022-01-14T14:29:00 1003.1 38.3 32.5
2022-01-14T14:30:00 1003.1 38.8 31.3
2022-01-14T14:31:00 1003.1 38.9 31.2
2022-01-14T14:32:00 1003.1 39.3 30.1
2022-01-14T14:33:00 1003.1 38.4 31.3
2022-01-14T14:34:00 1003.1 38.8 31.3
2022-01-14T14:35:00 1003.1 38.7 30.5
2022-01-14T14:36:00 1003.0 39.1 30.0
2022-01-14T14:37:00 1003.0 39.1 30.6
2022-01-14T14:38:00 1003.0 39.5 29.7
2022-01-14T14:39:00 1003.0 39.7 29.5
2022-01-14T14:40:00 1003.0 38.8 30.6
2022-01-14T14:41:00 1002.9 38.6 31.6
2022-01-14T14:42:00 1002.9 39.3 30.9
2022-01-14T14:43:00 1003.0 38.7 30.9
2022-01-14T14:44:00 1003.0 38.6 31.1
2022-01-14T14:45:00 1003.0 39.2 30.9
2022-01-14T14:46:00 1003.0 40.1 28.9
2022-01-14T14:47:00 1002.9 39.0 30.1
2022-01-14T14:48:00 1002.9 38.4 31.4
2022-01-14T14:49:00 1002.9 38.4 31.3
2022-01-14T14:50:00 1002.9 38.6 30.1
2022-01-14T14:51:00 1002.9 37.9 31.5
2022-01-14T14:52:00 1002.9 38.3 31.1
2022-01-14T14:53:00 1002.9 38.1 31.4
2022-01-14T14:54:00 1002.8 38.1 31.7
2022-01-14T14:55:00 1002.9 37.8 31.7
2022-01-14T14:56:00 1002.9 37.6 32.1
2022-01-14T14:57:00 1002.9 36.6 33.3
2022-01-14T14:58:00 1002.8 36.3 34.0
2022-01-14T14:59:00 1002.8 36.1 34.4
2022-01-14T15:00:00 1002.7 36.5 34.5
2022-01-14T15:01:00 1002.8 36.3 34.5
2022-01-14T15:02:00 1002.7 36.2 35.1
2022-01-14T15:03:00 1002.7 36.3 34.8
2022-01-14T15:04:00 1002.7 37.5 33.2
2022-01-14T15:05:00 1002.7 38.1 32.0
2022-01-14T15:06:00 1002.7 37.5 32.9
2022-01-14T15:07:00 1002.7 37.4 33.3
2022-01-14T15:08:00 1002.7 37.1 33.4
2022-01-14T15:09:00 1002.7 36.4 34.1
2022-01-14T15:10:00 1002.6 36.1 34.2
2022-01-14T15:11:00 1002.6 36.4 34.1
2022-01-14T15:12:00 1002.7 36.6 34.8
2022-01-14T15:13:00 1002.6 36.5 33.3
2022-01-14T15:14:00 1002.6 36.0 33.0
2022-01-14T15:15:00 1002.6 36.4 32.8
2022-01-14T15:16:00 1002.6 37.1 31.2
2022-01-14T15:17:00 1002.6 37.2 31.4
2022-01-14T15:18:00 1002.6 37.9 30.4
2022-01-14T15:19:00 1002.6 38.3 29.9
2022-01-14T15:20:00 1002.5 39.4 29.1
2022-01-14T15:21:00 1002.5 40.3 27.7
2022-01-14T15:22:00 1002.5 40.4 27.3
2022-01-14T15:23:00 1002.4 39.4 27.1
2022-01-14T15:24:00 1002.4 38.5 27.9
2022-01-14T15:25:00 1002.5 38.7 28.3
2022-01-14T15:26:00 1002.5 39.7 26.7
2022-01-14T15:27:00 1002.4 39.7 27.1
2022-01-14T15:28:00 1002.4 40.5 25.8
2022-01-14T15:29:00 1002.4 39.9 26.9
2022-01-14T15:30:00 1002.4 38.5 27.9
2022-01-14T15:31:00 1002.3 37.5 28.7
2022-01-14T15:32:00 1002.3 38.0 29.1
2022-01-14T15:33:00 1002.3 38.0 29.4
2022-01-14T15:34:00 1002.3 38.2 29.5
2022-01-14T15:35:00 1002.2 37.7 30.0
2022-01-14T15:36:00 1002.2 37.9 30.4
2022-01-14T15:37:00 1002.3 37.8 30.3
2022-01-14T15:38:00 1002.2 37.5 31.2
2022-01-14T15:39:00 1002.2 37.6 30.9
2022-01-14T15:40:00 1002.2 37.3 31.5
2022-01-14T15:41:00 1002.2 37.0 31.7
2022-01-14T15:42:00 1002.2 36.7 31.7
2022-01-14T15:43:00 1002.2 36.5 31.2
2022-01-14T15:44:00 1002.2 37.3 29.8
2022-01-14T15:45:00 1002.2 38.2 27.0
2022-01-14T15:46:00 1002.1 38.6 26.6
2022-01-14T15:47:00 1002.1 38.7 26.6
2022-01-14T15:48:00 1002.1 38.3 26.2
2022-01-14T15:49:00 1002.0 38.0 27.0
2022-01-14T15:50:00 1002.0 38.3 27.4
2022-01-14T15:51:00 1001.9 38.6 27.6
2022-01-14T15:52:00 1002.0 38.2 28.1
2022-01-14T15:53:00 1002.0 38.3 28.1
2022-01-14T15:54:00 1002.0 38.3 28.2
2022-01-14T15:55:00 1002.0 38.4 28.5
2022-01-14T15:56:00 1001.9 37.6 28.5
2022-01-14T15:57:00 1001.9 37.8 28.6
2022-01-14T15:58:00 1001.9 37.9 28.7
2022-01-14T15:59:00 1001.9 37.5 29.8
2022-01-14T16:00:00 1001.9 36.9 30.3
2022-01-14T16:01:00 1001.8 36.9 30.8
2022-01-14T16:02:00 1001.7 37.3 30.7
2022-01-14T16:03:00 1001.8 38.6 28.2
2022-01-14T16:04:00 1001.8 39.1 27.3
2022-01-14T16:05:00 1001.8 39.0 26.8
2022-01-14T16:06:00 1001.8 39.5 24.3
2022-01-14T16:07:00 1001.7 39.7 24.5
2022-01-14T16:08:00 1001.7 39.7 24.4
2022-01-14T16:09:00 1001.7 39.3 24.3
2022-01-14T16:10:00 1001.7 39.5 24.2
2022-01-14T16:11:00 1001.7 39.6 24.2
2022-01-14T16:12:00 1001.7 39.7 24.3
2022-01-14T16:13:00 1001.6 40.4 23.5
2022-01-14T16:14:00 1001.7 40.1 24.0
2022-01-14T16:15:00 1001.7 40.0 23.5
2022-01-14T16:16:00 1001.7 40.0 23.6
2022-01-14T16:17:00 1001.6 40.7 22.9
2022-01-14T16:18:00 1001.6 40.3 23.3
2022-01-14T16:19:00 1001.6 40.5 23.6
2022-01-14T16:20:00 1001.6 41.3 22.4
2022-01-14T16:21:00 1001.6 41.4 21.9
2022-01-14T16:22:00 1001.5 42.3 21.0
2022-01-14T16:23:00 1001.6 41.9 21.9
2022-01-14T16:24:00 1001.5 41.5 23.1
2022-01-14T16:25:00 1001.5 40.8 23.7
2022-01-14T16:26:00 1001.6 39.8 24.4
2022-01-14T16:27:00 1001.5 38.6 25.8
2022-01-14T16:28:00 1001.5 38.6 27.3
2022-01-14T16:29:00 1001.5 38.6 26.4
2022-01-14T16:30:00 1001.5 38.7 26.7
2022-01-14T16:31:00 1001.4 38.7 26.5
2022-01-14T16:32:00 1001.4 38.4 26.7
2022-01-14T16:33:00 1001.4 38.2 27.2
2022-01-14T16:34:00 1001.4 38.6 27.3
2022-01-14T16:35:00 1001.4 39.5 26.0
2022-01-14T16:36:00 1001.4 40.4 25.5
2022-01-14T16:37:00 1001.4 41.0 24.9
2022-01-14T16:38:00 1001.3 40.4 25.5
2022-01-14T16:39:00 1001.3 40.4 26.0
2022-01-14T16:40:00 1001.3 41.0 25.6
2022-01-14T16:41:00 1001.3 41.9 24.1
2022-01-14T16:42:00 1001.3 42.7 23.7
2022-01-14T16:43:00 1001.3 42.5 23.1
2022-01-14T16:44:00 1001.2 41.7 24.6
2022-01-14T16:45:00 1001.2 42.1 24.0
2022-01-14T16:46:00 1001.2 42.3 24.0
2022-01-14T16:47:00 1001.2 43.6 22.6
2022-01-14T16:48:00 1001.2 43.8 21.5
2022-01-14T16:49:00 1001.2 42.4 23.2
2022-01-14T16:50:00 1001.2 42.1 23.4
2022-01-14T16:51:00 1001.2 41.9 23.1
2022-01-14T16:52:00 1001.2 41.8 23.9
2022-01-14T16:53:00 1001.2 42.9 22.9
2022-01-14T16:54:00 1001.2 42.5 23.8
2022-01-14T16:55:00 1001.1 42.3 23.1
2022-01-14T16:56:00 1001.1 41.6 23.7
2022-01-14T16:57:00 1001.1 41.6 23.5
2022-01-14T16:58:00 1001.1 41.7 23.5
2022-01-14T16:59:00 1001.1 41.8 23.8
2022-01-14T17:00:00 1001.1 42.7 22.6
2022-01-14T17:01:00 1001.0 43.7 21.7
2022-01-14T17:02:00 1001.0 42.4 22.8
2022-01-14T17:03:00 1001.0 41.5 24.4
2022-01-14T17:04:00 1001.0 42.4 23.6
2022-01-14T17:05:00 1000.9 42.4 23.1
2022-01-14T17:06:00 1000.9 42.0 24.1
2022-01-14T17:07:00 1000.9 42.2 23.5
2022-01-14T17:08:00 1001.0 41.8 23.8
2022-01-14T17:09:00 1000.9 41.5 23.8
2022-01-14T17:10:00 1000.9 41.0 24.5
2022-01-14T17:11:00 1000.9 41.8 24.4
2022-01-14T17:12:00 1000.9 42.9 23.0
2022-01-14T17:13:00 1000.9 42.7 23.2
2022-01-14T17:14:00 1000.9 43.1 22.8
2022-01-14T17:15:00 1000.9 43.5 22.3
2022-01-14T17:16:00 1000.8 44.1 21.7
2022-01-14T17:17:00 1000.8 43.1 22.6
2022-01-14T17:18:00 1000.8 42.4 23.2
2022-01-14T17:19:00 1000.8 42.7 23.4
2022-01-14T17:20:00 1000.8 43.1 22.8
2022-01-14T17:21:00 1000.8 43.4 22.9
2022-01-14T17:22:00 1000.7 41.7 24.6
2022-01-14T17:23:00 1000.7 42.4 23.7
2022-01-14T17:24:00 1000.7 42.3 24.0
2022-01-14T17:25:00 1000.7 43.5 22.7
2022-01-14T17:26:00 1000.7 43.4 22.8
2022-01-14T17:27:00 1000.7 42.5 23.2
2022-01-14T17:28:00 1000.6 42.8 23.7
2022-01-14T17:29:00 1000.7 43.1 23.1
2022-01-14T17:30:00 1000.6 42.6 23.5
2022-01-14T17:31:00 1000.6 42.4 24.3
2022-01-14T17:32:00 1000.6 42.9 23.1
2022-01-14T17:33:00 1000.6 43.2 22.7
2022-01-14T17:34:00 1000.6 43.6 22.6
2022-01-14T17:35:00 1000.6 43.8 22.1
2022-01-14T17:36:00 1000.5 44.2 21.7
2022-01-14T17:37:00 1000.5 44.0 21.9
2022-01-14T17:38:00 1000.5 43.5 22.3
2022-01-14T17:39:00 1000.5 43.2 22.7
2022-01-14T17:40:00 1000.5 42.6 23.3
2022-01-14T17:41:00 1000.5 42.3 23.8
2022-01-14T17:42:00 1000.4 43.2 23.1
2022-01-14T17:43:00 1000.4 43.1 23.1
2022-01-14T17:44:00 1000.4 41.0 25.6
2022-01-14T17:45:00 1000.4 40.3 26.6
2022-01-14T17:46:00 1000.5 40.4 26.5
2022-01-14T17:47:00 1000.4 40.2 26.7
2022-01-14T17:48:00 1000.4 40.8 26.1
2022-01-14T17:49:00 1000.4 43.0 23.4
2022-01-14T17:50:00 1000.4 43.7 22.2
2022-01-14T17:51:00 1000.4 43.6 22.8
2022-01-14T17:52:00 1000.4 42.6 23.6
2022-01-14T17:53:00 1000.4 42.7 22.8
2022-01-14T17:54:00 1000.4 41.2 24.4
2022-01-14T17:55:00 1000.4 39.8 26.5
2022-01-14T17:56:00 1000.4 39.8 26.9
2022-01-14T17:57:00 1000.3 39.8 26.5
2022-01-14T17:58:00 1000.3 39.0 27.7
2022-01-14T17:59:00 1000.3 38.7 28.8
2022-01-14T18:00:00 1000.3 38.6 28.8
2022-01-14T18:01:00 1000.3 38.6 28.8
2022-01-14T18:02:00 1000.3 39.1 28.3
2022-01-14T18:03:00 1000.2 38.9 28.5
2022-01-14T18:04:00 1000.2 38.9 28.2
2022-01-14T18:05:00 1000.2 39.2 28.2
2022-01-14T18:06:00 1000.2 39.9 27.8
2022-01-14T18:07:00 1000.2 42.5 24.4
2022-01-14T18:08:00 1000.1 44.3 21.8
2022-01-14T18:09:00 1000.1 42.0 24.2
2022-01-14T18:10:00 1000.1 42.8 24.3
2022-01-14T18:11:00 1000.1 44.1 22.6
2022-01-14T18:12:00 1000.1 44.8 21.5
2022-01-14T18:13:00 1000.1 44.9 21.6
2022-01-14T18:14:00 1000.1 45.2 20.6
2022-01-14T18:15:00 1000.0 45.5 20.4
2022-01-14T18:16:00 1000.0 46.6 19.7
2022-01-14T18:17:00 1000.0 45.4 20.3
2022-01-14T18:18:00 999.9 44.3 20.9
2022-01-14T18:19:00 999.9 43.1 22.2
2022-01-14T18:20:00 1000.0 41.5 24.5
2022-01-14T18:21:00 1000.0 42.1 24.4
2022-01-14T18:22:00 1000.0 44.4 21.8
2022-01-14T18:23:00 999.9 44.5 21.6
2022-01-14T18:24:00 999.9 44.4 21.5
2022-01-14T18:25:00 999.9 44.1 21.6
2022-01-14T18:26:00 999.9 44.9 21.0
2022-01-14T18:27:00 999.9 44.6 21.1
2022-01-14T18:28:00 999.9 43.4 22.4
2022-01-14T18:29:00 999.9 43.1 22.9
2022-01-14T18:30:00 999.9 42.2 23.7
2022-01-14T18:31:00 999.9 42.4 23.6
2022-01-14T18:32:00 999.9 41.1 25.3
2022-01-14T18:33:00 999.9 39.7 27.5
2022-01-14T18:34:00 1000.0 38.8 28.6
2022-01-14T18:35:00 999.9 38.6 29.0
2022-01-14T18:36:00 999.9 38.1 29.5
2022-01-14T18:37:00 999.9 37.7 30.3
2022-01-14T18:38:00 1000.0 37.7 31.3
2022-01-14T18:39:00 1000.0 37.7 31.1
2022-01-14T18:40:00 1000.1 37.5 31.4
2022-01-14T18:41:00 1000.1 36.8 33.6
2022-01-14T18:42:00 1000.2 36.0 35.8
2022-01-14T18:43:00 1000.2 35.4 37.7
2022-01-14T18:44:00 1000.1 35.1 39.0
2022-01-14T18:45:00 1000.1 34.7 40.0
2022-01-14T18:46:00 1000.2 34.4 41.3
2022-01-14T18:47:00 1000.1 34.3 42.0
2022-01-14T18:48:00 1000.3 33.8 44.1
2022-01-14T18:49:00 1000.3 33.5 45.1
2022-01-14T18:50:00 1000.4 32.7 54.6
2022-01-14T18:51:00 1000.5 29.6 70.4
2022-01-14T18:52:00 1000.6 29.8 67.7
2022-01-14T18:53:00 1000.7 28.0 77.4
2022-01-14T18:54:00 1000.9 25.3 89.5
2022-01-14T18:55:00 1001.0 24.6 94.8
2022-01-14T18:56:00 1001.2 24.6 98.5
2022-01-14T18:57:00 1001.2 24.5 99.5
2022-01-14T18:58:00 1001.2 24.9 101.4
2022-01-14T18:59:00 1001.7 23.9 99.8
2022-01-14T19:00:00 1001.9 24.0 100.8
2022-01-14T19:01:00 1002.0 24.0 101.0
2022-01-14T19:02:00 1002.2 24.5 104.5
2022-01-14T19:03:00 1002.2 24.4 103.8
2022-01-14T19:04:00 1002.1 24.8 105.0
2022-01-14T19:05:00 1002.2 24.7 104.6
2022-01-14T19:06:00 1002.3 24.3 101.3
2022-01-14T19:07:00 1002.2 24.1 99.7
2022-01-14T19:08:00 1002.1 24.6 101.8
2022-01-14T19:09:00 1002.1 24.7 102.0
2022-01-14T19:10:00 1002.2 24.5 101.1
2022-01-14T19:11:00 1002.2 24.7 102.4
2022-01-14T19:12:00 1002.1 24.4 101.0
2022-01-14T19:13:00 1002.1 25.4 105.8
2022-01-14T19:14:00 1002.1 24.8 102.8
2022-01-14T19:15:00 1002.0 24.4 100.5
2022-01-14T19:16:00 1002.0 25.3 105.4
2022-01-14T19:17:00 1001.9 24.6 101.3
2022-01-14T19:18:00 1001.8 24.6 101.7
2022-01-14T19:19:00 1001.8 25.3 105.5
2022-01-14T19:20:00 1001.8 25.6 106.0
2022-01-14T19:21:00 1001.8 25.3 105.5
2022-01-14T19:22:00 1001.8 25.6 105.5
2022-01-14T19:23:00 1001.8 25.7 105.8
2022-01-14T19:24:00 1001.8 25.4 104.6
2022-01-14T19:25:00 1001.7 25.0 100.2
2022-01-14T19:26:00 1001.7 25.1 100.4
2022-01-14T19:27:00 1001.7 25.1 99.9
2022-01-14T19:28:00 1001.7 25.1 100.1
2022-01-14T19:29:00 1001.7 25.1 99.6
2022-01-14T19:30:00 1001.7 25.0 98.4
2022-01-14T19:31:00 1001.7 25.0 98.4
2022-01-14T19:32:00 1001.6 24.7 96.2
2022-01-14T19:33:00 1001.5 24.8 97.9
2022-01-14T19:34:00 1001.4 24.9 97.9
2022-01-14T19:35:00 1001.4 24.9 98.0
2022-01-14T19:36:00 1001.3 25.0 98.5
2022-01-14T19:37:00 1001.4 25.2 99.4
2022-01-14T19:38:00 1001.4 25.3 99.2
2022-01-14T19:39:00 1001.0 25.2 98.5
2022-01-14T19:40:00 1001.0 25.1 98.1
2022-01-14T19:41:00 1001.0 24.8 96.3
2022-01-14T19:42:00 1000.9 24.8 97.2
2022-01-14T19:43:00 1000.9 24.9 96.9
2022-01-14T19:44:00 1001.0 24.9 97.3
2022-01-14T19:45:00 1001.0 24.8 96.0
2022-01-14T19:46:00 1001.0 25.1 97.1
2022-01-14T19:47:00 1001.0 25.5 96.9
2022-01-14T19:48:00 1001.0 26.0 86.9
2022-01-14T19:49:00 1001.0 27.3 78.7
2022-01-14T19:50:00 1000.9 28.3 72.2
2022-01-14T19:51:00 1000.9 28.8 68.3
2022-01-14T19:52:00 1000.9 28.8 67.6
2022-01-14T19:53:00 1000.9 29.0 72.8
2022-01-14T19:54:00 1000.9 28.9 74.3
2022-01-14T19:55:00 1000.9 28.8 72.4
2022-01-14T19:56:00 1000.9 28.6 75.4
2022-01-14T19:57:00 1000.9 28.5 74.6
2022-01-14T19:58:00 1000.9 28.6 74.3
2022-01-14T19:59:00 1000.9 28.4 76.8
2022-01-14T20:00:00 1000.9 28.3 76.7
2022-01-14T20:01:00 1000.8 28.4 74.9
2022-01-14T20:02:00 1000.8 28.5 74.3
2022-01-14T20:03:00 1000.8 28.6 73.0
2022-01-14T20:04:00 1000.7 28.7 72.7
2022-01-14T20:05:00 1000.7 29.1 70.9
2022-01-14T20:06:00 1000.7 29.2 70.8
2022-01-14T20:07:00 1000.7 29.5 71.6
2022-01-14T20:08:00 1000.6 29.5 70.8
2022-01-14T20:09:00 1000.6 29.4 73.3
2022-01-14T20:10:00 1000.6 29.1 72.3
2022-01-14T20:11:00 1000.6 28.9 73.3
2022-01-14T20:12:00 1000.6 28.5 72.8
2022-01-14T20:13:00 1000.6 28.3 74.9
2022-01-14T20:14:00 1000.6 28.8 72.6
2022-01-14T20:15:00 1000.5 29.1 70.2
2022-01-14T20:16:00 1000.5 29.3 69.6
2022-01-14T20:17:00 1000.5 29.3 68.8
2022-01-14T20:18:00 1000.5 29.4 69.0
2022-01-14T20:19:00 1000.5 29.5 73.4
2022-01-14T20:20:00 1000.4 29.6 72.3
2022-01-14T20:21:00 1000.4 29.6 73.0
2022-01-14T20:22:00 1000.4 29.5 73.7
2022-01-14T20:23:00 1000.4 29.7 74.0
2022-01-14T20:24:00 1000.4 29.7 69.8
2022-01-14T20:25:00 1000.4 29.9 73.0
2022-01-14T20:26:00 1000.4 30.2 71.5
2022-01-14T20:27:00 1000.4 30.6 67.3
2022-01-14T20:28:00 1000.4 30.8 68.2
2022-01-14T20:29:00 1000.4 30.8 68.9
2022-01-14T20:30:00 1000.4 30.6 69.1
2022-01-14T20:31:00 1000.4 30.2 70.8
2022-01-14T20:32:00 1000.4 29.9 72.5
2022-01-14T20:33:00 1000.4 30.1 71.6
2022-01-14T20:34:00 1000.4 30.4 69.9
2022-01-14T20:35:00 1000.3 30.7 69.7
2022-01-14T20:36:00 1000.3 31.5 66.1
2022-01-14T20:37:00 1000.3 32.4 63.6
2022-01-14T20:38:00 1000.3 33.1 62.3
2022-01-14T20:39:00 1000.3 33.3 61.3
2022-01-14T20:40:00 1000.3 33.2 59.4
2022-01-14T20:41:00 1000.2 33.5 58.2
2022-01-14T20:42:00 1000.2 34.1 55.8
2022-01-14T20:43:00 1000.2 34.9 52.9
2022-01-14T20:44:00 1000.2 35.6 51.4
2022-01-14T20:45:00 1000.1 35.6 51.3
2022-01-14T20:46:00 1000.1 35.9 49.0
2022-01-14T20:47:00 1000.1 35.5 49.0
2022-01-14T20:48:00 1000.1 34.2 52.1
2022-01-14T20:49:00 1000.1 33.1 53.7
2022-01-14T20:50:00 1000.0 32.2 54.9
2022-01-14T20:51:00 1000.0 31.6 58.6
2022-01-14T20:52:00 1000.0 31.1 60.7
2022-01-14T20:53:00 1000.0 30.7 62.7
2022-01-14T20:54:00 1000.0 30.5 64.8
2022-01-14T20:55:00 1000.0 30.4 66.6
2022-01-14T20:56:00 1000.0 30.2 68.0
2022-01-14T20:57:00 1000.0 30.1 69.5
2022-01-14T20:58:00 1000.0 30.0 70.0
2022-01-14T20:59:00 1000.0 30.1 70.8
2022-01-14T21:00:00 1000.0 30.1 70.8
2022-01-14T21:01:00 1000.0 30.1 71.2
2022-01-14T21:02:00 1000.0 30.2 72.0
2022-01-14T21:03:00 1000.0 30.3 70.8
2022-01-14T21:04:00 1000.0 30.4 71.2
2022-01-14T21:05:00 1000.0 30.3 71.4
2022-01-14T21:06:00 1000.0 30.2 71.8
2022-01-14T21:07:00 1000.0 30.0 71.8
2022-01-14T21:08:00 1000.0 29.9 72.8
2022-01-14T21:09:00 1000.0 29.9 73.2
2022-01-14T21:10:00 1000.0 30.1 72.5
2022-01-14T21:11:00 1000.0 30.1 71.4
2022-01-14T21:12:00 1000.0 30.1 70.8
2022-01-14T21:13:00 1000.0 30.0 70.7
2022-01-14T21:14:00 1000.0 29.9 71.4
2022-01-14T21:15:00 1000.0 29.7 71.6
2022-01-14T21:16:00 1000.0 29.6 72.7
2022-01-14T21:17:00 999.9 29.5 72.1
2022-01-14T21:18:00 999.9 29.6 72.3
2022-01-14T21:19:00 999.9 29.5 73.3
2022-01-14T21:20:00 999.9 29.4 74.2
2022-01-14T21:21:00 999.9 29.2 73.5
2022-01-14T21:22:00 999.9 29.1 74.7
2022-01-14T21:23:00 999.9 29.2 75.2
2022-01-14T21:24:00 999.9 29.2 75.5
2022-01-14T21:25:00 999.9 29.3 74.3
2022-01-14T21:26:00 999.9 29.1 75.0
2022-01-14T21:27:00 999.9 29.2 75.0
2022-01-14T21:28:00 999.9 29.1 75.0
2022-01-14T21:29:00 999.9 29.1 75.7
2022-01-14T21:30:00 1000.0 29.1 75.4
2022-01-14T21:31:00 1000.0 29.1 76.2
2022-01-14T21:32:00 1000.0 29.1 75.7
2022-01-14T21:33:00 1000.0 29.0 76.6
2022-01-14T21:34:00 1000.1 28.9 77.0
2022-01-14T21:35:00 1000.1 29.0 77.7
2022-01-14T21:36:00 1000.1 28.9 77.8
2022-01-14T21:37:00 1000.0 28.9 77.2
2022-01-14T21:38:00 1000.1 28.9 77.7
2022-01-14T21:39:00 1000.1 28.9 78.3
2022-01-14T21:40:00 1000.1 28.9 78.8
2022-01-14T21:41:00 1000.1 28.9 78.3
2022-01-14T21:42:00 1000.1 28.9 76.5
2022-01-14T21:43:00 1000.2 29.0 75.7
2022-01-14T21:44:00 1000.2 29.0 75.2
2022-01-14T21:45:00 1000.2 29.0 75.8
2022-01-14T21:46:00 1000.2 29.1 75.2
2022-01-14T21:47:00 1000.2 29.1 75.3
2022-01-14T21:48:00 1000.2 29.0 75.5
2022-01-14T21:49:00 1000.2 29.0 75.9
2022-01-14T21:50:00 1000.2 28.9 76.1
2022-01-14T21:51:00 1000.3 28.9 76.3
2022-01-14T21:52:00 1000.3 28.9 77.4
2022-01-14T21:53:00 1000.3 28.9 76.7
2022-01-14T21:54:00 1000.3 28.8 76.9
2022-01-14T21:55:00 1000.4 28.8 77.3
2022-01-14T21:56:00 1000.4 28.7 77.4
2022-01-14T21:57:00 1000.4 28.7 76.8
2022-01-14T21:58:00 1000.3 28.7 77.0
2022-01-14T21:59:00 1000.3 28.8 77.1
2022-01-14T22:00:00 1000.3 28.8 76.7
2022-01-14T22:01:00 1000.3 28.8 76.6
2022-01-14T22:02:00 1000.3 28.9 76.4
2022-01-14T22:03:00 1000.3 28.8 76.6
2022-01-14T22:04:00 1000.3 28.8 76.9
2022-01-14T22:05:00 1000.3 28.7 77.0
2022-01-14T22:06:00 1000.3 28.7 77.0
2022-01-14T22:07:00 1000.3 28.7 77.0
2022-01-14T22:08:00 1000.4 28.7 75.5
2022-01-14T22:09:00 1000.4 28.8 76.3
2022-01-14T22:10:00 1000.3 28.8 76.2
2022-01-14T22:11:00 1000.3 28.7 76.9
2022-01-14T22:12:00 1000.3 28.7 77.3
2022-01-14T22:13:00 1000.3 28.6 76.9
2022-01-14T22:14:00 1000.3 28.6 76.8
2022-01-14T22:15:00 1000.3 28.6 77.4
2022-01-14T22:16:00 1000.4 28.7 76.8
2022-01-14T22:17:00 1000.4 28.7 76.7
2022-01-14T22:18:00 1000.4 28.7 76.3
2022-01-14T22:19:00 1000.4 28.7 77.3
2022-01-14T22:20:00 1000.4 28.6 78.0
2022-01-14T22:21:00 1000.4 28.5 78.3
2022-01-14T22:22:00 1000.4 28.5 78.5
2022-01-14T22:23:00 1000.4 28.5 78.0
2022-01-14T22:24:00 1000.4 28.5 77.9
2022-01-14T22:25:00 1000.4 28.5 77.8
2022-01-14T22:26:00 1000.4 28.4 78.0
2022-01-14T22:27:00 1000.4 28.5 78.1
2022-01-14T22:28:00 1000.4 28.5 78.2
2022-01-14T22:29:00 1000.4 28.5 78.1
2022-01-14T22:30:00 1000.4 28.4 78.9
2022-01-14T22:31:00 1000.5 28.4 79.2
2022-01-14T22:32:00 1000.5 28.3 79.7
2022-01-14T22:33:00 1000.5 28.4 80.0
2022-01-14T22:34:00 1000.5 28.6 79.2
2022-01-14T22:35:00 1000.5 28.5 79.2
2022-01-14T22:36:00 1000.5 28.4 79.4
2022-01-14T22:37:00 1000.6 28.3 80.1
2022-01-14T22:38:00 1000.6 28.2 80.4
2022-01-14T22:39:00 1000.6 28.2 80.9
2022-01-14T22:40:00 1000.6 28.2 78.9
2022-01-14T22:41:00 1000.6 28.2 79.3
2022-01-14T22:42:00 1000.6 28.2 79.3
2022-01-14T22:43:00 1000.7 28.3 79.1
2022-01-14T22:44:00 1000.7 28.3 79.0
2022-01-14T22:45:00 1000.7 28.2 78.8
2022-01-14T22:46:00 1000.7 28.2 79.3
2022-01-14T22:47:00 1000.7 28.3 80.1
2022-01-14T22:48:00 1000.7 28.3 78.8
2022-01-14T22:49:00 1000.8 28.3 78.8
2022-01-14T22:50:00 1000.8 28.2 79.2
2022-01-14T22:51:00 1000.8 28.2 79.6
2022-01-14T22:52:00 1000.9 28.2 79.7
2022-01-14T22:53:00 1000.9 28.2 79.9
2022-01-14T22:54:00 1000.9 28.1 80.3
2022-01-14T22:55:00 1000.9 28.2 79.8
2022-01-14T22:56:00 1000.9 28.2 79.7
2022-01-14T22:57:00 1000.9 28.2 80.1
2022-01-14T22:58:00 1000.9 28.2 79.7
2022-01-14T22:59:00 1000.9 28.2 80.1
2022-01-14T23:00:00 1000.9 28.2 80.2
2022-01-14T23:01:00 1000.9 28.2 80.1
2022-01-14T23:02:00 1000.9 28.2 79.5
2022-01-14T23:03:00 1000.9 28.2 79.3
2022-01-14T23:04:00 1001.0 28.2 79.1
2022-01-14T23:05:00 1001.0 28.2 79.3
2022-01-14T23:06:00 1001.0 28.1 79.3
2022-01-14T23:07:00 1001.0 28.2 78.6
2022-01-14T23:08:00 1001.0 28.2 78.7
2022-01-14T23:09:00 1001.0 28.3 78.6
2022-01-14T23:10:00 1001.0 28.3 78.7
2022-01-14T23:11:00 1001.0 28.2 79.2
2022-01-14T23:12:00 1001.0 28.2 79.0
2022-01-14T23:13:00 1000.9 28.2 78.9
2022-01-14T23:14:00 1000.9 28.2 79.2
2022-01-14T23:15:00 1000.9 28.1 79.6
2022-01-14T23:16:00 1000.9 28.1 79.4
2022-01-14T23:17:00 1000.9 28.1 80.0
2022-01-14T23:18:00 1000.9 28.1 79.9
2022-01-14T23:19:00 1000.9 28.0 80.1
2022-01-14T23:20:00 1000.9 28.1 80.0
2022-01-14T23:21:00 1000.9 28.1 80.1
2022-01-14T23:22:00 1000.9 28.1 80.2
2022-01-14T23:23:00 1000.9 28.1 80.4
2022-01-14T23:24:00 1000.9 28.1 80.5
2022-01-14T23:25:00 1000.9 28.0 81.1
2022-01-14T23:26:00 1000.9 28.0 81.4
2022-01-14T23:27:00 1000.9 27.8 82.0
2022-01-14T23:28:00 1000.9 27.8 82.4
2022-01-14T23:29:00 1000.9 27.8 82.5
2022-01-14T23:30:00 1000.9 27.8 82.4
2022-01-14T23:31:00 1000.9 27.8 82.4
2022-01-14T23:32:00 1000.9 27.8 82.3
2022-01-14T23:33:00 1000.9 27.8 82.6
2022-01-14T23:34:00 1000.9 27.7 82.5
2022-01-14T23:35:00 1001.0 27.7 83.0
2022-01-14T23:36:00 1001.0 27.7 83.2
2022-01-14T23:37:00 1000.9 27.7 83.0
2022-01-14T23:38:00 1000.9 27.7 82.7
2022-01-14T23:39:00 1000.9 27.7 82.5
2022-01-14T23:40:00 1000.9 27.7 82.6
2022-01-14T23:41:00 1000.9 27.8 82.0
2022-01-14T23:42:00 1000.9 27.8 81.5
2022-01-14T23:43:00 1000.9 27.9 80.6
2022-01-14T23:44:00 1000.9 27.9 80.8
2022-01-14T23:45:00 1000.9 27.8 81.2
2022-01-14T23:46:00 1001.0 27.7 81.6
2022-01-14T23:47:00 1001.0 27.8 81.4
2022-01-14T23:48:00 1001.0 27.8 81.7
2022-01-14T23:49:00 1001.0 27.8 81.4
2022-01-14T23:50:00 1001.1 27.7 81.3
2022-01-14T23:51:00 1001.1 27.7 81.7
2022-01-14T23:52:00 1001.2 27.7 81.7
2022-01-14T23:53:00 1001.2 27.8 81.3
2022-01-14T23:54:00 1001.2 27.7 81.8
2022-01-14T23:55:00 1001.2 27.7 81.0
2022-01-14T23:56:00 1001.2 27.7 81.0
2022-01-14T23:57:00 1001.3 27.8 80.2
2022-01-14T23:58:00 1001.3 27.8 80.0
2022-01-14T23:59:00 1001.3 27.9 79.3
