2022-01-15T00:00:00 904.0 25.8 60.3
2022-01-15T00:01:00 904.0 25.8 60.5
2022-01-15T00:02:00 903.9 25.7 60.6
2022-01-15T00:03:00 903.9 25.7 60.7
2022-01-15T00:04:00 904.0 25.7 60.9
2022-01-15T00:05:00 904.0 25.6 61.0
2022-01-15T00:06:00 903.9 25.6 60.9
2022-01-15T00:07:00 904.0 25.6 60.9
2022-01-15T00:08:00 904.0 25.6 61.0
2022-01-15T00:09:00 904.0 25.7 60.8
2022-01-15T00:10:00 904.0 25.7 60.8
2022-01-15T00:11:00 904.0 25.7 60.9
2022-01-15T00:12:00 904.1 25.7 60.9
2022-01-15T00:13:00 904.1 25.6 61.0
2022-01-15T00:14:00 904.1 25.6 61.0
2022-01-15T00:15:00 904.1 25.6 61.0
2022-01-15T00:16:00 904.1 25.6 61.0
2022-01-15T00:17:00 904.1 25.6 61.1
2022-01-15T00:18:00 904.1 25.6 61.1
2022-01-15T00:19:00 904.2 25.6 61.2
2022-01-15T00:20:00 904.2 25.6 61.2
2022-01-15T00:21:00 904.2 25.5 61.3
2022-01-15T00:22:00 904.2 25.5 61.4
2022-01-15T00:23:00 904.2 25.5 61.4
2022-01-15T00:24:00 904.2 25.5 61.4
2022-01-15T00:25:00 904.3 25.6 61.4
2022-01-15T00:26:00 904.3 25.6 61.5
2022-01-15T00:27:00 904.3 25.5 61.5
2022-01-15T00:28:00 904.3 25.5 61.5
2022-01-15T00:29:00 904.3 25.5 61.5
2022-01-15T00:30:00 904.3 25.5 61.6
2022-01-15T00:31:00 904.3 25.5 61.8
2022-01-15T00:32:00 904.3 25.4 61.9
2022-01-15T00:33:00 904.3 25.4 61.9
2022-01-15T00:34:00 904.3 25.4 62.0
2022-01-15T00:35:00 904.3 25.3 62.2
2022-01-15T00:36:00 904.3 25.3 62.4
2022-01-15T00:37:00 904.3 25.3 62.4
2022-01-15T00:38:00 904.4 25.2 62.5
2022-01-15T00:39:00 904.4 25.2 62.7
2022-01-15T00:40:00 904.4 25.2 62.8
2022-01-15T00:41:00 904.4 25.2 62.7
2022-01-15T00:42:00 904.4 25.2 62.8
2022-01-15T00:43:00 904.4 25.2 62.9
2022-01-15T00:44:00 904.4 25.2 63.0
2022-01-15T00:45:00 904.4 25.1 63.1
2022-01-15T00:46:00 904.4 25.1 63.2
2022-01-15T00:47:00 904.4 25.1 63.1
2022-01-15T00:48:00 904.4 25.1 63.1
2022-01-15T00:49:00 904.4 25.1 63.1
2022-01-15T00:50:00 904.4 25.1 63.1
2022-01-15T00:51:00 904.4 25.1 63.3
2022-01-15T00:52:00 904.4 25.0 63.5
2022-01-15T00:53:00 904.4 25.0 63.5
2022-01-15T00:54:00 904.4 25.0 63.7
2022-01-15T00:55:00 904.4 24.9 63.9
2022-01-15T00:56:00 904.4 24.9 64.0
2022-01-15T00:57:00 904.4 24.8 64.1
2022-01-15T00:58:00 904.4 24.7 64.3
2022-01-15T00:59:00 904.4 24.7 64.5
2022-01-15T01:00:00 904.4 24.7 64.5
2022-01-15T01:01:00 904.4 24.7 64.6
2022-01-15T01:02:00 904.4 24.7 64.7
2022-01-15T01:03:00 904.4 24.6 64.8
2022-01-15T01:04:00 904.4 24.6 64.9
2022-01-15T01:05:00 904.4 24.6 65.1
2022-01-15T01:06:00 904.4 24.5 65.3
2022-01-15T01:07:00 904.4 24.4 65.5
2022-01-15T01:08:00 904.4 24.4 65.6
2022-01-15T01:09:00 904.3 24.4 65.7
2022-01-15T01:10:00 904.4 24.4 65.8
2022-01-15T01:11:00 904.4 24.4 65.9
2022-01-15T01:12:00 904.4 24.3 66.0
2022-01-15T01:13:00 904.4 24.3 66.1
2022-01-15T01:14:00 904.4 24.3 66.3
2022-01-15T01:15:00 904.4 24.3 66.4
2022-01-15T01:16:00 904.4 24.3 66.5
2022-01-15T01:17:00 904.5 24.3 66.5
2022-01-15T01:18:00 904.5 24.3 66.6
2022-01-15T01:19:00 904.6 24.2 66.7
2022-01-15T01:20:00 904.6 24.2 66.8
2022-01-15T01:21:00 904.6 24.2 66.8
2022-01-15T01:22:00 904.6 24.2 66.7
2022-01-15T01:23:00 904.6 24.2 66.7
2022-01-15T01:24:00 904.7 24.2 66.7
2022-01-15T01:25:00 904.7 24.2 66.7
2022-01-15T01:26:00 904.7 24.3 66.5
2022-01-15T01:27:00 904.7 24.3 66.4
2022-01-15T01:28:00 904.7 24.3 66.2
2022-01-15T01:29:00 904.7 24.3 66.3
2022-01-15T01:30:00 904.7 24.3 66.3
2022-01-15T01:31:00 904.7 24.3 66.2
2022-01-15T01:32:00 904.7 24.3 66.2
2022-01-15T01:33:00 904.7 24.3 66.1
2022-01-15T01:34:00 904.7 24.3 66.2
2022-01-15T01:35:00 904.7 24.3 66.1
2022-01-15T01:36:00 904.7 24.3 66.0
2022-01-15T01:37:00 904.7 24.3 65.9
2022-01-15T01:38:00 904.7 24.3 66.0
2022-01-15T01:39:00 904.7 24.3 65.9
2022-01-15T01:40:00 904.7 24.4 65.7
2022-01-15T01:41:00 904.7 24.4 65.5
2022-01-15T01:42:00 904.7 24.4 65.5
2022-01-15T01:43:00 904.7 24.4 65.5
2022-01-15T01:44:00 904.7 24.4 65.5
2022-01-15T01:45:00 904.7 24.4 65.4
2022-01-15T01:46:00 904.7 24.4 65.4
2022-01-15T01:47:00 904.7 24.3 65.4
2022-01-15T01:48:00 904.7 24.3 65.5
2022-01-15T01:49:00 904.7 24.3 65.5
2022-01-15T01:50:00 904.7 24.4 65.4
2022-01-15T01:51:00 904.7 24.4 65.3
2022-01-15T01:52:00 904.7 24.3 65.3
2022-01-15T01:53:00 904.7 24.4 65.3
2022-01-15T01:54:00 904.7 24.4 65.1
2022-01-15T01:55:00 904.7 24.4 65.0
2022-01-15T01:56:00 904.7 24.4 65.0
2022-01-15T01:57:00 904.7 24.4 65.0
2022-01-15T01:58:00 904.7 24.4 64.9
2022-01-15T01:59:00 904.7 24.4 64.8
2022-01-15T02:00:00 904.7 24.4 64.8
2022-01-15T02:01:00 904.7 24.4 64.8
2022-01-15T02:02:00 904.7 24.3 64.8
2022-01-15T02:03:00 904.7 24.3 64.8
2022-01-15T02:04:00 904.7 24.4 64.8
2022-01-15T02:05:00 904.7 24.3 64.9
2022-01-15T02:06:00 904.7 24.3 65.0
2022-01-15T02:07:00 904.7 24.4 65.0
2022-01-15T02:08:00 904.7 24.4 64.9
2022-01-15T02:09:00 904.7 24.4 64.9
2022-01-15T02:10:00 904.7 24.3 64.9
2022-01-15T02:11:00 904.7 24.3 64.9
2022-01-15T02:12:00 904.7 24.3 64.9
2022-01-15T02:13:00 904.7 24.4 64.6
2022-01-15T02:14:00 904.6 24.4 64.5
2022-01-15T02:15:00 904.6 24.4 64.5
2022-01-15T02:16:00 904.6 24.4 64.4
2022-01-15T02:17:00 904.6 24.4 64.4
2022-01-15T02:18:00 904.6 24.4 64.4
2022-01-15T02:19:00 904.6 24.4 64.3
2022-01-15T02:20:00 904.6 24.4 64.4
2022-01-15T02:21:00 904.5 24.4 64.4
2022-01-15T02:22:00 904.5 24.4 64.4
2022-01-15T02:23:00 904.5 24.4 64.2
2022-01-15T02:24:00 904.5 24.4 64.2
2022-01-15T02:25:00 904.5 24.4 64.2
2022-01-15T02:26:00 904.5 24.4 64.1
2022-01-15T02:27:00 904.5 24.4 64.2
2022-01-15T02:28:00 904.5 24.3 64.3
2022-01-15T02:29:00 904.5 24.3 64.3
2022-01-15T02:30:00 904.5 24.3 64.3
2022-01-15T02:31:00 904.5 24.3 64.3
2022-01-15T02:32:00 904.5 24.3 64.3
2022-01-15T02:33:00 904.5 24.3 64.4
2022-01-15T02:34:00 904.5 24.3 64.5
2022-01-15T02:35:00 904.5 24.2 64.6
2022-01-15T02:36:00 904.5 24.3 64.6
2022-01-15T02:37:00 904.5 24.3 64.5
2022-01-15T02:38:00 904.5 24.3 64.5
2022-01-15T02:39:00 904.4 24.2 64.7
2022-01-15T02:40:00 904.4 24.2 64.9
2022-01-15T02:41:00 904.4 24.2 65.0
2022-01-15T02:42:00 904.4 24.2 64.8
2022-01-15T02:43:00 904.4 24.3 64.7
2022-01-15T02:44:00 904.4 24.2 64.7
2022-01-15T02:45:00 904.4 24.2 64.7
2022-01-15T02:46:00 904.4 24.3 64.7
2022-01-15T02:47:00 904.4 24.3 64.6
2022-01-15T02:48:00 904.4 24.2 64.7
2022-01-15T02:49:00 904.4 24.2 64.6
2022-01-15T02:50:00 904.4 24.2 64.7
2022-01-15T02:51:00 904.4 24.1 64.8
2022-01-15T02:52:00 904.3 24.1 64.9
2022-01-15T02:53:00 904.3 24.1 64.9
2022-01-15T02:54:00 904.3 24.1 65.0
2022-01-15T02:55:00 904.3 24.1 64.9
2022-01-15T02:56:00 904.3 24.1 65.0
2022-01-15T02:57:00 904.3 24.0 65.1
2022-01-15T02:58:00 904.3 24.0 65.2
2022-01-15T02:59:00 904.3 24.0 65.3
2022-01-15T03:00:00 904.3 24.0 65.6
2022-01-15T03:01:00 904.3 24.0 65.4
2022-01-15T03:02:00 904.2 24.0 65.3
2022-01-15T03:03:00 904.2 24.0 65.3
2022-01-15T03:04:00 904.2 23.9 65.6
2022-01-15T03:05:00 904.2 24.0 65.7
2022-01-15T03:06:00 904.2 24.0 65.5
2022-01-15T03:07:00 904.2 24.0 65.6
2022-01-15T03:08:00 904.2 23.9 65.5
2022-01-15T03:09:00 904.2 23.9 65.6
2022-01-15T03:10:00 904.1 23.9 65.8
2022-01-15T03:11:00 904.1 23.9 65.8
2022-01-15T03:12:00 904.1 23.8 66.0
2022-01-15T03:13:00 904.1 23.8 66.0
2022-01-15T03:14:00 904.1 23.8 66.2
2022-01-15T03:15:00 904.1 23.8 66.3
2022-01-15T03:16:00 904.1 23.8 66.2
2022-01-15T03:17:00 904.1 23.8 66.3
2022-01-15T03:18:00 904.1 23.8 66.4
2022-01-15T03:19:00 904.1 23.8 66.6
2022-01-15T03:20:00 904.1 23.9 66.3
2022-01-15T03:21:00 904.1 23.9 66.3
2022-01-15T03:22:00 904.1 23.8 66.3
2022-01-15T03:23:00 904.1 23.8 66.6
2022-01-15T03:24:00 904.1 23.8 66.6
2022-01-15T03:25:00 904.1 23.8 66.5
2022-01-15T03:26:00 904.1 23.8 66.6
2022-01-15T03:27:00 904.1 23.7 66.6
2022-01-15T03:28:00 904.1 23.7 66.9
2022-01-15T03:29:00 904.0 23.6 66.9
2022-01-15T03:30:00 904.0 23.6 67.0
2022-01-15T03:31:00 904.0 23.5 67.3
2022-01-15T03:32:00 904.0 23.5 67.5
2022-01-15T03:33:00 904.0 23.5 67.6
2022-01-15T03:34:00 904.0 23.5 67.6
2022-01-15T03:35:00 904.0 23.5 67.8
2022-01-15T03:36:00 904.0 23.5 67.9
2022-01-15T03:37:00 904.0 23.5 68.0
2022-01-15T03:38:00 904.0 23.5 68.0
2022-01-15T03:39:00 904.0 23.5 68.0
2022-01-15T03:40:00 904.0 23.6 68.0
2022-01-15T03:41:00 904.0 23.6 68.0
2022-01-15T03:42:00 904.0 23.6 67.9
2022-01-15T03:43:00 904.0 23.6 67.9
2022-01-15T03:44:00 904.0 23.7 67.8
2022-01-15T03:45:00 904.0 23.7 67.7
2022-01-15T03:46:00 903.9 23.7 67.7
2022-01-15T03:47:00 903.9 23.8 67.6
2022-01-15T03:48:00 903.9 23.8 67.5
2022-01-15T03:49:00 903.9 23.8 67.5
2022-01-15T03:50:00 903.9 23.8 67.5
2022-01-15T03:51:00 903.9 23.8 67.4
2022-01-15T03:52:00 903.9 23.8 67.3
2022-01-15T03:53:00 903.9 23.9 67.1
2022-01-15T03:54:00 903.9 23.9 67.0
2022-01-15T03:55:00 903.8 24.0 66.9
2022-01-15T03:56:00 903.8 24.0 66.8
2022-01-15T03:57:00 903.8 24.0 66.8
2022-01-15T03:58:00 903.8 24.0 66.8
2022-01-15T03:59:00 903.8 24.0 66.8
2022-01-15T04:00:00 903.8 24.0 66.7
2022-01-15T04:01:00 903.8 24.0 66.8
2022-01-15T04:02:00 903.8 24.0 66.8
2022-01-15T04:03:00 903.8 24.0 66.8
2022-01-15T04:04:00 903.7 24.0 66.9
2022-01-15T04:05:00 903.8 24.0 66.9
2022-01-15T04:06:00 903.7 24.0 66.9
2022-01-15T04:07:00 903.8 23.9 67.0
2022-01-15T04:08:00 903.8 23.9 67.2
2022-01-15T04:09:00 903.7 23.9 67.3
2022-01-15T04:10:00 903.7 23.8 67.5
2022-01-15T04:11:00 903.7 23.8 67.6
2022-01-15T04:12:00 903.7 23.7 67.7
2022-01-15T04:13:00 903.7 23.7 68.0
2022-01-15T04:14:00 903.6 23.7 68.1
2022-01-15T04:15:00 903.6 23.7 68.2
2022-01-15T04:16:00 903.6 23.7 68.2
2022-01-15T04:17:00 903.6 23.7 68.3
2022-01-15T04:18:00 903.6 23.6 68.4
2022-01-15T04:19:00 903.6 23.6 68.5
2022-01-15T04:20:00 903.6 23.6 68.7
2022-01-15T04:21:00 903.6 23.5 68.8
2022-01-15T04:22:00 903.6 23.4 69.1
2022-01-15T04:23:00 903.6 23.4 69.3
2022-01-15T04:24:00 903.6 23.4 69.5
2022-01-15T04:25:00 903.6 23.3 69.6
2022-01-15T04:26:00 903.6 23.3 69.8
2022-01-15T04:27:00 903.6 23.3 69.9
2022-01-15T04:28:00 903.6 23.3 70.0
2022-01-15T04:29:00 903.5 23.3 70.0
2022-01-15T04:30:00 903.5 23.2 70.1
2022-01-15T04:31:00 903.5 23.2 70.3
2022-01-15T04:32:00 903.5 23.2 70.5
2022-01-15T04:33:00 903.5 23.2 70.4
2022-01-15T04:34:00 903.5 23.2 70.4
2022-01-15T04:35:00 903.5 23.1 70.7
2022-01-15T04:36:00 903.5 23.1 70.7
2022-01-15T04:37:00 903.5 23.1 70.9
2022-01-15T04:38:00 903.5 23.1 70.8
2022-01-15T04:39:00 903.5 23.1 70.9
2022-01-15T04:40:00 903.4 23.1 70.8
2022-01-15T04:41:00 903.4 23.1 70.8
2022-01-15T04:42:00 903.4 23.2 70.8
2022-01-15T04:43:00 903.4 23.2 70.7
2022-01-15T04:44:00 903.4 23.2 70.6
2022-01-15T04:45:00 903.4 23.2 70.7
2022-01-15T04:46:00 903.4 23.1 70.7
2022-01-15T04:47:00 903.4 23.1 70.8
2022-01-15T04:48:00 903.4 23.1 70.9
2022-01-15T04:49:00 903.4 23.1 70.8
2022-01-15T04:50:00 903.4 23.1 70.8
2022-01-15T04:51:00 903.4 23.1 70.9
2022-01-15T04:52:00 903.4 23.2 70.8
2022-01-15T04:53:00 903.4 23.2 70.7
2022-01-15T04:54:00 903.3 23.3 70.5
2022-01-15T04:55:00 903.3 23.4 70.2
2022-01-15T04:56:00 903.3 23.4 70.0
2022-01-15T04:57:00 903.3 23.5 69.8
2022-01-15T04:58:00 903.3 23.5 69.6
2022-01-15T04:59:00 903.3 23.5 69.5
2022-01-15T05:00:00 903.2 23.5 69.5
2022-01-15T05:01:00 903.2 23.5 69.4
2022-01-15T05:02:00 903.2 23.5 69.3
2022-01-15T05:03:00 903.2 23.5 69.3
2022-01-15T05:04:00 903.2 23.5 69.3
2022-01-15T05:05:00 903.2 23.5 69.3
2022-01-15T05:06:00 903.1 23.5 69.3
2022-01-15T05:07:00 903.1 23.5 69.4
2022-01-15T05:08:00 903.1 23.4 69.5
2022-01-15T05:09:00 903.1 23.4 69.6
2022-01-15T05:10:00 903.1 23.3 69.8
2022-01-15T05:11:00 903.1 23.3 69.9
2022-01-15T05:12:00 903.1 23.2 70.1
2022-01-15T05:13:00 903.1 23.2 70.3
2022-01-15T05:14:00 903.1 23.2 70.4
2022-01-15T05:15:00 903.1 23.2 70.4
2022-01-15T05:16:00 903.1 23.1 70.6
2022-01-15T05:17:00 903.1 23.1 70.6
2022-01-15T05:18:00 903.1 23.1 70.9
2022-01-15T05:19:00 903.1 23.2 70.8
2022-01-15T05:20:00 903.1 23.2 70.7
2022-01-15T05:21:00 903.0 23.1 70.8
2022-01-15T05:22:00 903.0 23.1 70.9
2022-01-15T05:23:00 903.0 23.2 70.9
2022-01-15T05:24:00 903.0 23.3 70.6
2022-01-15T05:25:00 903.0 23.3 70.4
2022-01-15T05:26:00 903.0 23.3 70.4
2022-01-15T05:27:00 903.0 23.3 70.3
2022-01-15T05:28:00 903.0 23.3 70.3
2022-01-15T05:29:00 903.0 23.3 70.2
2022-01-15T05:30:00 903.0 23.3 70.2
2022-01-15T05:31:00 903.0 23.3 70.1
2022-01-15T05:32:00 903.0 23.3 70.1
2022-01-15T05:33:00 903.0 23.3 70.1
2022-01-15T05:34:00 903.0 23.3 70.1
2022-01-15T05:35:00 903.0 23.3 70.2
2022-01-15T05:36:00 903.0 23.3 70.3
2022-01-15T05:37:00 903.0 23.3 70.3
2022-01-15T05:38:00 902.9 23.3 70.5
2022-01-15T05:39:00 902.9 23.2 70.5
2022-01-15T05:40:00 902.9 23.2 70.6
2022-01-15T05:41:00 902.9 23.2 70.7
2022-01-15T05:42:00 902.9 23.2 70.7
2022-01-15T05:43:00 902.9 23.1 70.9
2022-01-15T05:44:00 902.9 23.1 70.9
2022-01-15T05:45:00 902.9 23.1 71.1
2022-01-15T05:46:00 902.9 23.0 71.3
2022-01-15T05:47:00 902.9 23.0 71.5
2022-01-15T05:48:00 902.9 23.0 71.5
2022-01-15T05:49:00 902.9 23.0 71.6
2022-01-15T05:50:00 902.9 22.9 71.7
2022-01-15T05:51:00 902.9 22.9 71.9
2022-01-15T05:52:00 902.9 22.9 72.0
2022-01-15T05:53:00 902.9 22.9 72.0
2022-01-15T05:54:00 902.8 22.9 72.0
2022-01-15T05:55:00 902.8 22.9 72.1
2022-01-15T05:56:00 902.8 22.9 72.2
2022-01-15T05:57:00 902.9 22.9 72.2
2022-01-15T05:58:00 902.9 22.9 72.3
2022-01-15T05:59:00 902.9 22.9 72.4
2022-01-15T06:00:00 902.9 22.8 72.4
2022-01-15T06:01:00 902.9 22.8 72.5
2022-01-15T06:02:00 902.9 22.8 72.6
2022-01-15T06:03:00 902.9 22.7 72.8
2022-01-15T06:04:00 902.9 22.7 72.8
2022-01-15T06:05:00 902.8 22.7 72.8
2022-01-15T06:06:00 902.8 22.7 72.8
2022-01-15T06:07:00 902.8 22.7 73.0
2022-01-15T06:08:00 902.8 22.7 72.9
2022-01-15T06:09:00 902.8 22.7 73.1
2022-01-15T06:10:00 902.8 22.6 73.1
2022-01-15T06:11:00 902.8 22.7 73.2
2022-01-15T06:12:00 902.7 22.7 72.9
2022-01-15T06:13:00 902.8 22.8 72.8
2022-01-15T06:14:00 902.7 22.8 72.6
2022-01-15T06:15:00 902.7 22.8 72.6
2022-01-15T06:16:00 902.7 22.8 72.5
2022-01-15T06:17:00 902.7 22.8 72.5
2022-01-15T06:18:00 902.7 22.8 72.4
2022-01-15T06:19:00 902.7 22.8 72.4
2022-01-15T06:20:00 902.7 22.8 72.2
2022-01-15T06:21:00 902.7 22.9 72.0
2022-01-15T06:22:00 902.7 22.9 71.8
2022-01-15T06:23:00 902.7 22.9 71.8
2022-01-15T06:24:00 902.7 22.9 71.6
2022-01-15T06:25:00 902.7 22.9 71.4
2022-01-15T06:26:00 902.7 22.9 71.4
2022-01-15T06:27:00 902.7 22.9 71.3
2022-01-15T06:28:00 902.7 23.0 71.2
2022-01-15T06:29:00 902.7 23.0 71.2
2022-01-15T06:30:00 902.6 23.0 71.1
2022-01-15T06:31:00 902.6 23.0 71.0
2022-01-15T06:32:00 902.6 23.0 71.0
2022-01-15T06:33:00 902.6 23.0 71.0
2022-01-15T06:34:00 902.6 23.0 71.1
2022-01-15T06:35:00 902.6 22.9 71.0
2022-01-15T06:36:00 902.6 23.0 71.0
2022-01-15T06:37:00 902.6 22.9 71.0
2022-01-15T06:38:00 902.6 23.0 71.0
2022-01-15T06:39:00 902.6 23.0 70.9
2022-01-15T06:40:00 902.5 22.9 70.9
2022-01-15T06:41:00 902.5 22.9 70.9
2022-01-15T06:42:00 902.5 22.9 70.9
2022-01-15T06:43:00 902.5 22.9 70.9
2022-01-15T06:44:00 902.5 22.9 70.8
2022-01-15T06:45:00 902.5 22.9 70.8
2022-01-15T06:46:00 902.5 22.9 70.9
2022-01-15T06:47:00 902.5 22.9 70.9
2022-01-15T06:48:00 902.5 22.9 70.9
2022-01-15T06:49:00 902.4 22.9 70.9
2022-01-15T06:50:00 902.4 22.9 71.0
2022-01-15T06:51:00 902.4 22.9 71.0
2022-01-15T06:52:00 902.4 22.9 71.1
2022-01-15T06:53:00 902.4 22.9 71.1
2022-01-15T06:54:00 902.4 22.9 71.1
2022-01-15T06:55:00 902.4 22.9 71.1
2022-01-15T06:56:00 902.4 22.9 71.1
2022-01-15T06:57:00 902.4 22.8 71.2
2022-01-15T06:58:00 902.4 22.8 71.3
2022-01-15T06:59:00 902.4 22.8 71.3
2022-01-15T07:00:00 902.4 22.8 71.3
2022-01-15T07:01:00 902.4 22.8 71.3
2022-01-15T07:02:00 902.4 22.8 71.4
2022-01-15T07:03:00 902.4 22.8 71.5
2022-01-15T07:04:00 902.4 22.8 71.5
2022-01-15T07:05:00 902.3 22.8 71.5
2022-01-15T07:06:00 902.3 22.8 71.5
2022-01-15T07:07:00 902.3 22.8 71.6
2022-01-15T07:08:00 902.3 22.8 71.6
2022-01-15T07:09:00 902.3 22.7 71.7
2022-01-15T07:10:00 902.3 22.7 71.8
2022-01-15T07:11:00 902.4 22.7 71.8
2022-01-15T07:12:00 902.4 22.7 71.8
2022-01-15T07:13:00 902.4 22.7 71.9
2022-01-15T07:14:00 902.4 22.7 71.9
2022-01-15T07:15:00 902.4 22.7 72.0
2022-01-15T07:16:00 902.4 22.6 72.0
2022-01-15T07:17:00 902.4 22.6 72.1
2022-01-15T07:18:00 902.4 22.6 72.2
2022-01-15T07:19:00 902.4 22.6 72.1
2022-01-15T07:20:00 902.4 22.6 72.1
2022-01-15T07:21:00 902.5 22.6 72.0
2022-01-15T07:22:00 902.5 22.5 72.1
2022-01-15T07:23:00 902.5 22.4 72.5
2022-01-15T07:24:00 902.5 22.3 72.9
2022-01-15T07:25:00 902.5 22.3 73.3
2022-01-15T07:26:00 902.5 22.2 73.5
2022-01-15T07:27:00 902.5 22.2 73.7
2022-01-15T07:28:00 902.5 22.1 74.0
2022-01-15T07:29:00 902.6 22.1 74.2
2022-01-15T07:30:00 902.5 22.1 74.3
2022-01-15T07:31:00 902.6 22.1 74.3
2022-01-15T07:32:00 902.6 22.1 74.3
2022-01-15T07:33:00 902.6 22.0 74.5
2022-01-15T07:34:00 902.6 22.0 74.8
2022-01-15T07:35:00 902.6 21.9 75.0
2022-01-15T07:36:00 902.6 21.9 75.2
2022-01-15T07:37:00 902.5 21.8 75.4
2022-01-15T07:38:00 902.5 21.8 75.8
2022-01-15T07:39:00 902.5 21.8 75.9
2022-01-15T07:40:00 902.5 21.7 76.0
2022-01-15T07:41:00 902.5 21.7 76.1
2022-01-15T07:42:00 902.6 21.7 76.2
2022-01-15T07:43:00 902.6 21.6 76.4
2022-01-15T07:44:00 902.6 21.6 76.7
2022-01-15T07:45:00 902.6 21.5 76.9
2022-01-15T07:46:00 902.6 21.4 76.8
2022-01-15T07:47:00 902.6 21.4 77.2
2022-01-15T07:48:00 902.6 21.4 77.5
2022-01-15T07:49:00 902.6 21.5 77.2
2022-01-15T07:50:00 902.6 21.4 77.5
2022-01-15T07:51:00 902.6 21.4 77.3
2022-01-15T07:52:00 902.7 21.4 77.4
2022-01-15T07:53:00 902.7 21.4 77.4
2022-01-15T07:54:00 902.7 21.4 77.5
2022-01-15T07:55:00 902.7 21.4 77.3
2022-01-15T07:56:00 902.7 21.4 77.3
2022-01-15T07:57:00 902.7 21.5 77.4
2022-01-15T07:58:00 902.7 21.5 77.3
2022-01-15T07:59:00 902.7 21.5 77.2
2022-01-15T08:00:00 902.7 21.5 77.0
2022-01-15T08:01:00 902.7 21.5 77.0
2022-01-15T08:02:00 902.7 21.5 77.1
2022-01-15T08:03:00 902.7 21.5 77.2
2022-01-15T08:04:00 902.7 21.5 77.3
2022-01-15T08:05:00 902.7 21.4 77.5
2022-01-15T08:06:00 902.7 21.4 77.8
2022-01-15T08:07:00 902.7 21.3 78.0
2022-01-15T08:08:00 902.7 21.2 78.4
2022-01-15T08:09:00 902.7 21.1 78.5
2022-01-15T08:10:00 902.7 21.1 78.6
2022-01-15T08:11:00 902.7 21.1 78.7
2022-01-15T08:12:00 902.7 21.1 78.7
2022-01-15T08:13:00 902.7 21.1 78.8
2022-01-15T08:14:00 902.7 21.0 78.9
2022-01-15T08:15:00 902.7 21.0 79.1
2022-01-15T08:16:00 902.7 21.0 79.2
2022-01-15T08:17:00 902.7 21.0 79.3
2022-01-15T08:18:00 902.7 21.0 79.2
2022-01-15T08:19:00 902.7 21.0 79.3
2022-01-15T08:20:00 902.8 21.0 79.3
2022-01-15T08:21:00 902.8 20.9 79.5
2022-01-15T08:22:00 902.8 20.9 79.6
2022-01-15T08:23:00 902.8 20.9 79.5
2022-01-15T08:24:00 902.8 20.9 79.5
2022-01-15T08:25:00 902.8 20.9 79.8
2022-01-15T08:26:00 902.8 20.9 80.0
2022-01-15T08:27:00 902.8 20.9 79.9
2022-01-15T08:28:00 902.8 20.9 80.0
2022-01-15T08:29:00 902.8 20.9 80.0
2022-01-15T08:30:00 902.8 21.0 79.9
2022-01-15T08:31:00 902.8 21.0 79.8
2022-01-15T08:32:00 902.8 21.1 79.5
2022-01-15T08:33:00 902.8 21.1 79.3
2022-01-15T08:34:00 902.8 21.1 79.3
2022-01-15T08:35:00 902.9 21.1 79.3
2022-01-15T08:36:00 902.9 21.1 79.2
2022-01-15T08:37:00 902.9 21.1 79.1
2022-01-15T08:38:00 902.9 21.2 79.1
2022-01-15T08:39:00 902.9 21.2 79.0
2022-01-15T08:40:00 902.9 21.2 79.0
2022-01-15T08:41:00 902.9 21.2 78.8
2022-01-15T08:42:00 902.9 21.1 78.9
2022-01-15T08:43:00 902.9 21.2 78.9
2022-01-15T08:44:00 902.9 21.2 78.9
2022-01-15T08:45:00 902.9 21.1 78.9
2022-01-15T08:46:00 902.9 21.1 79.0
2022-01-15T08:47:00 902.9 21.1 79.1
2022-01-15T08:48:00 903.0 21.1 79.0
2022-01-15T08:49:00 903.0 21.0 79.1
2022-01-15T08:50:00 903.0 21.0 79.0
2022-01-15T08:51:00 903.0 21.0 79.5
2022-01-15T08:52:00 903.0 21.0 79.3
2022-01-15T08:53:00 903.0 21.0 79.3
2022-01-15T08:54:00 903.0 21.0 79.1
2022-01-15T08:55:00 903.0 21.1 79.1
2022-01-15T08:56:00 903.1 21.2 78.9
2022-01-15T08:57:00 903.1 21.2 78.8
2022-01-15T08:58:00 903.1 21.2 78.8
2022-01-15T08:59:00 903.2 21.2 78.9
2022-01-15T09:00:00 903.2 21.2 78.9
2022-01-15T09:01:00 903.2 21.3 78.8
2022-01-15T09:02:00 903.2 21.3 78.7
2022-01-15T09:03:00 903.3 21.3 78.7
2022-01-15T09:04:00 903.3 21.3 78.7
2022-01-15T09:05:00 903.3 21.3 78.6
2022-01-15T09:06:00 903.3 21.3 78.6
2022-01-15T09:07:00 903.3 21.3 78.6
2022-01-15T09:08:00 903.4 21.3 78.4
2022-01-15T09:09:00 903.4 21.3 78.4
2022-01-15T09:10:00 903.4 21.3 78.4
2022-01-15T09:11:00 903.4 21.3 78.4
2022-01-15T09:12:00 903.4 21.3 78.5
2022-01-15T09:13:00 903.4 21.3 78.5
2022-01-15T09:14:00 903.4 21.3 78.4
2022-01-15T09:15:00 903.4 21.3 78.5
2022-01-15T09:16:00 903.4 21.3 78.7
2022-01-15T09:17:00 903.4 21.3 78.7
2022-01-15T09:18:00 903.4 21.3 78.6
2022-01-15T09:19:00 903.4 21.3 78.6
2022-01-15T09:20:00 903.4 21.3 78.6
2022-01-15T09:21:00 903.4 21.3 78.7
2022-01-15T09:22:00 903.4 21.4 78.5
2022-01-15T09:23:00 903.4 21.5 78.4
2022-01-15T09:24:00 903.4 21.5 77.9
2022-01-15T09:25:00 903.4 21.6 77.7
2022-01-15T09:26:00 903.4 21.7 77.6
2022-01-15T09:27:00 903.4 21.8 77.5
2022-01-15T09:28:00 903.5 21.8 77.3
2022-01-15T09:29:00 903.5 21.9 77.2
2022-01-15T09:30:00 903.5 21.9 76.8
2022-01-15T09:31:00 903.5 22.0 76.5
2022-01-15T09:32:00 903.5 22.0 76.3
2022-01-15T09:33:00 903.5 22.0 76.3
2022-01-15T09:34:00 903.5 22.1 76.1
2022-01-15T09:35:00 903.6 22.1 75.8
2022-01-15T09:36:00 903.6 22.2 75.6
2022-01-15T09:37:00 903.6 22.3 75.4
2022-01-15T09:38:00 903.6 22.4 75.3
2022-01-15T09:39:00 903.6 22.4 75.0
2022-01-15T09:40:00 903.6 22.5 74.7
2022-01-15T09:41:00 903.6 22.6 74.6
2022-01-15T09:42:00 903.6 22.6 74.3
2022-01-15T09:43:00 903.6 22.7 74.1
2022-01-15T09:44:00 903.6 22.7 73.9
2022-01-15T09:45:00 903.6 22.7 73.9
2022-01-15T09:46:00 903.6 22.7 73.8
2022-01-15T09:47:00 903.6 22.7 73.9
2022-01-15T09:48:00 903.6 22.8 74.0
2022-01-15T09:49:00 903.6 22.8 73.5
2022-01-15T09:50:00 903.7 22.8 73.5
2022-01-15T09:51:00 903.7 22.9 73.5
2022-01-15T09:52:00 903.7 22.9 74.1
2022-01-15T09:53:00 903.7 23.0 73.9
2022-01-15T09:54:00 903.7 23.0 73.9
2022-01-15T09:55:00 903.7 23.1 73.7
2022-01-15T09:56:00 903.7 23.1 73.3
2022-01-15T09:57:00 903.7 23.1 73.3
2022-01-15T09:58:00 903.7 23.1 73.1
2022-01-15T09:59:00 903.7 23.1 72.9
2022-01-15T10:00:00 903.7 23.2 72.8
2022-01-15T10:01:00 903.7 23.2 73.0
2022-01-15T10:02:00 903.7 23.2 72.9
2022-01-15T10:03:00 903.7 23.2 72.9
2022-01-15T10:04:00 903.8 23.2 72.6
2022-01-15T10:05:00 903.8 23.2 72.7
2022-01-15T10:06:00 903.8 23.2 72.7
2022-01-15T10:07:00 903.7 23.2 72.5
2022-01-15T10:08:00 903.8 23.2 72.4
2022-01-15T10:09:00 903.7 23.3 72.5
2022-01-15T10:10:00 903.8 23.3 72.4
2022-01-15T10:11:00 903.7 23.3 72.1
2022-01-15T10:12:00 903.7 23.3 72.1
2022-01-15T10:13:00 903.8 23.3 71.9
2022-01-15T10:14:00 903.8 23.3 72.1
2022-01-15T10:15:00 903.8 23.3 72.2
2022-01-15T10:16:00 903.8 23.3 72.4
2022-01-15T10:17:00 903.8 23.3 72.4
2022-01-15T10:18:00 903.8 23.3 72.2
2022-01-15T10:19:00 903.8 23.4 72.8
2022-01-15T10:20:00 903.9 23.4 72.4
2022-01-15T10:21:00 903.9 23.4 72.6
2022-01-15T10:22:00 903.9 23.4 72.2
2022-01-15T10:23:00 903.9 23.4 72.0
2022-01-15T10:24:00 903.9 23.4 72.3
2022-01-15T10:25:00 903.9 23.4 72.3
2022-01-15T10:26:00 903.9 23.4 73.0
2022-01-15T10:27:00 903.9 23.5 73.8
2022-01-15T10:28:00 903.9 23.6 73.3
2022-01-15T10:29:00 903.9 23.6 73.6
2022-01-15T10:30:00 903.9 23.6 73.0
2022-01-15T10:31:00 903.9 23.6 73.5
2022-01-15T10:32:00 903.9 23.6 72.5
2022-01-15T10:33:00 903.9 23.6 73.2
2022-01-15T10:34:00 904.0 23.6 73.7
2022-01-15T10:35:00 904.0 23.6 73.7
2022-01-15T10:36:00 904.0 23.5 72.7
2022-01-15T10:37:00 904.0 23.6 73.2
2022-01-15T10:38:00 904.0 23.6 73.6
2022-01-15T10:39:00 904.0 23.6 73.8
2022-01-15T10:40:00 904.1 23.6 74.4
2022-01-15T10:41:00 904.1 23.7 74.0
2022-01-15T10:42:00 904.1 23.7 73.7
2022-01-15T10:43:00 904.0 23.7 73.6
2022-01-15T10:44:00 904.0 23.8 73.7
2022-01-15T10:45:00 904.0 23.9 73.8
2022-01-15T10:46:00 904.0 23.9 73.8
2022-01-15T10:47:00 904.0 23.9 71.8
2022-01-15T10:48:00 904.0 23.9 72.5
2022-01-15T10:49:00 904.0 24.0 72.7
2022-01-15T10:50:00 904.0 24.0 72.9
2022-01-15T10:51:00 904.0 24.0 73.0
2022-01-15T10:52:00 904.0 24.0 73.0
2022-01-15T10:53:00 904.0 24.0 73.0
2022-01-15T10:54:00 904.0 24.0 73.5
2022-01-15T10:55:00 904.0 23.9 72.7
2022-01-15T10:56:00 904.0 24.0 73.4
2022-01-15T10:57:00 904.0 23.9 72.6
2022-01-15T10:58:00 904.1 23.8 73.1
2022-01-15T10:59:00 904.1 23.9 73.7
2022-01-15T11:00:00 904.1 24.1 73.5
2022-01-15T11:01:00 904.1 24.2 73.1
2022-01-15T11:02:00 904.1 24.3 72.2
2022-01-15T11:03:00 904.1 24.3 71.6
2022-01-15T11:04:00 904.1 24.3 71.4
2022-01-15T11:05:00 904.1 24.4 71.8
2022-01-15T11:06:00 904.1 24.4 70.3
2022-01-15T11:07:00 904.1 24.5 70.8
2022-01-15T11:08:00 904.1 24.5 70.2
2022-01-15T11:09:00 904.1 24.5 70.9
2022-01-15T11:10:00 904.1 24.6 70.7
2022-01-15T11:11:00 904.1 24.6 70.1
2022-01-15T11:12:00 904.1 24.6 69.9
2022-01-15T11:13:00 904.1 24.7 70.3
2022-01-15T11:14:00 904.1 24.8 69.7
2022-01-15T11:15:00 904.1 24.8 70.0
2022-01-15T11:16:00 904.1 24.9 70.0
2022-01-15T11:17:00 904.1 24.9 68.3
2022-01-15T11:18:00 904.2 24.8 68.0
2022-01-15T11:19:00 904.2 24.9 67.9
2022-01-15T11:20:00 904.1 24.9 67.5
2022-01-15T11:21:00 904.2 24.9 67.3
2022-01-15T11:22:00 904.2 24.9 67.7
2022-01-15T11:23:00 904.2 24.9 67.1
2022-01-15T11:24:00 904.2 24.9 66.9
2022-01-15T11:25:00 904.2 25.0 66.8
2022-01-15T11:26:00 904.2 25.1 66.9
2022-01-15T11:27:00 904.2 25.2 67.0
2022-01-15T11:28:00 904.2 25.3 66.1
2022-01-15T11:29:00 904.2 25.3 66.1
2022-01-15T11:30:00 904.2 25.4 67.5
2022-01-15T11:31:00 904.2 25.5 67.1
2022-01-15T11:32:00 904.3 25.5 65.7
2022-01-15T11:33:00 904.3 25.3 65.4
2022-01-15T11:34:00 904.3 25.3 65.2
2022-01-15T11:35:00 904.3 25.3 65.8
2022-01-15T11:36:00 904.3 25.3 65.9
2022-01-15T11:37:00 904.3 25.3 66.0
2022-01-15T11:38:00 904.2 25.4 65.5
2022-01-15T11:39:00 904.3 25.5 65.5
2022-01-15T11:40:00 904.3 25.5 63.6
2022-01-15T11:41:00 904.3 25.4 63.3
2022-01-15T11:42:00 904.3 25.4 62.8
2022-01-15T11:43:00 904.3 25.4 62.9
2022-01-15T11:44:00 904.3 25.4 62.8
2022-01-15T11:45:00 904.3 25.5 63.9
2022-01-15T11:46:00 904.2 25.8 64.7
2022-01-15T11:47:00 904.2 26.1 64.3
2022-01-15T11:48:00 904.2 26.3 64.0
2022-01-15T11:49:00 904.2 26.2 65.0
2022-01-15T11:50:00 904.3 26.3 64.8
2022-01-15T11:51:00 904.3 26.3 63.0
2022-01-15T11:52:00 904.3 26.3 63.5
2022-01-15T11:53:00 904.3 26.2 63.4
2022-01-15T11:54:00 904.3 26.0 62.8
2022-01-15T11:55:00 904.3 25.9 62.7
2022-01-15T11:56:00 904.3 26.0 63.4
2022-01-15T11:57:00 904.3 26.1 62.6
2022-01-15T11:58:00 904.3 26.1 62.4
2022-01-15T11:59:00 904.3 26.1 61.5
2022-01-15T12:00:00 904.2 26.2 58.9
2022-01-15T12:01:00 904.2 26.1 56.6
2022-01-15T12:02:00 904.3 26.2 58.1
2022-01-15T12:03:00 904.3 26.3 58.1
2022-01-15T12:04:00 904.3 26.4 59.8
2022-01-15T12:05:00 904.3 26.5 59.3
2022-01-15T12:06:00 904.3 26.6 59.9
2022-01-15T12:07:00 904.3 26.7 58.6
2022-01-15T12:08:00 904.3 26.8 59.4
2022-01-15T12:09:00 904.3 27.0 57.3
2022-01-15T12:10:00 904.4 27.0 57.8
2022-01-15T12:11:00 904.4 27.2 57.5
2022-01-15T12:12:00 904.3 27.2 56.8
2022-01-15T12:13:00 904.4 27.2 54.6
2022-01-15T12:14:00 904.4 27.1 55.5
2022-01-15T12:15:00 904.4 27.2 54.9
2022-01-15T12:16:00 904.4 27.2 54.0
2022-01-15T12:17:00 904.4 27.4 54.1
2022-01-15T12:18:00 904.4 27.4 52.3
2022-01-15T12:19:00 904.4 27.3 52.8
2022-01-15T12:20:00 904.4 27.5 53.4
2022-01-15T12:21:00 904.4 27.6 51.3
2022-01-15T12:22:00 904.4 27.7 50.6
2022-01-15T12:23:00 904.4 27.5 45.3
2022-01-15T12:24:00 904.4 27.4 45.9
2022-01-15T12:25:00 904.4 27.3 45.1
2022-01-15T12:26:00 904.4 27.2 47.6
2022-01-15T12:27:00 904.4 27.3 49.4
2022-01-15T12:28:00 904.4 27.4 47.6
2022-01-15T12:29:00 904.3 27.4 49.0
2022-01-15T12:30:00 904.4 27.4 47.7
2022-01-15T12:31:00 904.4 27.6 48.8
2022-01-15T12:32:00 904.4 27.5 47.6
2022-01-15T12:33:00 904.4 27.7 47.6
2022-01-15T12:34:00 904.4 27.5 47.7
2022-01-15T12:35:00 904.4 27.6 49.8
2022-01-15T12:36:00 904.4 27.7 49.0
2022-01-15T12:37:00 904.4 27.8 49.5
2022-01-15T12:38:00 904.4 28.0 48.6
2022-01-15T12:39:00 904.5 28.1 48.3
2022-01-15T12:40:00 904.4 28.1 44.9
2022-01-15T12:41:00 904.4 28.1 45.8
2022-01-15T12:42:00 904.4 28.2 46.1
2022-01-15T12:43:00 904.5 28.1 46.3
2022-01-15T12:44:00 904.4 27.9 46.1
2022-01-15T12:45:00 904.4 27.9 46.8
2022-01-15T12:46:00 904.5 27.9 45.7
2022-01-15T12:47:00 904.4 27.8 45.0
2022-01-15T12:48:00 904.5 27.8 45.9
2022-01-15T12:49:00 904.5 27.7 47.1
2022-01-15T12:50:00 904.5 27.9 47.4
2022-01-15T12:51:00 904.5 27.9 45.2
2022-01-15T12:52:00 904.5 27.8 45.2
2022-01-15T12:53:00 904.5 27.8 46.4
2022-01-15T12:54:00 904.4 28.0 47.7
2022-01-15T12:55:00 904.4 27.9 47.3
2022-01-15T12:56:00 904.5 27.9 47.3
2022-01-15T12:57:00 904.5 27.9 46.8
2022-01-15T12:58:00 904.4 28.0 47.8
2022-01-15T12:59:00 904.4 28.3 48.5
2022-01-15T13:00:00 904.4 28.3 48.2
2022-01-15T13:01:00 904.4 28.2 47.9
2022-01-15T13:02:00 904.4 28.4 48.7
2022-01-15T13:03:00 904.4 28.6 48.3
2022-01-15T13:04:00 904.4 28.7 48.0
2022-01-15T13:05:00 904.4 28.9 47.3
2022-01-15T13:06:00 904.4 28.9 46.7
2022-01-15T13:07:00 904.4 29.0 46.1
2022-01-15T13:08:00 904.4 29.0 46.3
2022-01-15T13:09:00 904.4 29.1 46.0
2022-01-15T13:10:00 904.3 29.0 45.9
2022-01-15T13:11:00 904.4 29.1 46.1
2022-01-15T13:12:00 904.3 29.4 45.6
2022-01-15T13:13:00 904.3 29.3 44.1
2022-01-15T13:14:00 904.3 29.2 43.3
2022-01-15T13:15:00 904.3 29.1 44.9
2022-01-15T13:16:00 904.3 29.1 45.5
2022-01-15T13:17:00 904.3 29.1 45.5
2022-01-15T13:18:00 904.3 29.1 46.9
2022-01-15T13:19:00 904.3 29.2 46.1
2022-01-15T13:20:00 904.3 29.2 47.5
2022-01-15T13:21:00 904.3 29.4 46.5
2022-01-15T13:22:00 904.2 29.3 45.6
2022-01-15T13:23:00 904.3 29.1 45.1
2022-01-15T13:24:00 904.2 29.0 44.9
2022-01-15T13:25:00 904.3 29.0 45.5
2022-01-15T13:26:00 904.3 28.9 45.8
2022-01-15T13:27:00 904.3 29.1 45.2
2022-01-15T13:28:00 904.2 29.2 45.7
2022-01-15T13:29:00 904.2 29.2 46.7
2022-01-15T13:30:00 904.2 29.2 44.9
2022-01-15T13:31:00 904.3 29.2 44.8
2022-01-15T13:32:00 904.3 29.1 44.7
2022-01-15T13:33:00 904.2 29.2 46.5
2022-01-15T13:34:00 904.2 29.5 47.4
2022-01-15T13:35:00 904.2 29.4 46.8
2022-01-15T13:36:00 904.2 29.2 47.5
2022-01-15T13:37:00 904.2 29.3 46.6
2022-01-15T13:38:00 904.2 29.3 46.7
2022-01-15T13:39:00 904.2 29.2 43.9
2022-01-15T13:40:00 904.2 29.3 44.7
2022-01-15T13:41:00 904.2 29.5 45.0
2022-01-15T13:42:00 904.2 29.6 43.5
2022-01-15T13:43:00 904.1 29.5 43.3
2022-01-15T13:44:00 904.2 29.6 45.1
2022-01-15T13:45:00 904.2 29.8 46.6
2022-01-15T13:46:00 904.2 29.8 45.1
2022-01-15T13:47:00 904.2 29.9 44.3
2022-01-15T13:48:00 904.2 30.0 44.8
2022-01-15T13:49:00 904.2 30.1 45.0
2022-01-15T13:50:00 904.2 30.2 44.6
2022-01-15T13:51:00 904.2 29.9 44.6
2022-01-15T13:52:00 904.2 29.8 43.7
2022-01-15T13:53:00 904.2 29.7 45.0
2022-01-15T13:54:00 904.2 29.8 40.0
2022-01-15T13:55:00 904.2 30.0 41.0
2022-01-15T13:56:00 904.2 29.8 39.6
2022-01-15T13:57:00 904.2 29.5 40.5
2022-01-15T13:58:00 904.2 29.4 40.1
2022-01-15T13:59:00 904.2 29.4 39.1
2022-01-15T14:00:00 904.2 29.5 38.6
2022-01-15T14:01:00 904.2 29.7 38.4
2022-01-15T14:02:00 904.2 29.9 37.5
2022-01-15T14:03:00 904.2 29.9 36.3
2022-01-15T14:04:00 904.2 29.9 36.7
2022-01-15T14:05:00 904.2 30.1 36.7
2022-01-15T14:06:00 904.2 30.2 36.5
2022-01-15T14:07:00 904.2 30.5 37.1
2022-01-15T14:08:00 904.2 30.7 37.7
2022-01-15T14:09:00 904.1 30.8 37.9
2022-01-15T14:10:00 904.2 30.8 37.6
2022-01-15T14:11:00 904.1 30.5 37.0
2022-01-15T14:12:00 904.1 30.5 36.1
2022-01-15T14:13:00 904.1 30.4 35.9
2022-01-15T14:14:00 904.1 30.4 36.2
2022-01-15T14:15:00 904.1 30.3 36.4
2022-01-15T14:16:00 904.1 30.1 36.9
2022-01-15T14:17:00 904.1 29.9 37.3
2022-01-15T14:18:00 904.1 30.0 38.0
2022-01-15T14:19:00 904.1 30.1 38.9
2022-01-15T14:20:00 904.1 30.4 38.5
2022-01-15T14:21:00 904.0 30.6 38.1
2022-01-15T14:22:00 904.0 30.5 37.1
2022-01-15T14:23:00 904.0 30.3 37.6
2022-01-15T14:24:00 904.0 30.5 38.7
2022-01-15T14:25:00 904.0 30.8 38.3
2022-01-15T14:26:00 904.0 31.1 37.1
2022-01-15T14:27:00 904.0 31.3 35.3
2022-01-15T14:28:00 903.9 31.1 33.8
2022-01-15T14:29:00 903.9 30.9 35.0
2022-01-15T14:30:00 903.9 31.0 35.3
2022-01-15T14:31:00 903.9 30.9 35.3
2022-01-15T14:32:00 903.9 30.6 36.6
2022-01-15T14:33:00 903.9 30.6 36.7
2022-01-15T14:34:00 903.9 30.7 36.3
2022-01-15T14:35:00 903.9 30.9 37.0
2022-01-15T14:36:00 903.9 31.1 35.3
2022-01-15T14:37:00 903.9 31.2 35.8
2022-01-15T14:38:00 903.8 31.2 35.7
2022-01-15T14:39:00 903.9 30.9 34.6
2022-01-15T14:40:00 903.8 30.7 35.4
2022-01-15T14:41:00 903.8 30.7 35.7
2022-01-15T14:42:00 903.8 30.8 35.2
2022-01-15T14:43:00 903.8 30.6 35.2
2022-01-15T14:44:00 903.7 30.7 36.4
2022-01-15T14:45:00 903.8 30.9 35.3
2022-01-15T14:46:00 903.7 31.0 35.4
2022-01-15T14:47:00 903.7 31.1 35.2
2022-01-15T14:48:00 903.7 31.0 35.5
2022-01-15T14:49:00 903.7 30.9 35.0
2022-01-15T14:50:00 903.7 30.8 35.0
2022-01-15T14:51:00 903.6 30.9 36.2
2022-01-15T14:52:00 903.6 31.3 35.5
2022-01-15T14:53:00 903.6 31.6 34.5
2022-01-15T14:54:00 903.6 32.0 34.7
2022-01-15T14:55:00 903.6 32.6 34.5
2022-01-15T14:56:00 903.6 33.0 32.6
2022-01-15T14:57:00 903.5 33.0 33.5
2022-01-15T14:58:00 903.5 33.0 32.7
2022-01-15T14:59:00 903.5 32.8 33.5
2022-01-15T15:00:00 903.6 32.9 33.3
2022-01-15T15:01:00 903.5 32.4 33.4
2022-01-15T15:02:00 903.6 32.1 33.6
2022-01-15T15:03:00 903.6 32.0 33.6
2022-01-15T15:04:00 903.6 31.9 34.5
2022-01-15T15:05:00 903.6 31.7 33.8
2022-01-15T15:06:00 903.5 31.6 35.3
2022-01-15T15:07:00 903.6 31.5 34.5
2022-01-15T15:08:00 903.6 31.4 34.3
2022-01-15T15:09:00 903.6 31.5 35.0
2022-01-15T15:10:00 903.6 31.5 34.7
2022-01-15T15:11:00 903.6 31.5 34.9
2022-01-15T15:12:00 903.6 31.4 34.8
2022-01-15T15:13:00 903.6 31.5 34.8
2022-01-15T15:14:00 903.5 31.5 34.8
2022-01-15T15:15:00 903.5 31.3 34.4
2022-01-15T15:16:00 903.5 31.3 35.6
2022-01-15T15:17:00 903.5 31.4 35.6
2022-01-15T15:18:00 903.5 31.3 35.4
2022-01-15T15:19:00 903.5 31.2 34.3
2022-01-15T15:20:00 903.5 31.4 35.1
2022-01-15T15:21:00 903.5 31.6 34.6
2022-01-15T15:22:00 903.5 31.9 34.2
2022-01-15T15:23:00 903.6 32.1 33.1
2022-01-15T15:24:00 903.6 32.4 34.0
2022-01-15T15:25:00 903.6 32.7 32.7
2022-01-15T15:26:00 903.5 33.1 33.3
2022-01-15T15:27:00 903.5 33.6 32.8
2022-01-15T15:28:00 903.5 33.7 31.1
2022-01-15T15:29:00 903.6 33.4 32.1
2022-01-15T15:30:00 903.6 33.2 31.7
2022-01-15T15:31:00 903.6 33.1 32.0
2022-01-15T15:32:00 903.7 33.1 31.4
2022-01-15T15:33:00 903.7 32.9 32.1
2022-01-15T15:34:00 903.8 32.7 31.9
2022-01-15T15:35:00 903.8 32.5 32.1
2022-01-15T15:36:00 903.8 32.5 31.6
2022-01-15T15:37:00 903.8 32.2 32.6
2022-01-15T15:38:00 903.9 32.1 32.4
2022-01-15T15:39:00 904.0 31.9 33.0
2022-01-15T15:40:00 904.1 32.0 34.6
2022-01-15T15:41:00 904.2 32.1 33.6
2022-01-15T15:42:00 904.3 32.0 33.6
2022-01-15T15:43:00 904.3 32.0 34.0
2022-01-15T15:44:00 904.2 31.8 33.8
2022-01-15T15:45:00 904.1 31.6 33.9
2022-01-15T15:46:00 903.9 31.5 34.4
2022-01-15T15:47:00 903.7 31.4 34.7
2022-01-15T15:48:00 903.5 31.4 34.9
2022-01-15T15:49:00 903.3 31.7 35.5
2022-01-15T15:50:00 903.3 31.7 34.8
2022-01-15T15:51:00 903.2 31.4 35.0
2022-01-15T15:52:00 903.2 31.3 35.1
2022-01-15T15:53:00 903.1 31.2 34.9
2022-01-15T15:54:00 903.1 31.1 35.8
2022-01-15T15:55:00 903.1 31.1 36.8
2022-01-15T15:56:00 903.0 31.1 37.8
2022-01-15T15:57:00 903.0 31.2 37.2
2022-01-15T15:58:00 903.0 31.3 37.3
2022-01-15T15:59:00 903.0 31.4 37.6
2022-01-15T16:00:00 903.0 31.5 36.6
2022-01-15T16:01:00 903.1 31.5 36.7
2022-01-15T16:02:00 903.1 31.6 36.9
2022-01-15T16:03:00 903.0 31.4 35.8
2022-01-15T16:04:00 903.0 31.2 36.1
2022-01-15T16:05:00 902.9 31.0 35.9
2022-01-15T16:06:00 902.9 31.1 36.6
2022-01-15T16:07:00 902.9 31.2 35.6
2022-01-15T16:08:00 902.9 31.3 36.0
2022-01-15T16:09:00 902.9 31.4 36.1
2022-01-15T16:10:00 902.9 31.6 35.2
2022-01-15T16:11:00 902.9 32.0 34.4
2022-01-15T16:12:00 902.9 32.2 34.1
2022-01-15T16:13:00 903.0 32.5 33.8
2022-01-15T16:14:00 903.0 32.8 33.5
2022-01-15T16:15:00 903.1 33.0 33.2
2022-01-15T16:16:00 903.1 32.9 32.3
2022-01-15T16:17:00 903.1 33.0 32.3
2022-01-15T16:18:00 903.0 33.0 31.7
2022-01-15T16:19:00 902.9 32.7 32.0
2022-01-15T16:20:00 902.8 32.8 32.3
2022-01-15T16:21:00 902.7 32.7 32.1
2022-01-15T16:22:00 902.7 32.6 32.9
2022-01-15T16:23:00 902.7 32.9 34.0
2022-01-15T16:24:00 902.7 33.3 33.0
2022-01-15T16:25:00 902.8 33.4 32.7
2022-01-15T16:26:00 902.8 33.2 32.9
2022-01-15T16:27:00 902.8 32.9 33.2
2022-01-15T16:28:00 902.8 32.7 32.5
2022-01-15T16:29:00 902.8 32.4 33.7
2022-01-15T16:30:00 902.7 32.4 34.5
2022-01-15T16:31:00 902.7 32.2 34.2
2022-01-15T16:32:00 902.7 31.6 33.7
2022-01-15T16:33:00 902.7 31.3 34.3
2022-01-15T16:34:00 902.6 31.3 34.8
2022-01-15T16:35:00 902.6 31.6 34.5
2022-01-15T16:36:00 902.6 31.8 34.4
2022-01-15T16:37:00 902.6 32.0 34.0
2022-01-15T16:38:00 902.6 32.3 34.2
2022-01-15T16:39:00 902.6 32.4 33.9
2022-01-15T16:40:00 902.6 32.3 34.4
2022-01-15T16:41:00 902.7 32.2 33.2
2022-01-15T16:42:00 902.6 32.3 33.3
2022-01-15T16:43:00 902.6 32.6 33.9
2022-01-15T16:44:00 902.6 32.7 34.4
2022-01-15T16:45:00 902.6 32.8 33.1
2022-01-15T16:46:00 902.7 32.7 34.5
2022-01-15T16:47:00 902.7 32.6 34.8
2022-01-15T16:48:00 902.6 32.4 34.8
2022-01-15T16:49:00 902.7 32.1 35.9
2022-01-15T16:50:00 902.7 32.0 35.5
2022-01-15T16:51:00 902.7 32.1 36.7
2022-01-15T16:52:00 902.7 32.4 36.0
2022-01-15T16:53:00 902.7 32.6 35.2
2022-01-15T16:54:00 902.7 32.7 35.1
2022-01-15T16:55:00 902.6 32.8 34.8
2022-01-15T16:56:00 902.6 32.9 33.8
2022-01-15T16:57:00 902.6 32.4 32.8
2022-01-15T16:58:00 902.5 32.3 34.0
2022-01-15T16:59:00 902.5 32.3 35.3
2022-01-15T17:00:00 902.5 32.5 35.0
2022-01-15T17:01:00 902.5 32.4 34.6
2022-01-15T17:02:00 902.5 32.2 35.0
2022-01-15T17:03:00 902.5 32.1 36.3
2022-01-15T17:04:00 902.5 32.1 36.1
2022-01-15T17:05:00 902.5 31.9 36.3
2022-01-15T17:06:00 902.4 31.9 37.2
2022-01-15T17:07:00 902.4 32.0 36.5
2022-01-15T17:08:00 902.4 32.4 36.4
2022-01-15T17:09:00 902.4 32.6 36.2
2022-01-15T17:10:00 902.4 32.4 34.9
2022-01-15T17:11:00 902.4 32.3 35.2
2022-01-15T17:12:00 902.3 32.2 35.0
2022-01-15T17:13:00 902.3 32.2 35.1
2022-01-15T17:14:00 902.3 32.3 34.8
2022-01-15T17:15:00 902.3 32.0 34.5
2022-01-15T17:16:00 902.4 31.6 36.2
2022-01-15T17:17:00 902.3 31.4 36.2
2022-01-15T17:18:00 902.3 31.5 36.2
2022-01-15T17:19:00 902.3 31.8 36.0
2022-01-15T17:20:00 902.3 32.0 34.9
2022-01-15T17:21:00 902.3 31.9 35.5
2022-01-15T17:22:00 902.3 32.0 35.3
2022-01-15T17:23:00 902.3 32.0 35.1
2022-01-15T17:24:00 902.3 32.0 35.4
2022-01-15T17:25:00 902.3 31.8 35.5
2022-01-15T17:26:00 902.3 31.8 35.6
2022-01-15T17:27:00 902.3 32.0 34.9
2022-01-15T17:28:00 902.3 32.1 34.8
2022-01-15T17:29:00 902.4 32.2 35.2
2022-01-15T17:30:00 902.3 32.4 34.7
2022-01-15T17:31:00 902.2 32.6 34.3
2022-01-15T17:32:00 902.3 32.4 34.2
2022-01-15T17:33:00 902.3 32.1 34.7
2022-01-15T17:34:00 902.3 31.9 35.1
2022-01-15T17:35:00 902.2 31.8 33.9
2022-01-15T17:36:00 902.1 31.4 34.1
2022-01-15T17:37:00 902.1 31.0 34.7
2022-01-15T17:38:00 902.1 30.9 35.5
2022-01-15T17:39:00 902.1 31.0 36.2
2022-01-15T17:40:00 902.1 31.0 36.0
2022-01-15T17:41:00 902.1 31.2 37.0
2022-01-15T17:42:00 902.1 31.4 36.0
2022-01-15T17:43:00 902.1 31.8 36.3
2022-01-15T17:44:00 902.1 32.4 36.4
2022-01-15T17:45:00 902.1 32.9 35.7
2022-01-15T17:46:00 902.0 33.2 33.7
2022-01-15T17:47:00 902.0 33.4 34.1
2022-01-15T17:48:00 902.0 33.3 35.0
2022-01-15T17:49:00 902.0 33.3 33.1
2022-01-15T17:50:00 902.0 33.0 33.0
2022-01-15T17:51:00 902.0 32.9 32.9
2022-01-15T17:52:00 902.0 32.8 33.7
2022-01-15T17:53:00 902.0 32.4 34.5
2022-01-15T17:54:00 901.9 32.0 34.7
2022-01-15T17:55:00 902.0 31.6 36.0
2022-01-15T17:56:00 902.0 31.5 37.2
2022-01-15T17:57:00 901.9 31.4 36.3
2022-01-15T17:58:00 901.9 31.0 36.3
2022-01-15T17:59:00 901.9 30.7 37.0
2022-01-15T18:00:00 901.9 30.6 36.8
2022-01-15T18:01:00 901.9 30.5 37.3
2022-01-15T18:02:00 901.9 30.6 37.8
2022-01-15T18:03:00 901.9 30.7 37.7
2022-01-15T18:04:00 901.9 30.7 37.5
2022-01-15T18:05:00 901.8 30.7 36.8
2022-01-15T18:06:00 901.8 30.7 36.8
2022-01-15T18:07:00 901.8 30.8 37.4
2022-01-15T18:08:00 901.8 30.9 37.5
2022-01-15T18:09:00 901.7 30.8 37.2
2022-01-15T18:10:00 901.7 30.8 37.1
2022-01-15T18:11:00 901.7 30.7 37.1
2022-01-15T18:12:00 901.7 30.5 37.1
2022-01-15T18:13:00 901.7 30.5 38.3
2022-01-15T18:14:00 901.7 30.5 38.6
2022-01-15T18:15:00 901.6 30.4 38.1
2022-01-15T18:16:00 901.6 30.6 38.1
2022-01-15T18:17:00 901.7 30.8 38.5
2022-01-15T18:18:00 901.7 31.2 38.1
2022-01-15T18:19:00 901.7 31.5 38.1
2022-01-15T18:20:00 901.7 31.8 37.7
2022-01-15T18:21:00 901.6 32.0 36.2
2022-01-15T18:22:00 901.6 32.2 35.5
2022-01-15T18:23:00 901.6 32.1 35.5
2022-01-15T18:24:00 901.6 32.2 35.8
2022-01-15T18:25:00 901.6 31.9 34.9
2022-01-15T18:26:00 901.5 31.7 35.6
2022-01-15T18:27:00 901.6 31.6 36.6
2022-01-15T18:28:00 901.6 31.4 36.9
2022-01-15T18:29:00 901.5 31.3 37.3
2022-01-15T18:30:00 901.5 31.2 37.6
2022-01-15T18:31:00 901.5 31.0 37.6
2022-01-15T18:32:00 901.5 31.1 38.0
2022-01-15T18:33:00 901.4 31.1 36.5
2022-01-15T18:34:00 901.4 31.0 36.7
2022-01-15T18:35:00 901.4 31.1 36.8
2022-01-15T18:36:00 901.4 31.1 38.0
2022-01-15T18:37:00 901.4 31.3 37.7
2022-01-15T18:38:00 901.4 31.3 37.3
2022-01-15T18:39:00 901.4 31.2 38.1
2022-01-15T18:40:00 901.4 31.3 38.0
2022-01-15T18:41:00 901.3 31.4 37.5
2022-01-15T18:42:00 901.3 31.3 37.7
2022-01-15T18:43:00 901.3 31.2 38.3
2022-01-15T18:44:00 901.3 30.9 38.8
2022-01-15T18:45:00 901.3 30.8 39.0
2022-01-15T18:46:00 901.2 30.6 40.0
2022-01-15T18:47:00 901.2 30.4 39.7
2022-01-15T18:48:00 901.2 30.2 40.5
2022-01-15T18:49:00 901.2 30.0 40.1
2022-01-15T18:50:00 901.2 30.0 40.6
2022-01-15T18:51:00 901.2 30.0 41.0
2022-01-15T18:52:00 901.1 30.1 40.6
2022-01-15T18:53:00 901.1 30.1 40.7
2022-01-15T18:54:00 901.1 30.2 40.9
2022-01-15T18:55:00 901.0 30.2 41.5
2022-01-15T18:56:00 901.0 30.4 41.4
2022-01-15T18:57:00 901.1 30.5 41.2
2022-01-15T18:58:00 901.0 30.6 40.6
2022-01-15T18:59:00 901.1 30.5 40.3
2022-01-15T19:00:00 901.1 30.6 40.3
2022-01-15T19:01:00 901.1 30.6 39.3
2022-01-15T19:02:00 901.1 30.5 38.4
2022-01-15T19:03:00 901.1 30.4 39.0
2022-01-15T19:04:00 901.0 30.5 39.6
2022-01-15T19:05:00 901.0 30.5 39.4
2022-01-15T19:06:00 901.0 30.6 39.5
2022-01-15T19:07:00 901.0 30.6 39.6
2022-01-15T19:08:00 901.0 30.7 39.5
2022-01-15T19:09:00 901.0 30.9 39.5
2022-01-15T19:10:00 901.0 31.0 39.6
2022-01-15T19:11:00 901.0 31.0 38.2
2022-01-15T19:12:00 900.9 30.8 37.3
2022-01-15T19:13:00 900.9 30.7 38.3
2022-01-15T19:14:00 900.9 30.6 38.3
2022-01-15T19:15:00 900.8 30.5 39.1
2022-01-15T19:16:00 900.8 30.3 38.0
2022-01-15T19:17:00 900.8 30.2 38.3
2022-01-15T19:18:00 900.8 30.1 38.4
2022-01-15T19:19:00 900.8 30.1 38.2
2022-01-15T19:20:00 900.7 30.0 39.3
2022-01-15T19:21:00 900.7 30.1 39.5
2022-01-15T19:22:00 900.7 30.2 39.8
2022-01-15T19:23:00 900.7 30.2 39.3
2022-01-15T19:24:00 900.7 30.1 38.5
2022-01-15T19:25:00 900.8 30.1 38.8
2022-01-15T19:26:00 900.7 30.1 38.8
2022-01-15T19:27:00 900.8 30.3 38.1
2022-01-15T19:28:00 900.8 30.2 38.0
2022-01-15T19:29:00 900.7 30.3 38.5
2022-01-15T19:30:00 900.7 30.4 38.3
2022-01-15T19:31:00 900.7 30.4 38.4
2022-01-15T19:32:00 900.7 30.5 38.5
2022-01-15T19:33:00 900.7 30.5 39.1
2022-01-15T19:34:00 900.7 30.4 39.3
2022-01-15T19:35:00 900.7 30.3 39.5
2022-01-15T19:36:00 900.7 30.2 39.6
2022-01-15T19:37:00 900.7 30.2 39.0
2022-01-15T19:38:00 900.7 30.2 38.9
2022-01-15T19:39:00 900.7 30.1 39.0
2022-01-15T19:40:00 900.7 30.1 39.1
2022-01-15T19:41:00 900.7 30.0 38.1
2022-01-15T19:42:00 900.7 30.0 39.0
2022-01-15T19:43:00 900.7 29.9 38.9
2022-01-15T19:44:00 900.7 29.9 38.9
2022-01-15T19:45:00 900.7 29.8 39.6
2022-01-15T19:46:00 900.7 29.7 40.2
2022-01-15T19:47:00 900.7 29.8 40.9
2022-01-15T19:48:00 900.7 29.8 40.3
2022-01-15T19:49:00 900.7 29.7 40.0
2022-01-15T19:50:00 900.7 29.7 40.1
2022-01-15T19:51:00 900.6 29.7 40.4
2022-01-15T19:52:00 900.6 29.8 39.8
2022-01-15T19:53:00 900.6 29.7 39.6
2022-01-15T19:54:00 900.5 29.7 39.4
2022-01-15T19:55:00 900.5 29.8 39.6
2022-01-15T19:56:00 900.5 29.9 39.8
2022-01-15T19:57:00 900.5 29.9 40.0
2022-01-15T19:58:00 900.5 30.0 40.7
2022-01-15T19:59:00 900.5 30.0 40.8
2022-01-15T20:00:00 900.4 29.9 40.8
2022-01-15T20:01:00 900.4 29.9 39.7
2022-01-15T20:02:00 900.4 29.9 40.3
2022-01-15T20:03:00 900.4 30.0 40.1
2022-01-15T20:04:00 900.4 30.0 39.4
2022-01-15T20:05:00 900.4 30.1 39.1
2022-01-15T20:06:00 900.4 30.1 39.5
2022-01-15T20:07:00 900.4 30.2 39.5
2022-01-15T20:08:00 900.4 30.2 40.3
2022-01-15T20:09:00 900.3 30.2 40.8
2022-01-15T20:10:00 900.3 30.1 40.5
2022-01-15T20:11:00 900.3 30.1 40.7
2022-01-15T20:12:00 900.2 29.9 41.0
2022-01-15T20:13:00 900.2 29.9 40.6
2022-01-15T20:14:00 900.2 29.8 40.7
2022-01-15T20:15:00 900.2 29.7 40.8
2022-01-15T20:16:00 900.2 29.7 41.4
2022-01-15T20:17:00 900.2 29.7 41.6
2022-01-15T20:18:00 900.2 29.7 41.9
2022-01-15T20:19:00 900.3 29.6 40.4
2022-01-15T20:20:00 900.3 29.6 40.5
2022-01-15T20:21:00 900.3 29.6 41.0
2022-01-15T20:22:00 900.3 29.6 42.4
2022-01-15T20:23:00 900.3 29.6 42.7
2022-01-15T20:24:00 900.4 29.6 42.5
2022-01-15T20:25:00 900.4 29.6 41.9
2022-01-15T20:26:00 900.4 29.6 42.0
2022-01-15T20:27:00 900.4 29.5 42.8
2022-01-15T20:28:00 900.4 29.4 42.3
2022-01-15T20:29:00 900.4 29.4 42.8
2022-01-15T20:30:00 900.4 29.3 44.6
2022-01-15T20:31:00 900.4 29.2 45.6
2022-01-15T20:32:00 900.4 29.2 46.4
2022-01-15T20:33:00 900.4 29.1 47.2
2022-01-15T20:34:00 900.4 29.1 47.4
2022-01-15T20:35:00 900.4 29.1 47.3
2022-01-15T20:36:00 900.4 29.0 47.8
2022-01-15T20:37:00 900.4 28.9 47.8
2022-01-15T20:38:00 900.4 28.9 48.2
2022-01-15T20:39:00 900.4 28.8 48.4
2022-01-15T20:40:00 900.4 28.8 48.6
2022-01-15T20:41:00 900.4 28.8 48.4
2022-01-15T20:42:00 900.5 28.7 48.6
2022-01-15T20:43:00 900.5 28.7 48.8
2022-01-15T20:44:00 900.5 28.8 48.8
2022-01-15T20:45:00 900.5 28.9 48.6
2022-01-15T20:46:00 900.5 28.8 48.4
2022-01-15T20:47:00 900.5 28.8 47.8
2022-01-15T20:48:00 900.5 28.8 48.1
2022-01-15T20:49:00 900.5 28.7 48.4
2022-01-15T20:50:00 900.5 28.6 48.4
2022-01-15T20:51:00 900.5 28.5 48.4
2022-01-15T20:52:00 900.5 28.4 48.5
2022-01-15T20:53:00 900.5 28.3 48.7
2022-01-15T20:54:00 900.5 28.3 49.2
2022-01-15T20:55:00 900.6 28.2 49.7
2022-01-15T20:56:00 900.6 28.1 50.1
2022-01-15T20:57:00 900.6 28.0 50.5
2022-01-15T20:58:00 900.6 27.9 50.5
2022-01-15T20:59:00 900.7 27.9 50.9
2022-01-15T21:00:00 900.7 27.9 51.0
2022-01-15T21:01:00 900.7 27.8 51.2
2022-01-15T21:02:00 900.7 27.8 51.3
2022-01-15T21:03:00 900.8 27.8 51.4
2022-01-15T21:04:00 900.8 27.8 51.5
2022-01-15T21:05:00 900.8 27.7 51.1
2022-01-15T21:06:00 900.8 27.6 51.0
2022-01-15T21:07:00 900.9 27.6 51.4
2022-01-15T21:08:00 900.9 27.6 51.6
2022-01-15T21:09:00 900.9 27.6 51.6
2022-01-15T21:10:00 901.0 27.6 51.7
2022-01-15T21:11:00 901.0 27.6 51.8
2022-01-15T21:12:00 901.0 27.6 51.8
2022-01-15T21:13:00 901.0 27.5 52.0
2022-01-15T21:14:00 901.0 27.5 51.9
2022-01-15T21:15:00 901.1 27.5 52.2
2022-01-15T21:16:00 901.1 27.5 52.2
2022-01-15T21:17:00 901.1 27.5 52.1
2022-01-15T21:18:00 901.2 27.4 52.0
2022-01-15T21:19:00 901.2 27.4 52.0
2022-01-15T21:20:00 901.2 27.4 52.0
2022-01-15T21:21:00 901.2 27.4 52.1
2022-01-15T21:22:00 901.3 27.4 52.0
2022-01-15T21:23:00 901.2 27.4 52.0
2022-01-15T21:24:00 901.2 27.4 51.9
2022-01-15T21:25:00 901.3 27.4 52.0
2022-01-15T21:26:00 901.3 27.3 52.0
2022-01-15T21:27:00 901.3 27.3 52.1
2022-01-15T21:28:00 901.3 27.3 52.0
2022-01-15T21:29:00 901.3 27.3 52.2
2022-01-15T21:30:00 901.3 27.2 52.2
2022-01-15T21:31:00 901.3 27.2 52.3
2022-01-15T21:32:00 901.3 27.2 52.1
2022-01-15T21:33:00 901.3 27.2 52.3
2022-01-15T21:34:00 901.3 27.1 52.3
2022-01-15T21:35:00 901.3 27.1 52.3
2022-01-15T21:36:00 901.3 27.1 52.3
2022-01-15T21:37:00 901.3 27.1 52.3
2022-01-15T21:38:00 901.3 27.0 52.5
2022-01-15T21:39:00 901.3 27.0 52.8
2022-01-15T21:40:00 901.3 27.0 52.9
2022-01-15T21:41:00 901.2 26.9 53.1
2022-01-15T21:42:00 901.2 26.9 53.3
2022-01-15T21:43:00 901.2 26.9 53.4
2022-01-15T21:44:00 901.2 26.9 53.6
2022-01-15T21:45:00 901.1 26.8 53.8
2022-01-15T21:46:00 901.1 26.8 54.0
2022-01-15T21:47:00 901.1 26.8 54.2
2022-01-15T21:48:00 901.1 26.7 54.4
2022-01-15T21:49:00 901.0 26.7 54.6
2022-01-15T21:50:00 901.0 26.7 54.8
2022-01-15T21:51:00 901.0 26.6 55.1
2022-01-15T21:52:00 901.0 26.6 55.3
2022-01-15T21:53:00 901.0 26.6 55.6
2022-01-15T21:54:00 901.0 26.6 55.8
2022-01-15T21:55:00 901.1 26.6 56.0
2022-01-15T21:56:00 901.1 26.6 56.2
2022-01-15T21:57:00 901.1 26.6 56.3
2022-01-15T21:58:00 901.2 26.5 56.6
2022-01-15T21:59:00 901.2 26.5 56.8
2022-01-15T22:00:00 901.2 26.5 57.2
2022-01-15T22:01:00 901.2 26.5 57.2
2022-01-15T22:02:00 901.2 26.5 57.1
2022-01-15T22:03:00 901.2 26.5 57.3
2022-01-15T22:04:00 901.3 26.5 57.5
2022-01-15T22:05:00 901.3 26.4 57.6
2022-01-15T22:06:00 901.3 26.4 57.7
2022-01-15T22:07:00 901.3 26.4 57.7
2022-01-15T22:08:00 901.4 26.4 57.8
2022-01-15T22:09:00 901.4 26.4 57.9
2022-01-15T22:10:00 901.4 26.3 58.0
2022-01-15T22:11:00 901.4 26.3 58.2
2022-01-15T22:12:00 901.4 26.3 58.3
2022-01-15T22:13:00 901.4 26.3 58.5
2022-01-15T22:14:00 901.4 26.3 58.2
2022-01-15T22:15:00 901.4 26.3 58.1
2022-01-15T22:16:00 901.4 26.3 58.0
2022-01-15T22:17:00 901.4 26.3 58.0
2022-01-15T22:18:00 901.4 26.3 58.0
2022-01-15T22:19:00 901.4 26.2 58.2
2022-01-15T22:20:00 901.3 26.2 58.4
2022-01-15T22:21:00 901.3 26.2 58.2
2022-01-15T22:22:00 901.3 26.2 58.4
2022-01-15T22:23:00 901.3 26.2 58.4
2022-01-15T22:24:00 901.3 26.2 58.6
2022-01-15T22:25:00 901.3 26.1 58.7
2022-01-15T22:26:00 901.3 26.1 58.8
2022-01-15T22:27:00 901.3 26.1 59.1
2022-01-15T22:28:00 901.3 26.1 59.2
2022-01-15T22:29:00 901.3 26.0 59.2
2022-01-15T22:30:00 901.3 26.0 59.2
2022-01-15T22:31:00 901.3 26.0 59.2
2022-01-15T22:32:00 901.3 26.0 59.2
2022-01-15T22:33:00 901.3 26.0 59.1
2022-01-15T22:34:00 901.3 26.0 59.3
2022-01-15T22:35:00 901.4 26.0 59.4
2022-01-15T22:36:00 901.4 26.0 59.0
2022-01-15T22:37:00 901.4 26.0 59.0
2022-01-15T22:38:00 901.4 26.0 59.0
2022-01-15T22:39:00 901.4 26.0 58.9
2022-01-15T22:40:00 901.5 25.9 58.9
2022-01-15T22:41:00 901.5 26.0 58.9
2022-01-15T22:42:00 901.5 26.0 58.7
2022-01-15T22:43:00 901.5 25.9 58.6
2022-01-15T22:44:00 901.5 25.9 58.6
2022-01-15T22:45:00 901.5 25.9 58.7
2022-01-15T22:46:00 901.5 25.8 58.8
2022-01-15T22:47:00 901.4 25.9 58.7
2022-01-15T22:48:00 901.4 25.8 58.6
2022-01-15T22:49:00 901.4 25.8 58.7
2022-01-15T22:50:00 901.4 25.8 58.8
2022-01-15T22:51:00 901.4 25.8 58.8
2022-01-15T22:52:00 901.4 25.8 58.8
2022-01-15T22:53:00 901.4 25.8 58.4
2022-01-15T22:54:00 901.5 25.8 58.5
2022-01-15T22:55:00 901.5 25.7 58.6
2022-01-15T22:56:00 901.5 25.8 58.3
2022-01-15T22:57:00 901.5 25.8 58.2
2022-01-15T22:58:00 901.6 25.8 58.0
2022-01-15T22:59:00 901.6 25.8 58.0
2022-01-15T23:00:00 901.6 25.8 57.7
2022-01-15T23:01:00 901.6 25.8 57.6
2022-01-15T23:02:00 901.7 25.9 57.5
2022-01-15T23:03:00 901.7 25.9 57.7
2022-01-15T23:04:00 901.7 25.9 57.4
2022-01-15T23:05:00 901.7 25.9 57.4
2022-01-15T23:06:00 901.8 25.9 57.5
2022-01-15T23:07:00 901.8 26.0 57.1
2022-01-15T23:08:00 901.8 26.0 56.9
2022-01-15T23:09:00 901.8 26.0 56.7
2022-01-15T23:10:00 901.8 26.0 56.7
2022-01-15T23:11:00 901.8 26.1 56.6
2022-01-15T23:12:00 901.8 26.1 56.4
2022-01-15T23:13:00 901.8 26.1 56.0
2022-01-15T23:14:00 901.8 26.1 55.7
2022-01-15T23:15:00 901.8 26.1 55.7
2022-01-15T23:16:00 901.9 26.2 55.5
2022-01-15T23:17:00 901.9 26.2 55.0
2022-01-15T23:18:00 901.9 26.2 55.0
2022-01-15T23:19:00 901.8 26.2 55.1
2022-01-15T23:20:00 901.8 26.2 54.9
2022-01-15T23:21:00 901.8 26.2 54.9
2022-01-15T23:22:00 901.8 26.2 54.7
2022-01-15T23:23:00 901.8 26.2 54.6
2022-01-15T23:24:00 901.8 26.2 54.5
2022-01-15T23:25:00 901.8 26.2 54.6
2022-01-15T23:26:00 901.8 26.2 54.9
2022-01-15T23:27:00 901.8 26.2 54.8
2022-01-15T23:28:00 901.8 26.1 54.9
2022-01-15T23:29:00 901.8 26.1 55.1
2022-01-15T23:30:00 901.8 26.1 55.2
2022-01-15T23:31:00 901.8 26.1 55.3
2022-01-15T23:32:00 901.8 26.1 55.3
2022-01-15T23:33:00 901.8 26.1 55.3
2022-01-15T23:34:00 901.8 26.1 55.3
2022-01-15T23:35:00 901.8 26.1 55.3
2022-01-15T23:36:00 901.8 26.1 55.3
2022-01-15T23:37:00 901.8 26.1 55.5
2022-01-15T23:38:00 901.8 26.1 55.3
2022-01-15T23:39:00 901.8 26.1 55.5
2022-01-15T23:40:00 901.8 26.2 55.5
2022-01-15T23:41:00 901.8 26.2 55.6
2022-01-15T23:42:00 901.8 26.2 55.6
2022-01-15T23:43:00 901.8 26.2 55.5
2022-01-15T23:44:00 901.8 26.2 55.6
2022-01-15T23:45:00 901.9 26.1 55.7
2022-01-15T23:46:00 901.9 26.1 55.6
2022-01-15T23:47:00 901.9 26.2 55.7
2022-01-15T23:48:00 901.9 26.2 55.7
2022-01-15T23:49:00 901.9 26.2 55.8
2022-01-15T23:50:00 901.9 26.1 55.7
2022-01-15T23:51:00 901.9 26.2 55.8
2022-01-15T23:52:00 901.9 26.2 55.7
2022-01-15T23:53:00 901.9 26.2 55.4
2022-01-15T23:54:00 901.9 26.2 55.5
2022-01-15T23:55:00 901.9 26.2 55.4
2022-01-15T23:56:00 901.9 26.2 55.3
2022-01-15T23:57:00 902.0 26.2 55.5
2022-01-15T23:58:00 902.0 26.2 55.5
2022-01-15T23:59:00 902.0 26.2 55.6
