2022-01-14T00:00:00 982.8 26.7 76.2
2022-01-14T00:01:00 982.8 26.6 76.1
2022-01-14T00:02:00 982.7 26.6 75.5
2022-01-14T00:03:00 982.8 26.7 75.1
2022-01-14T00:04:00 982.8 26.7 74.9
2022-01-14T00:05:00 982.8 26.7 75.0
2022-01-14T00:06:00 982.8 26.7 75.5
2022-01-14T00:07:00 982.9 26.6 75.8
2022-01-14T00:08:00 982.9 26.6 75.8
2022-01-14T00:09:00 982.9 26.6 75.5
2022-01-14T00:10:00 982.9 26.6 75.7
2022-01-14T00:11:00 982.9 26.6 75.7
2022-01-14T00:12:00 982.9 26.5 75.9
2022-01-14T00:13:00 982.9 26.5 75.9
2022-01-14T00:14:00 983.0 26.5 75.9
2022-01-14T00:15:00 983.0 26.5 75.8
2022-01-14T00:16:00 983.1 26.5 75.8
2022-01-14T00:17:00 983.1 26.5 75.8
2022-01-14T00:18:00 983.1 26.5 76.1
2022-01-14T00:19:00 983.1 26.5 76.0
2022-01-14T00:20:00 983.1 26.5 76.1
2022-01-14T00:21:00 983.1 26.5 76.1
2022-01-14T00:22:00 983.1 26.5 76.2
2022-01-14T00:23:00 983.1 26.5 76.1
2022-01-14T00:24:00 983.1 26.4 76.1
2022-01-14T00:25:00 983.1 26.4 76.4
2022-01-14T00:26:00 983.1 26.4 76.3
2022-01-14T00:27:00 983.1 26.4 76.3
2022-01-14T00:28:00 983.0 26.4 76.5
2022-01-14T00:29:00 983.0 26.4 76.4
2022-01-14T00:30:00 983.0 26.4 76.4
2022-01-14T00:31:00 983.0 26.4 76.7
2022-01-14T00:32:00 983.0 26.4 76.7
2022-01-14T00:33:00 983.0 26.4 76.9
2022-01-14T00:34:00 983.0 26.4 76.9
2022-01-14T00:35:00 983.0 26.4 76.8
2022-01-14T00:36:00 983.0 26.4 77.0
2022-01-14T00:37:00 983.0 26.5 77.1
2022-01-14T00:38:00 983.0 26.5 76.9
2022-01-14T00:39:00 983.0 26.5 77.0
2022-01-14T00:40:00 983.0 26.5 77.4
2022-01-14T00:41:00 983.0 26.5 77.8
2022-01-14T00:42:00 983.0 26.4 78.4
2022-01-14T00:43:00 983.0 26.4 78.9
2022-01-14T00:44:00 983.1 26.3 79.0
2022-01-14T00:45:00 983.1 26.2 79.2
2022-01-14T00:46:00 983.1 26.2 78.6
2022-01-14T00:47:00 983.1 26.2 77.9
2022-01-14T00:48:00 983.2 26.2 78.0
2022-01-14T00:49:00 983.2 26.3 78.1
2022-01-14T00:50:00 983.2 26.2 78.6
2022-01-14T00:51:00 983.2 26.2 78.7
2022-01-14T00:52:00 983.2 26.2 78.8
2022-01-14T00:53:00 983.2 26.2 78.8
2022-01-14T00:54:00 983.2 26.2 78.9
2022-01-14T00:55:00 983.2 26.2 78.9
2022-01-14T00:56:00 983.2 26.2 78.8
2022-01-14T00:57:00 983.2 26.2 79.0
2022-01-14T00:58:00 983.1 26.2 79.1
2022-01-14T00:59:00 983.1 26.1 78.9
2022-01-14T01:00:00 983.0 26.2 79.0
2022-01-14T01:01:00 983.0 26.1 78.9
2022-01-14T01:02:00 983.0 26.2 79.2
2022-01-14T01:03:00 983.1 26.1 79.5
2022-01-14T01:04:00 983.1 26.1 79.3
2022-01-14T01:05:00 983.2 26.1 79.5
2022-01-14T01:06:00 983.2 26.1 79.2
2022-01-14T01:07:00 983.2 26.1 79.4
2022-01-14T01:08:00 983.2 26.0 79.5
2022-01-14T01:09:00 983.2 26.0 79.3
2022-01-14T01:10:00 983.2 26.1 79.0
2022-01-14T01:11:00 983.2 26.1 78.9
2022-01-14T01:12:00 983.2 26.1 79.2
2022-01-14T01:13:00 983.2 26.1 79.0
2022-01-14T01:14:00 983.3 26.0 78.8
2022-01-14T01:15:00 983.3 26.0 79.0
2022-01-14T01:16:00 983.3 26.0 78.9
2022-01-14T01:17:00 983.3 26.0 79.3
2022-01-14T01:18:00 983.3 26.0 79.5
2022-01-14T01:19:00 983.3 26.0 80.0
2022-01-14T01:20:00 983.3 25.9 80.1
2022-01-14T01:21:00 983.3 25.9 80.3
2022-01-14T01:22:00 983.3 25.8 80.5
2022-01-14T01:23:00 983.3 25.8 80.8
2022-01-14T01:24:00 983.3 25.7 81.1
2022-01-14T01:25:00 983.4 25.7 81.1
2022-01-14T01:26:00 983.4 25.6 81.1
2022-01-14T01:27:00 983.5 25.6 81.3
2022-01-14T01:28:00 983.5 25.5 81.3
2022-01-14T01:29:00 983.5 25.5 81.3
2022-01-14T01:30:00 983.5 25.4 81.6
2022-01-14T01:31:00 983.5 25.4 81.6
2022-01-14T01:32:00 983.5 25.4 81.4
2022-01-14T01:33:00 983.5 25.4 81.4
2022-01-14T01:34:00 983.5 25.4 81.1
2022-01-14T01:35:00 983.5 25.4 81.0
2022-01-14T01:36:00 983.5 25.4 80.8
2022-01-14T01:37:00 983.5 25.5 80.7
2022-01-14T01:38:00 983.5 25.5 80.6
2022-01-14T01:39:00 983.6 25.5 80.5
2022-01-14T01:40:00 983.5 25.4 80.8
2022-01-14T01:41:00 983.5 25.4 81.0
2022-01-14T01:42:00 983.5 25.4 80.9
2022-01-14T01:43:00 983.5 25.4 80.8
2022-01-14T01:44:00 983.5 25.4 80.9
2022-01-14T01:45:00 983.5 25.4 80.9
2022-01-14T01:46:00 983.5 25.3 81.1
2022-01-14T01:47:00 983.5 25.3 81.1
2022-01-14T01:48:00 983.5 25.3 80.9
2022-01-14T01:49:00 983.5 25.3 80.8
2022-01-14T01:50:00 983.6 25.3 80.9
2022-01-14T01:51:00 983.6 25.2 81.1
2022-01-14T01:52:00 983.6 25.2 81.3
2022-01-14T01:53:00 983.6 25.2 81.4
2022-01-14T01:54:00 983.6 25.3 81.1
2022-01-14T01:55:00 983.6 25.3 80.8
2022-01-14T01:56:00 983.6 25.4 80.4
2022-01-14T01:57:00 983.6 25.5 80.1
2022-01-14T01:58:00 983.6 25.5 79.7
2022-01-14T01:59:00 983.6 25.6 79.5
2022-01-14T02:00:00 983.6 25.6 79.2
2022-01-14T02:01:00 983.5 25.6 78.9
2022-01-14T02:02:00 983.5 25.6 78.9
2022-01-14T02:03:00 983.5 25.6 78.8
2022-01-14T02:04:00 983.5 25.6 78.7
2022-01-14T02:05:00 983.5 25.6 78.8
2022-01-14T02:06:00 983.5 25.6 79.1
2022-01-14T02:07:00 983.5 25.5 79.1
2022-01-14T02:08:00 983.5 25.5 79.1
2022-01-14T02:09:00 983.5 25.5 79.2
2022-01-14T02:10:00 983.4 25.5 79.1
2022-01-14T02:11:00 983.4 25.5 79.0
2022-01-14T02:12:00 983.4 25.6 78.4
2022-01-14T02:13:00 983.4 25.8 77.3
2022-01-14T02:14:00 983.4 26.0 75.9
2022-01-14T02:15:00 983.3 26.1 75.8
2022-01-14T02:16:00 983.3 26.1 75.6
2022-01-14T02:17:00 983.3 26.1 75.5
2022-01-14T02:18:00 983.3 26.1 75.5
2022-01-14T02:19:00 983.3 26.1 75.3
2022-01-14T02:20:00 983.3 26.1 75.5
2022-01-14T02:21:00 983.3 26.1 75.2
2022-01-14T02:22:00 983.3 26.1 75.4
2022-01-14T02:23:00 983.2 26.1 75.5
2022-01-14T02:24:00 983.2 26.1 75.6
2022-01-14T02:25:00 983.3 26.0 75.9
2022-01-14T02:26:00 983.2 26.0 76.1
2022-01-14T02:27:00 983.2 25.9 76.3
2022-01-14T02:28:00 983.3 25.9 76.4
2022-01-14T02:29:00 983.3 25.9 76.8
2022-01-14T02:30:00 983.3 25.8 76.7
2022-01-14T02:31:00 983.3 25.8 76.7
2022-01-14T02:32:00 983.3 25.8 76.7
2022-01-14T02:33:00 983.3 25.8 76.7
2022-01-14T02:34:00 983.3 25.8 76.7
2022-01-14T02:35:00 983.4 25.8 76.7
2022-01-14T02:36:00 983.3 25.8 76.5
2022-01-14T02:37:00 983.3 25.9 76.6
2022-01-14T02:38:00 983.3 25.9 76.5
2022-01-14T02:39:00 983.3 25.9 76.4
2022-01-14T02:40:00 983.3 25.9 76.0
2022-01-14T02:41:00 983.3 25.9 76.1
2022-01-14T02:42:00 983.2 25.9 76.1
2022-01-14T02:43:00 983.3 25.9 76.3
2022-01-14T02:44:00 983.3 25.9 76.3
2022-01-14T02:45:00 983.3 25.8 76.3
2022-01-14T02:46:00 983.3 25.8 76.3
2022-01-14T02:47:00 983.3 25.8 76.4
2022-01-14T02:48:00 983.3 25.9 76.2
2022-01-14T02:49:00 983.3 25.9 76.3
2022-01-14T02:50:00 983.3 25.9 76.5
2022-01-14T02:51:00 983.3 25.8 76.9
2022-01-14T02:52:00 983.3 25.8 76.9
2022-01-14T02:53:00 983.3 25.8 77.1
2022-01-14T02:54:00 983.3 25.7 77.2
2022-01-14T02:55:00 983.3 25.7 77.4
2022-01-14T02:56:00 983.3 25.6 77.5
2022-01-14T02:57:00 983.3 25.6 77.4
2022-01-14T02:58:00 983.3 25.6 77.6
2022-01-14T02:59:00 983.3 25.6 77.7
2022-01-14T03:00:00 983.3 25.6 77.7
2022-01-14T03:01:00 983.3 25.5 77.8
2022-01-14T03:02:00 983.3 25.5 77.8
2022-01-14T03:03:00 983.3 25.5 77.8
2022-01-14T03:04:00 983.3 25.5 78.0
2022-01-14T03:05:00 983.3 25.5 77.9
2022-01-14T03:06:00 983.3 25.5 77.8
2022-01-14T03:07:00 983.3 25.6 77.6
2022-01-14T03:08:00 983.3 25.6 77.7
2022-01-14T03:09:00 983.3 25.5 77.7
2022-01-14T03:10:00 983.2 25.6 77.5
2022-01-14T03:11:00 983.2 25.6 77.5
2022-01-14T03:12:00 983.2 25.5 77.5
2022-01-14T03:13:00 983.2 25.5 77.7
2022-01-14T03:14:00 983.2 25.5 77.8
2022-01-14T03:15:00 983.2 25.5 78.0
2022-01-14T03:16:00 983.2 25.4 78.0
2022-01-14T03:17:00 983.2 25.4 78.0
2022-01-14T03:18:00 983.2 25.4 78.2
2022-01-14T03:19:00 983.2 25.4 78.3
2022-01-14T03:20:00 983.2 25.4 78.2
2022-01-14T03:21:00 983.2 25.3 78.3
2022-01-14T03:22:00 983.2 25.4 78.0
2022-01-14T03:23:00 983.2 25.4 77.8
2022-01-14T03:24:00 983.2 25.4 77.7
2022-01-14T03:25:00 983.2 25.4 77.4
2022-01-14T03:26:00 983.2 25.4 77.2
2022-01-14T03:27:00 983.2 25.4 77.3
2022-01-14T03:28:00 983.2 25.4 77.3
2022-01-14T03:29:00 983.2 25.4 78.4
2022-01-14T03:30:00 983.2 25.3 78.8
2022-01-14T03:31:00 983.2 25.3 78.4
2022-01-14T03:32:00 983.1 25.3 78.7
2022-01-14T03:33:00 983.1 25.2 79.3
2022-01-14T03:34:00 983.1 25.2 78.8
2022-01-14T03:35:00 983.1 25.2 78.7
2022-01-14T03:36:00 983.1 25.1 78.7
2022-01-14T03:37:00 983.1 25.1 78.7
2022-01-14T03:38:00 983.1 25.1 78.6
2022-01-14T03:39:00 983.1 25.1 78.4
2022-01-14T03:40:00 983.1 25.1 78.1
2022-01-14T03:41:00 983.1 25.1 78.2
2022-01-14T03:42:00 983.0 25.1 78.2
2022-01-14T03:43:00 983.0 25.0 78.4
2022-01-14T03:44:00 983.0 25.0 78.5
2022-01-14T03:45:00 983.0 25.0 78.7
2022-01-14T03:46:00 983.0 25.0 78.8
2022-01-14T03:47:00 983.0 24.9 78.9
2022-01-14T03:48:00 983.0 24.9 78.8
2022-01-14T03:49:00 983.0 24.9 79.1
2022-01-14T03:50:00 983.0 24.9 79.3
2022-01-14T03:51:00 983.0 24.8 79.6
2022-01-14T03:52:00 983.0 24.8 80.1
2022-01-14T03:53:00 982.9 24.8 80.4
2022-01-14T03:54:00 982.9 24.7 81.2
2022-01-14T03:55:00 982.8 24.7 81.8
2022-01-14T03:56:00 982.8 24.6 82.1
2022-01-14T03:57:00 982.8 24.5 82.4
2022-01-14T03:58:00 982.8 24.5 82.5
2022-01-14T03:59:00 982.7 24.5 82.3
2022-01-14T04:00:00 982.7 24.5 81.9
2022-01-14T04:01:00 982.7 24.5 81.6
2022-01-14T04:02:00 982.7 24.5 81.4
2022-01-14T04:03:00 982.6 24.6 80.7
2022-01-14T04:04:00 982.6 24.7 80.0
2022-01-14T04:05:00 982.6 24.7 79.6
2022-01-14T04:06:00 982.6 24.8 79.0
2022-01-14T04:07:00 982.6 24.9 78.9
2022-01-14T04:08:00 982.5 24.9 78.6
2022-01-14T04:09:00 982.5 25.0 77.6
2022-01-14T04:10:00 982.5 25.0 78.5
2022-01-14T04:11:00 982.4 24.8 79.3
2022-01-14T04:12:00 982.4 24.9 77.6
2022-01-14T04:13:00 982.3 25.0 77.5
2022-01-14T04:14:00 982.3 25.0 76.9
2022-01-14T04:15:00 982.3 25.0 78.0
2022-01-14T04:16:00 982.3 24.9 77.5
2022-01-14T04:17:00 982.3 24.9 78.0
2022-01-14T04:18:00 982.2 24.9 77.5
2022-01-14T04:19:00 982.2 24.9 77.7
2022-01-14T04:20:00 982.2 24.9 77.6
2022-01-14T04:21:00 982.2 24.8 77.7
2022-01-14T04:22:00 982.2 24.8 77.9
2022-01-14T04:23:00 982.2 24.8 78.1
2022-01-14T04:24:00 982.2 24.8 78.1
2022-01-14T04:25:00 982.1 24.8 78.0
2022-01-14T04:26:00 982.1 24.8 78.2
2022-01-14T04:27:00 982.1 24.8 78.4
2022-01-14T04:28:00 982.1 24.8 78.6
2022-01-14T04:29:00 982.1 24.7 78.5
2022-01-14T04:30:00 982.1 24.7 78.6
2022-01-14T04:31:00 982.1 24.7 78.8
2022-01-14T04:32:00 982.1 24.7 78.9
2022-01-14T04:33:00 982.0 24.7 79.1
2022-01-14T04:34:00 982.0 24.6 78.8
2022-01-14T04:35:00 982.0 24.7 78.5
2022-01-14T04:36:00 981.9 24.7 78.8
2022-01-14T04:37:00 981.9 24.8 78.2
2022-01-14T04:38:00 981.8 24.9 77.8
2022-01-14T04:39:00 981.8 24.9 77.8
2022-01-14T04:40:00 981.8 25.0 77.7
2022-01-14T04:41:00 981.8 25.0 77.9
2022-01-14T04:42:00 981.8 24.9 78.2
2022-01-14T04:43:00 981.8 24.9 78.7
2022-01-14T04:44:00 981.8 24.7 79.2
2022-01-14T04:45:00 981.8 24.6 79.8
2022-01-14T04:46:00 981.8 24.6 79.8
2022-01-14T04:47:00 981.8 24.5 80.0
2022-01-14T04:48:00 981.7 24.6 79.8
2022-01-14T04:49:00 981.7 24.6 79.8
2022-01-14T04:50:00 981.7 24.6 79.8
2022-01-14T04:51:00 981.7 24.6 79.8
2022-01-14T04:52:00 981.7 24.6 79.7
2022-01-14T04:53:00 981.7 24.6 79.8
2022-01-14T04:54:00 981.7 24.7 79.1
2022-01-14T04:55:00 981.7 24.8 78.6
2022-01-14T04:56:00 981.6 24.8 78.5
2022-01-14T04:57:00 981.6 24.8 78.1
2022-01-14T04:58:00 981.7 24.8 78.9
2022-01-14T04:59:00 981.7 24.7 79.5
2022-01-14T05:00:00 981.7 24.7 79.3
2022-01-14T05:01:00 981.7 24.6 79.6
2022-01-14T05:02:00 981.8 24.5 79.7
2022-01-14T05:03:00 981.8 24.5 79.7
2022-01-14T05:04:00 981.7 24.6 79.5
2022-01-14T05:05:00 981.7 24.6 79.3
2022-01-14T05:06:00 981.7 24.7 79.0
2022-01-14T05:07:00 981.7 24.7 78.7
2022-01-14T05:08:00 981.7 24.7 78.6
2022-01-14T05:09:00 981.6 24.8 78.0
2022-01-14T05:10:00 981.6 24.9 77.7
2022-01-14T05:11:00 981.6 24.9 77.6
2022-01-14T05:12:00 981.6 24.8 78.5
2022-01-14T05:13:00 981.6 24.5 80.7
2022-01-14T05:14:00 981.6 24.4 80.9
2022-01-14T05:15:00 981.6 24.3 81.1
2022-01-14T05:16:00 981.6 24.4 80.8
2022-01-14T05:17:00 981.6 24.5 80.8
2022-01-14T05:18:00 981.6 24.5 80.9
2022-01-14T05:19:00 981.5 24.5 80.8
2022-01-14T05:20:00 981.5 24.5 81.4
2022-01-14T05:21:00 981.5 24.5 81.6
2022-01-14T05:22:00 981.5 24.5 81.5
2022-01-14T05:23:00 981.5 24.5 81.8
2022-01-14T05:24:00 981.5 24.5 82.1
2022-01-14T05:25:00 981.5 24.5 82.5
2022-01-14T05:26:00 981.5 24.5 82.3
2022-01-14T05:27:00 981.4 24.5 82.1
2022-01-14T05:28:00 981.4 24.5 82.3
2022-01-14T05:29:00 981.4 24.5 82.5
2022-01-14T05:30:00 981.4 24.5 82.5
2022-01-14T05:31:00 981.4 24.4 82.8
2022-01-14T05:32:00 981.4 24.4 83.1
2022-01-14T05:33:00 981.3 24.4 83.2
2022-01-14T05:34:00 981.3 24.4 83.2
2022-01-14T05:35:00 981.3 24.4 83.3
2022-01-14T05:36:00 981.3 24.4 83.4
2022-01-14T05:37:00 981.3 24.4 83.4
2022-01-14T05:38:00 981.3 24.4 83.3
2022-01-14T05:39:00 981.3 24.4 83.3
2022-01-14T05:40:00 981.3 24.4 83.4
2022-01-14T05:41:00 981.2 24.4 83.9
2022-01-14T05:42:00 981.2 24.4 84.0
2022-01-14T05:43:00 981.3 24.3 84.1
2022-01-14T05:44:00 981.3 24.3 84.4
2022-01-14T09:45:00 983.8 27.1 75.6
2022-01-14T09:46:00 983.8 27.1 76.1
2022-01-14T09:47:00 983.8 27.4 75.1
2022-01-14T09:48:00 983.9 27.5 74.6
2022-01-14T09:49:00 983.9 27.8 74.2
2022-01-14T09:50:00 983.9 27.9 73.1
2022-01-14T09:51:00 984.0 28.0 72.5
2022-01-14T09:52:00 984.0 27.9 72.5
2022-01-14T09:53:00 984.0 28.2 71.3
2022-01-14T09:54:00 984.0 28.3 70.3
2022-01-14T09:55:00 984.0 28.3 70.1
2022-01-14T09:56:00 984.0 28.0 70.6
2022-01-14T09:57:00 984.0 27.9 71.2
2022-01-14T09:58:00 984.0 27.9 71.4
2022-01-14T09:59:00 984.0 27.6 71.2
2022-01-14T10:00:00 984.0 27.5 71.9
2022-01-14T10:01:00 984.0 27.5 72.7
2022-01-14T10:02:00 984.0 27.7 72.1
2022-01-14T10:03:00 984.0 28.0 71.4
2022-01-14T10:04:00 984.0 28.1 70.5
2022-01-14T10:05:00 984.0 28.2 70.3
2022-01-14T10:06:00 984.0 28.4 70.4
2022-01-14T10:07:00 984.1 28.3 69.8
2022-01-14T10:08:00 984.1 28.6 68.9
2022-01-14T10:09:00 984.1 28.6 69.0
2022-01-14T10:10:00 984.2 28.5 69.1
2022-01-14T10:11:00 984.2 28.3 70.2
2022-01-14T10:12:00 984.2 28.5 71.5
2022-01-14T10:13:00 984.2 28.4 72.1
2022-01-14T10:14:00 984.2 28.5 72.2
2022-01-14T10:15:00 984.2 28.8 72.1
2022-01-14T10:16:00 984.2 28.8 71.2
2022-01-14T10:17:00 984.2 28.4 71.7
2022-01-14T10:18:00 984.2 28.0 72.9
2022-01-14T10:19:00 984.2 27.6 73.8
2022-01-14T10:20:00 984.2 27.5 73.8
2022-01-14T10:21:00 984.2 27.5 73.9
2022-01-14T10:22:00 984.2 27.5 74.9
2022-01-14T10:23:00 984.2 27.4 75.0
2022-01-14T10:24:00 984.2 27.8 73.2
2022-01-14T10:25:00 984.2 28.1 72.7
2022-01-14T10:26:00 984.3 28.3 72.1
2022-01-14T10:27:00 984.3 28.3 71.3
2022-01-14T10:28:00 984.3 28.2 72.1
2022-01-14T10:29:00 984.3 28.0 72.5
2022-01-14T10:30:00 984.3 27.7 73.6
2022-01-14T10:31:00 984.3 27.4 75.2
2022-01-14T10:32:00 984.3 27.4 76.2
2022-01-14T10:33:00 984.3 27.3 75.9
2022-01-14T10:34:00 984.3 27.0 77.1
2022-01-14T10:35:00 984.3 26.8 78.0
2022-01-14T10:36:00 984.3 26.7 78.8
2022-01-14T10:37:00 984.3 26.6 78.8
2022-01-14T10:38:00 984.3 26.6 79.0
2022-01-14T10:39:00 984.3 26.5 80.0
2022-01-14T10:40:00 984.3 26.5 80.4
2022-01-14T10:41:00 984.3 26.4 79.2
2022-01-14T10:42:00 984.3 26.4 79.6
2022-01-14T10:43:00 984.3 26.6 79.3
2022-01-14T10:44:00 984.3 26.5 78.8
2022-01-14T10:45:00 984.3 26.7 79.3
2022-01-14T10:46:00 984.4 26.8 78.4
2022-01-14T10:47:00 984.4 26.9 76.9
2022-01-14T10:48:00 984.4 27.0 77.3
2022-01-14T10:49:00 984.4 27.1 78.2
2022-01-14T10:50:00 984.4 27.2 77.4
2022-01-14T10:51:00 984.4 27.4 76.6
2022-01-14T10:52:00 984.4 27.5 75.9
2022-01-14T10:53:00 984.4 27.7 74.7
2022-01-14T10:54:00 984.5 27.5 74.9
2022-01-14T10:55:00 984.5 27.5 74.9
2022-01-14T10:56:00 984.5 27.4 75.2
2022-01-14T10:57:00 984.5 27.3 76.2
2022-01-14T10:58:00 984.5 27.3 76.5
2022-01-14T10:59:00 984.5 27.7 75.5
2022-01-14T11:00:00 984.5 28.1 73.5
2022-01-14T11:01:00 984.5 28.0 72.9
2022-01-14T11:02:00 984.5 27.8 74.3
2022-01-14T11:03:00 984.6 27.9 73.8
2022-01-14T11:04:00 984.6 27.8 73.7
2022-01-14T11:05:00 984.6 27.6 74.7
2022-01-14T11:06:00 984.6 27.6 75.0
2022-01-14T11:07:00 984.6 27.8 74.1
2022-01-14T11:08:00 984.6 27.9 73.8
2022-01-14T11:09:00 984.6 28.1 73.5
2022-01-14T11:10:00 984.6 28.1 73.4
2022-01-14T11:11:00 984.6 28.0 73.2
2022-01-14T11:12:00 984.7 27.6 73.5
2022-01-14T11:13:00 984.7 27.6 74.8
2022-01-14T11:14:00 984.7 28.4 73.5
2022-01-14T11:15:00 984.7 29.0 71.2
2022-01-14T11:16:00 984.7 29.0 70.5
2022-01-14T11:17:00 984.7 29.0 70.2
2022-01-14T11:18:00 984.7 29.2 69.8
2022-01-14T11:19:00 984.7 29.3 69.8
2022-01-14T11:20:00 984.7 29.5 68.7
2022-01-14T11:21:00 984.7 29.1 69.3
2022-01-14T11:22:00 984.8 29.0 69.3
2022-01-14T11:23:00 984.8 28.7 69.8
2022-01-14T11:24:00 984.8 28.6 70.6
2022-01-14T11:25:00 984.8 28.4 70.5
2022-01-14T11:26:00 984.8 28.3 71.1
2022-01-14T11:27:00 984.8 28.5 71.3
2022-01-14T11:28:00 984.8 28.8 70.8
2022-01-14T11:29:00 984.8 28.8 70.1
2022-01-14T11:30:00 984.8 28.7 70.0
2022-01-14T11:31:00 984.8 28.5 71.0
2022-01-14T11:32:00 984.8 28.8 70.3
2022-01-14T11:33:00 984.8 29.4 68.3
2022-01-14T11:34:00 984.8 30.0 66.9
2022-01-14T11:35:00 984.8 30.3 65.8
2022-01-14T11:36:00 984.9 30.4 64.7
2022-01-14T11:37:00 984.9 30.2 64.2
2022-01-14T11:38:00 984.9 30.0 65.2
2022-01-14T11:39:00 984.9 29.8 67.7
2022-01-14T11:40:00 984.9 29.4 68.5
2022-01-14T11:41:00 984.9 29.0 69.9
2022-01-14T11:42:00 984.9 29.0 70.2
2022-01-14T11:43:00 984.9 29.0 69.9
2022-01-14T11:44:00 984.9 29.0 70.7
2022-01-14T11:45:00 984.9 28.8 71.0
2022-01-14T11:46:00 985.0 28.9 70.7
2022-01-14T11:47:00 985.0 28.8 70.2
2022-01-14T11:48:00 985.0 28.9 70.7
2022-01-14T11:49:00 985.0 28.9 71.2
2022-01-14T11:50:00 985.0 29.0 70.0
2022-01-14T11:51:00 985.0 29.0 70.8
2022-01-14T11:52:00 985.0 29.1 70.8
2022-01-14T11:53:00 985.0 29.0 68.5
2022-01-14T11:54:00 985.0 29.0 68.7
2022-01-14T11:55:00 985.0 29.2 69.4
2022-01-14T11:56:00 985.0 29.6 68.0
2022-01-14T11:57:00 985.0 29.8 67.7
2022-01-14T11:58:00 985.0 29.8 67.4
2022-01-14T11:59:00 985.1 29.4 69.1
2022-01-14T12:00:00 985.1 28.9 70.1
2022-01-14T12:01:00 985.1 28.3 72.3
2022-01-14T12:02:00 985.1 28.2 73.7
2022-01-14T12:03:00 985.1 28.1 74.0
2022-01-14T12:04:00 985.1 28.0 73.9
2022-01-14T12:05:00 985.1 27.8 75.3
2022-01-14T12:06:00 985.1 27.6 76.2
2022-01-14T12:07:00 985.1 27.7 75.9
2022-01-14T12:08:00 985.1 27.6 75.9
2022-01-14T12:09:00 985.1 27.7 76.4
2022-01-14T12:10:00 985.1 27.9 75.7
2022-01-14T12:11:00 985.1 28.3 75.4
2022-01-14T12:12:00 985.1 28.5 72.9
2022-01-14T12:13:00 985.1 28.5 72.4
2022-01-14T12:14:00 985.1 28.5 71.5
2022-01-14T12:15:00 985.1 28.6 70.7
2022-01-14T12:16:00 985.1 28.7 69.9
2022-01-14T12:17:00 985.2 28.9 70.1
2022-01-14T12:18:00 985.2 29.3 69.2
2022-01-14T12:19:00 985.2 29.4 69.1
2022-01-14T12:20:00 985.2 28.9 70.7
2022-01-14T12:21:00 985.2 28.6 72.5
2022-01-14T12:22:00 985.1 28.9 71.8
2022-01-14T12:23:00 985.1 29.0 69.7
2022-01-14T12:24:00 985.1 28.5 71.7
2022-01-14T12:25:00 985.1 28.3 72.3
2022-01-14T12:26:00 985.1 28.4 72.7
2022-01-14T12:27:00 985.1 28.6 71.2
2022-01-14T12:28:00 985.1 28.9 69.7
2022-01-14T12:29:00 985.1 29.1 70.4
2022-01-14T12:30:00 985.1 29.6 69.2
2022-01-14T12:31:00 985.1 29.5 67.2
2022-01-14T12:32:00 985.1 29.8 68.1
2022-01-14T12:33:00 985.1 30.4 65.2
2022-01-14T12:34:00 985.1 30.6 64.7
2022-01-14T12:35:00 985.1 30.6 64.9
2022-01-14T12:36:00 985.0 30.4 64.6
2022-01-14T12:37:00 985.0 30.2 65.3
2022-01-14T12:38:00 985.0 30.2 64.9
2022-01-14T12:39:00 985.0 30.0 65.6
2022-01-14T12:40:00 985.0 30.2 65.7
2022-01-14T12:41:00 985.0 30.3 65.6
2022-01-14T12:42:00 984.9 30.5 65.2
2022-01-14T12:43:00 984.9 30.3 64.5
2022-01-14T12:44:00 984.9 30.1 66.3
2022-01-14T12:45:00 984.9 30.1 65.0
2022-01-14T12:46:00 984.9 30.2 64.8
2022-01-14T12:47:00 984.9 30.1 64.7
2022-01-14T12:48:00 985.0 30.1 63.7
2022-01-14T12:49:00 985.0 30.0 63.0
2022-01-14T12:50:00 985.0 29.9 64.0
2022-01-14T12:51:00 984.9 29.7 62.9
2022-01-14T12:52:00 984.9 29.5 63.9
2022-01-14T12:53:00 984.9 29.7 64.3
2022-01-14T12:54:00 984.9 30.0 63.8
2022-01-14T12:55:00 984.9 30.2 63.6
2022-01-14T12:56:00 984.9 30.3 62.1
2022-01-14T12:57:00 985.0 30.4 61.5
2022-01-14T12:58:00 984.9 30.2 62.6
2022-01-14T12:59:00 984.9 30.4 60.4
2022-01-14T13:00:00 984.9 30.2 61.1
2022-01-14T13:01:00 984.9 30.3 60.8
2022-01-14T13:02:00 984.9 30.4 60.4
2022-01-14T13:03:00 984.9 30.0 61.0
2022-01-14T13:04:00 984.9 30.0 62.0
2022-01-14T13:05:00 984.9 30.0 60.5
2022-01-14T13:06:00 984.9 30.2 61.8
2022-01-14T13:07:00 984.8 30.5 60.1
2022-01-14T13:08:00 984.8 30.7 60.2
2022-01-14T13:09:00 984.8 30.7 59.0
2022-01-14T13:10:00 984.8 30.6 58.4
2022-01-14T13:11:00 984.8 30.4 59.4
2022-01-14T13:12:00 984.8 30.4 59.2
2022-01-14T13:13:00 984.8 30.5 59.3
2022-01-14T13:14:00 984.8 30.9 59.6
2022-01-14T13:15:00 984.8 31.3 57.5
2022-01-14T13:16:00 984.7 31.4 58.4
2022-01-14T13:17:00 984.8 31.2 58.0
2022-01-14T13:18:00 984.8 31.4 58.0
2022-01-14T13:19:00 984.8 31.7 56.3
2022-01-14T13:20:00 984.8 32.1 55.9
2022-01-14T13:21:00 984.8 32.0 55.0
2022-01-14T13:22:00 984.8 31.8 54.9
2022-01-14T13:23:00 984.8 32.0 53.8
2022-01-14T13:24:00 984.8 32.2 53.7
2022-01-14T13:25:00 984.8 32.0 54.4
2022-01-14T13:26:00 984.8 31.9 54.2
2022-01-14T13:27:00 984.8 31.8 54.1
2022-01-14T13:28:00 984.8 31.9 54.5
2022-01-14T13:29:00 984.7 31.4 55.4
2022-01-14T13:30:00 984.7 31.2 56.4
2022-01-14T13:31:00 984.7 31.1 57.9
2022-01-14T13:32:00 984.7 31.7 56.1
2022-01-14T13:33:00 984.7 31.1 55.6
2022-01-14T13:34:00 984.7 31.1 56.5
2022-01-14T13:35:00 984.7 31.1 55.6
2022-01-14T13:36:00 984.7 31.1 56.8
2022-01-14T13:37:00 984.6 31.1 57.3
2022-01-14T13:38:00 984.6 31.4 56.5
2022-01-14T13:39:00 984.6 31.2 55.4
2022-01-14T13:40:00 984.6 31.2 56.3
2022-01-14T13:41:00 984.6 31.2 55.5
2022-01-14T13:42:00 984.6 31.0 56.2
2022-01-14T13:43:00 984.5 31.0 57.4
2022-01-14T13:44:00 984.5 31.6 56.2
2022-01-14T13:45:00 984.5 32.0 55.6
2022-01-14T13:46:00 984.5 32.1 54.1
2022-01-14T13:47:00 984.5 32.3 53.7
2022-01-14T13:48:00 984.5 32.2 52.8
2022-01-14T13:49:00 984.5 32.1 54.2
2022-01-14T13:50:00 984.5 32.2 53.4
2022-01-14T13:51:00 984.5 32.2 53.0
2022-01-14T13:52:00 984.5 32.0 54.2
2022-01-14T13:53:00 984.4 32.2 53.0
2022-01-14T13:54:00 984.4 32.2 53.7
2022-01-14T13:55:00 984.4 32.2 53.0
2022-01-14T13:56:00 984.4 31.8 54.2
2022-01-14T13:57:00 984.4 32.1 54.5
2022-01-14T13:58:00 984.4 32.5 54.0
2022-01-14T13:59:00 984.3 32.6 53.3
2022-01-14T14:00:00 984.3 32.7 53.5
2022-01-14T14:01:00 984.3 33.0 52.2
2022-01-14T14:02:00 984.3 32.8 51.7
2022-01-14T14:03:00 984.3 32.4 52.8
2022-01-14T14:04:00 984.3 32.0 53.8
2022-01-14T14:05:00 984.3 32.1 53.8
2022-01-14T14:06:00 984.3 32.7 53.7
2022-01-14T14:07:00 984.2 33.2 52.6
2022-01-14T14:08:00 984.2 33.8 51.0
2022-01-14T14:09:00 984.2 33.6 50.2
2022-01-14T14:10:00 984.2 33.4 51.3
2022-01-14T14:11:00 984.2 33.5 51.7
2022-01-14T14:12:00 984.2 33.5 50.4
2022-01-14T14:13:00 984.2 33.8 49.5
2022-01-14T14:14:00 984.2 33.4 50.8
2022-01-14T14:15:00 984.2 33.1 51.9
2022-01-14T14:16:00 984.2 33.1 51.2
2022-01-14T14:17:00 984.2 33.3 51.6
2022-01-14T14:18:00 984.2 33.3 51.5
2022-01-14T14:19:00 984.2 33.4 50.9
2022-01-14T14:20:00 984.2 33.0 51.6
2022-01-14T14:21:00 984.2 33.4 51.2
2022-01-14T14:22:00 984.2 33.6 51.0
2022-01-14T14:23:00 984.2 33.7 50.5
2022-01-14T14:24:00 984.2 33.1 50.8
2022-01-14T14:25:00 984.2 32.7 51.5
2022-01-14T14:26:00 984.1 32.5 52.4
2022-01-14T14:27:00 984.1 32.6 53.4
2022-01-14T14:28:00 984.1 33.0 51.9
2022-01-14T14:29:00 984.1 33.0 51.9
2022-01-14T14:30:00 984.1 33.2 51.3
2022-01-14T14:31:00 984.1 33.6 50.8
2022-01-14T14:32:00 984.1 33.9 49.8
2022-01-14T14:33:00 984.0 33.8 49.6
2022-01-14T14:34:00 984.0 34.3 49.3
2022-01-14T14:35:00 984.0 34.8 48.8
2022-01-14T14:36:00 984.0 35.3 46.5
2022-01-14T14:37:00 984.0 34.3 48.4
2022-01-14T14:38:00 984.0 33.3 50.5
2022-01-14T14:39:00 984.0 33.2 52.1
2022-01-14T14:40:00 984.0 33.0 50.8
2022-01-14T14:41:00 984.0 33.4 51.3
2022-01-14T14:42:00 983.9 33.5 50.9
2022-01-14T14:43:00 983.9 33.7 49.8
2022-01-14T14:44:00 983.9 33.7 48.0
2022-01-14T14:45:00 983.9 33.1 49.6
2022-01-14T14:46:00 983.8 32.6 50.9
2022-01-14T14:47:00 983.9 32.6 52.0
2022-01-14T14:48:00 983.8 32.5 51.9
2022-01-14T14:49:00 983.8 32.6 52.5
2022-01-14T14:50:00 983.8 32.6 51.8
2022-01-14T14:51:00 983.8 32.6 52.0
2022-01-14T14:52:00 983.8 32.4 52.3
2022-01-14T14:53:00 983.8 31.9 53.1
2022-01-14T14:54:00 983.8 32.0 53.8
2022-01-14T14:55:00 983.8 32.4 51.7
2022-01-14T14:56:00 983.8 32.8 52.5
2022-01-14T14:57:00 983.8 33.5 50.8
2022-01-14T14:58:00 983.7 33.7 48.5
2022-01-14T14:59:00 983.7 33.4 49.3
2022-01-14T15:00:00 983.7 33.2 48.9
2022-01-14T15:01:00 983.7 33.3 49.4
2022-01-14T15:02:00 983.7 33.2 49.5
2022-01-14T15:03:00 983.7 33.0 49.7
2022-01-14T15:04:00 983.7 32.9 49.5
2022-01-14T15:05:00 983.7 33.1 49.4
2022-01-14T15:06:00 983.7 33.4 49.5
2022-01-14T15:07:00 983.6 33.2 49.1
2022-01-14T15:08:00 983.7 32.9 50.3
2022-01-14T15:09:00 983.6 32.5 51.1
2022-01-14T15:10:00 983.6 32.4 51.6
2022-01-14T15:11:00 983.6 32.0 53.0
2022-01-14T15:12:00 983.6 31.7 53.3
2022-01-14T15:13:00 983.6 31.8 54.2
2022-01-14T15:14:00 983.5 31.9 53.6
2022-01-14T15:15:00 983.5 32.0 52.3
2022-01-14T15:16:00 983.5 31.9 52.5
2022-01-14T15:17:00 983.5 31.5 54.0
2022-01-14T15:18:00 983.5 31.3 54.7
2022-01-14T15:19:00 983.4 31.5 54.2
2022-01-14T15:20:00 983.4 31.8 53.4
2022-01-14T15:21:00 983.4 32.2 54.0
2022-01-14T15:22:00 983.4 32.6 52.7
2022-01-14T15:23:00 983.4 32.8 53.0
2022-01-14T15:24:00 983.3 33.4 51.7
2022-01-14T15:25:00 983.3 33.7 50.9
2022-01-14T15:26:00 983.3 33.7 49.2
2022-01-14T15:27:00 983.3 33.7 49.5
2022-01-14T15:28:00 983.3 33.2 49.3
2022-01-14T15:29:00 983.3 32.5 50.3
2022-01-14T15:30:00 983.3 32.5 52.1
2022-01-14T15:31:00 983.3 32.9 51.9
2022-01-14T15:32:00 983.3 33.5 50.2
2022-01-14T15:33:00 983.3 34.0 48.3
2022-01-14T15:34:00 983.3 34.5 49.6
2022-01-14T15:35:00 983.2 35.0 47.3
2022-01-14T15:36:00 983.3 35.6 46.3
2022-01-14T15:37:00 983.2 35.9 44.6
2022-01-14T15:38:00 983.2 35.7 44.6
2022-01-14T15:39:00 983.2 35.5 45.3
2022-01-14T15:40:00 983.2 35.2 45.0
2022-01-14T15:41:00 983.2 35.1 45.8
2022-01-14T15:42:00 983.2 35.1 45.9
2022-01-14T15:43:00 983.2 35.2 45.6
2022-01-14T15:44:00 983.2 35.5 45.5
2022-01-14T15:45:00 983.2 35.4 45.6
2022-01-14T15:46:00 983.1 35.4 44.6
2022-01-14T15:47:00 983.1 35.2 45.3
2022-01-14T15:48:00 983.1 35.3 45.2
2022-01-14T15:49:00 983.1 35.3 44.9
2022-01-14T15:50:00 983.1 34.9 45.2
2022-01-14T15:51:00 983.0 34.6 45.7
2022-01-14T15:52:00 983.0 34.6 46.0
2022-01-14T15:53:00 983.0 34.6 46.7
2022-01-14T15:54:00 983.0 35.1 46.1
2022-01-14T15:55:00 983.0 35.7 44.5
2022-01-14T15:56:00 982.9 35.3 44.4
2022-01-14T15:57:00 982.9 35.1 45.9
2022-01-14T15:58:00 982.9 35.3 45.4
2022-01-14T15:59:00 982.9 35.4 45.1
2022-01-14T16:00:00 982.9 35.2 46.4
2022-01-14T16:01:00 982.9 35.1 46.4
2022-01-14T16:02:00 982.9 35.1 46.2
2022-01-14T16:03:00 982.9 34.8 45.8
2022-01-14T16:04:00 982.8 33.9 48.0
2022-01-14T16:05:00 982.8 33.2 49.3
2022-01-14T16:06:00 982.8 32.9 50.4
2022-01-14T16:07:00 982.8 32.6 51.7
2022-01-14T16:08:00 982.8 32.5 52.0
2022-01-14T16:09:00 982.8 32.5 52.8
2022-01-14T16:10:00 982.8 32.2 52.5
2022-01-14T16:11:00 982.8 32.5 51.8
2022-01-14T16:12:00 982.7 33.0 51.5
2022-01-14T16:13:00 982.7 33.8 48.9
2022-01-14T16:14:00 982.7 34.2 49.3
2022-01-14T16:15:00 982.7 34.3 47.8
2022-01-14T16:16:00 982.7 34.3 47.1
2022-01-14T16:17:00 982.7 34.2 48.2
2022-01-14T16:18:00 982.7 34.7 47.7
2022-01-14T16:19:00 982.7 34.7 49.0
2022-01-14T16:20:00 982.6 34.6 47.9
2022-01-14T16:21:00 982.6 34.4 48.0
2022-01-14T16:22:00 982.6 33.9 48.5
2022-01-14T16:23:00 982.5 33.3 50.4
2022-01-14T16:24:00 982.5 32.9 52.1
2022-01-14T16:25:00 982.5 32.5 52.5
2022-01-14T16:26:00 982.5 32.3 53.7
2022-01-14T16:27:00 982.5 32.3 53.3
2022-01-14T16:28:00 982.5 32.2 53.6
2022-01-14T16:29:00 982.5 32.2 54.6
2022-01-14T16:30:00 982.5 32.0 54.6
2022-01-14T16:31:00 982.5 32.0 56.0
2022-01-14T16:32:00 982.4 32.1 54.3
2022-01-14T16:33:00 982.4 32.1 54.2
2022-01-14T16:34:00 982.4 32.1 53.9
2022-01-14T16:35:00 982.4 32.3 53.6
2022-01-14T16:36:00 982.4 32.5 55.0
2022-01-14T16:37:00 982.3 32.6 54.2
2022-01-14T16:38:00 982.3 32.6 52.6
2022-01-14T16:39:00 982.3 32.7 52.9
2022-01-14T16:40:00 982.3 33.1 52.2
2022-01-14T16:41:00 982.3 33.6 51.0
2022-01-14T16:42:00 982.3 33.9 50.0
2022-01-14T16:43:00 982.3 34.3 48.4
2022-01-14T16:44:00 982.3 34.4 48.9
2022-01-14T16:45:00 982.2 34.6 47.7
2022-01-14T16:46:00 982.2 34.6 48.5
2022-01-14T16:47:00 982.3 34.3 47.3
2022-01-14T16:48:00 982.2 33.5 49.7
2022-01-14T16:49:00 982.2 33.5 50.1
2022-01-14T16:50:00 982.2 33.2 50.6
2022-01-14T16:51:00 982.2 33.3 50.8
2022-01-14T16:52:00 982.2 33.4 51.6
2022-01-14T16:53:00 982.2 33.8 49.9
2022-01-14T16:54:00 982.1 34.2 49.0
2022-01-14T16:55:00 982.1 34.3 47.9
2022-01-14T16:56:00 982.0 34.1 50.1
2022-01-14T16:57:00 982.0 34.0 48.5
2022-01-14T16:58:00 982.0 33.9 49.8
2022-01-14T16:59:00 982.0 34.1 49.0
2022-01-14T17:00:00 982.0 34.1 49.2
2022-01-14T17:01:00 982.0 34.3 48.5
2022-01-14T17:02:00 982.0 34.3 48.3
2022-01-14T17:03:00 982.0 34.0 47.9
2022-01-14T17:04:00 982.0 33.9 49.5
2022-01-14T17:05:00 982.0 33.8 49.3
2022-01-14T17:06:00 982.0 34.1 48.6
2022-01-14T17:07:00 981.9 34.2 47.9
2022-01-14T17:08:00 981.9 34.1 49.0
2022-01-14T17:09:00 981.9 33.9 48.6
2022-01-14T17:10:00 981.9 33.7 50.4
2022-01-14T17:11:00 981.8 34.0 49.5
2022-01-14T17:12:00 981.8 34.0 48.1
2022-01-14T17:13:00 981.8 34.0 49.0
2022-01-14T17:14:00 981.8 34.4 49.2
2022-01-14T17:15:00 981.7 34.6 48.4
2022-01-14T17:16:00 981.7 34.9 48.2
2022-01-14T17:17:00 981.7 35.4 47.8
2022-01-14T17:18:00 981.7 35.3 46.5
2022-01-14T17:19:00 981.7 35.3 46.8
2022-01-14T17:20:00 981.6 35.0 46.9
2022-01-14T17:21:00 981.6 34.3 48.4
2022-01-14T17:22:00 981.6 33.5 50.2
2022-01-14T17:23:00 981.6 33.2 51.3
2022-01-14T17:24:00 981.6 33.0 52.2
2022-01-14T17:25:00 981.6 32.9 51.7
2022-01-14T17:26:00 981.6 32.8 52.7
2022-01-14T17:27:00 981.5 33.2 52.2
2022-01-14T17:28:00 981.5 33.6 52.5
2022-01-14T17:29:00 981.5 34.2 50.6
2022-01-14T17:30:00 981.5 34.4 49.7
2022-01-14T17:31:00 981.5 34.3 50.6
2022-01-14T17:32:00 981.5 34.7 50.1
2022-01-14T17:33:00 981.4 35.1 48.0
2022-01-14T17:34:00 981.4 35.3 47.1
2022-01-14T17:35:00 981.4 34.8 47.6
2022-01-14T17:36:00 981.3 34.6 47.5
2022-01-14T17:37:00 981.3 34.4 49.6
2022-01-14T17:38:00 981.3 34.3 48.1
2022-01-14T17:39:00 981.3 34.2 49.9
2022-01-14T17:40:00 981.2 34.0 48.8
2022-01-14T17:41:00 981.2 34.3 48.8
2022-01-14T17:42:00 981.2 34.1 48.5
2022-01-14T17:43:00 981.2 33.8 49.7
2022-01-14T17:44:00 981.2 33.7 50.4
2022-01-14T17:45:00 981.2 33.7 50.1
2022-01-14T17:46:00 981.3 33.9 50.1
2022-01-14T17:47:00 981.3 34.3 48.9
2022-01-14T17:48:00 981.3 34.3 47.7
2022-01-14T17:49:00 981.2 34.4 47.9
2022-01-14T17:50:00 981.2 34.2 48.2
2022-01-14T17:51:00 981.3 34.0 49.1
2022-01-14T17:52:00 981.3 33.9 49.5
2022-01-14T17:53:00 981.2 33.6 49.8
2022-01-14T17:54:00 981.3 33.2 50.7
2022-01-14T17:55:00 981.2 32.5 55.3
2022-01-14T17:56:00 981.2 32.0 57.1
2022-01-14T17:57:00 981.2 31.5 58.1
2022-01-14T17:58:00 981.2 31.0 57.7
2022-01-14T17:59:00 981.2 30.7 62.0
2022-01-14T18:00:00 981.2 30.5 60.4
2022-01-14T18:01:00 981.1 30.4 60.7
2022-01-14T18:02:00 981.1 30.3 64.6
2022-01-14T18:03:00 981.1 30.3 66.7
2022-01-14T18:04:00 981.1 30.3 65.9
2022-01-14T18:05:00 981.0 30.5 64.3
2022-01-14T18:06:00 981.0 30.6 67.1
2022-01-14T18:07:00 980.9 30.6 65.9
2022-01-14T18:08:00 980.9 30.8 64.7
2022-01-14T18:09:00 980.9 31.1 65.5
2022-01-14T18:10:00 980.8 31.3 63.8
2022-01-14T18:11:00 980.8 31.5 66.8
2022-01-14T18:12:00 980.8 31.7 66.7
2022-01-14T18:13:00 980.8 31.9 63.6
2022-01-14T18:14:00 980.8 32.0 60.7
2022-01-14T18:15:00 980.8 32.0 60.9
2022-01-14T18:16:00 980.8 31.9 60.3
2022-01-14T18:17:00 980.8 32.2 58.0
2022-01-14T18:18:00 980.7 32.5 57.8
2022-01-14T18:19:00 980.7 32.5 57.3
2022-01-14T18:20:00 980.7 32.7 56.5
2022-01-14T18:21:00 980.7 32.7 58.2
2022-01-14T18:22:00 980.7 32.9 56.0
2022-01-14T18:23:00 980.6 32.6 54.5
2022-01-14T18:24:00 980.6 32.4 57.8
2022-01-14T18:25:00 980.6 32.5 58.5
2022-01-14T18:26:00 980.6 32.7 54.8
2022-01-14T18:27:00 980.6 32.4 54.6
2022-01-14T18:28:00 980.6 32.5 55.3
2022-01-14T18:29:00 980.6 32.5 54.4
2022-01-14T18:30:00 980.6 32.3 55.1
2022-01-14T18:31:00 980.6 32.3 55.8
2022-01-14T18:32:00 980.6 32.2 55.3
2022-01-14T18:33:00 980.6 32.3 56.5
2022-01-14T18:34:00 980.7 32.7 53.6
2022-01-14T18:35:00 980.7 32.7 53.2
2022-01-14T18:36:00 980.7 32.5 53.0
2022-01-14T18:37:00 980.7 32.4 54.2
2022-01-14T18:38:00 980.7 32.4 53.7
2022-01-14T18:39:00 980.7 32.2 54.9
2022-01-14T18:40:00 980.6 32.1 53.5
2022-01-14T18:41:00 980.6 32.1 54.7
2022-01-14T18:42:00 980.6 32.2 55.3
2022-01-14T18:43:00 980.6 32.6 54.2
2022-01-14T18:44:00 980.5 33.0 54.5
2022-01-14T18:45:00 980.5 33.0 52.1
2022-01-14T18:46:00 980.5 32.9 53.3
2022-01-14T18:47:00 980.5 33.0 53.4
2022-01-14T18:48:00 980.5 33.3 51.5
2022-01-14T18:49:00 980.5 33.5 50.9
2022-01-14T18:50:00 980.4 33.6 51.3
2022-01-14T18:51:00 980.4 33.6 52.2
2022-01-14T18:52:00 980.4 33.8 51.7
2022-01-14T18:53:00 980.4 34.0 49.7
2022-01-14T18:54:00 980.4 34.2 50.1
2022-01-14T18:55:00 980.4 34.4 47.2
2022-01-14T18:56:00 980.4 34.2 49.1
2022-01-14T18:57:00 980.4 34.2 48.3
2022-01-14T18:58:00 980.4 34.2 47.0
2022-01-14T18:59:00 980.4 34.4 48.6
2022-01-14T19:00:00 980.4 34.6 48.8
2022-01-14T19:01:00 980.4 34.6 47.3
2022-01-14T19:02:00 980.3 34.4 48.8
2022-01-14T19:03:00 980.3 34.6 47.5
2022-01-14T19:04:00 980.2 34.6 47.6
2022-01-14T19:05:00 980.1 34.7 47.5
2022-01-14T19:06:00 980.1 34.5 47.7
2022-01-14T19:07:00 980.1 33.9 48.3
2022-01-14T19:08:00 980.0 33.4 50.2
2022-01-14T19:09:00 980.0 33.4 51.0
2022-01-14T19:10:00 980.0 33.4 49.7
2022-01-14T19:11:00 980.0 33.3 50.7
2022-01-14T19:12:00 979.9 33.0 50.3
2022-01-14T19:13:00 979.9 32.7 51.4
2022-01-14T19:14:00 979.9 32.6 52.5
2022-01-14T19:15:00 980.0 32.6 52.0
2022-01-14T19:16:00 980.1 32.8 52.2
2022-01-14T19:17:00 980.2 32.9 52.1
2022-01-14T19:18:00 980.3 33.1 50.6
2022-01-14T19:19:00 980.3 33.1 51.0
2022-01-14T19:20:00 980.4 33.2 50.2
2022-01-14T19:21:00 980.4 33.4 49.9
2022-01-14T19:22:00 980.4 33.4 50.4
2022-01-14T19:23:00 980.3 33.5 49.6
2022-01-14T19:24:00 980.3 33.6 50.1
2022-01-14T19:25:00 980.2 33.6 50.0
2022-01-14T19:26:00 980.2 33.7 49.0
2022-01-14T19:27:00 980.2 33.5 50.4
2022-01-14T19:28:00 980.2 32.9 50.2
2022-01-14T19:29:00 980.2 32.5 52.6
2022-01-14T19:30:00 980.2 32.4 52.9
2022-01-14T19:31:00 980.2 32.4 53.8
2022-01-14T19:32:00 980.2 32.4 53.9
2022-01-14T19:33:00 980.2 32.1 53.6
2022-01-14T19:34:00 980.2 32.0 53.7
2022-01-14T19:35:00 980.2 32.0 53.5
2022-01-14T19:36:00 980.2 32.0 54.1
2022-01-14T19:37:00 980.1 31.9 54.5
2022-01-14T19:38:00 980.0 31.9 53.7
2022-01-14T19:39:00 979.9 31.7 55.2
2022-01-14T19:40:00 979.9 31.6 55.3
2022-01-14T19:41:00 979.9 31.5 55.9
2022-01-14T19:42:00 979.9 31.4 56.1
2022-01-14T19:43:00 979.9 31.4 55.4
2022-01-14T19:44:00 980.0 31.4 56.5
2022-01-14T19:45:00 980.1 31.2 56.5
2022-01-14T19:46:00 980.1 31.1 57.0
2022-01-14T19:47:00 980.2 31.0 57.1
2022-01-14T19:48:00 980.3 31.0 57.3
2022-01-14T19:49:00 980.3 30.9 57.8
2022-01-14T19:50:00 980.4 30.8 59.2
2022-01-14T19:51:00 980.4 30.7 61.1
2022-01-14T19:52:00 980.5 30.3 61.9
2022-01-14T19:53:00 980.5 30.0 65.3
2022-01-14T19:54:00 980.7 29.4 66.9
2022-01-14T19:55:00 980.8 29.1 69.3
2022-01-14T19:56:00 980.9 28.7 70.9
2022-01-14T19:57:00 981.0 28.5 69.5
2022-01-14T19:58:00 981.2 28.4 70.8
2022-01-14T19:59:00 981.4 28.3 70.8
2022-01-14T20:00:00 981.7 28.0 73.0
2022-01-14T20:02:00 980.8 27.1 66.2
2022-01-14T20:03:00 980.7 26.6 64.3
2022-01-14T20:04:00 980.6 26.5 63.5
2022-01-14T20:05:00 980.7 26.3 66.4
2022-01-14T20:06:00 980.7 26.2 70.9
2022-01-14T20:07:00 980.8 25.6 75.2
2022-01-14T20:08:00 980.8 25.5 78.9
2022-01-14T20:09:00 980.8 25.6 80.1
2022-01-14T20:10:00 980.8 25.6 80.5
2022-01-14T20:11:00 980.9 25.5 81.1
2022-01-14T20:12:00 981.0 25.5 81.6
2022-01-14T20:13:00 981.0 25.6 81.2
2022-01-14T20:14:00 981.2 25.7 82.4
2022-01-14T20:15:00 981.2 25.6 83.7
2022-01-14T20:16:00 981.2 25.7 82.7
2022-01-14T20:17:00 981.1 25.8 80.7
2022-01-14T20:18:00 981.0 25.9 81.1
2022-01-14T20:19:00 981.0 25.9 81.3
2022-01-14T20:20:00 981.1 25.9 81.0
2022-01-14T20:21:00 981.2 26.0 77.9
2022-01-14T20:22:00 981.4 26.4 75.0
2022-01-14T20:23:00 981.5 26.6 72.9
2022-01-14T20:24:00 981.6 26.6 71.0
2022-01-14T20:25:00 981.9 26.6 72.2
2022-01-14T20:26:00 981.9 26.5 71.6
2022-01-14T20:27:00 982.0 26.3 72.3
2022-01-14T20:28:00 982.0 26.2 75.0
2022-01-14T20:29:00 982.1 25.9 74.1
2022-01-14T20:30:00 982.2 25.8 75.0
2022-01-14T20:31:00 982.4 25.8 76.1
2022-01-14T20:32:00 982.5 25.7 75.8
2022-01-14T20:33:00 982.6 25.4 78.2
2022-01-14T20:34:00 982.8 24.9 80.7
2022-01-14T20:35:00 982.9 24.3 81.6
2022-01-14T20:36:00 983.1 23.8 83.6
2022-01-14T20:37:00 983.2 23.5 84.2
2022-01-14T20:38:00 983.2 23.3 84.8
2022-01-14T20:39:00 983.2 23.3 86.2
2022-01-14T20:40:00 983.2 23.2 88.0
2022-01-14T20:41:00 983.0 23.0 88.5
2022-01-14T20:42:00 983.0 23.0 88.6
2022-01-14T20:43:00 982.9 23.1 88.5
2022-01-14T20:44:00 982.7 23.1 87.7
2022-01-14T20:45:00 982.6 23.0 88.3
2022-01-14T20:46:00 982.4 22.9 89.3
2022-01-14T20:47:00 982.2 22.7 90.4
2022-01-14T20:48:00 981.9 22.6 91.2
2022-01-14T20:49:00 981.6 22.5 91.5
2022-01-14T20:50:00 981.3 22.4 92.0
2022-01-14T20:51:00 981.2 22.4 91.8
2022-01-14T20:52:00 981.2 22.4 92.3
2022-01-14T20:53:00 981.2 22.4 92.9
2022-01-14T20:54:00 981.2 22.4 93.6
2022-01-14T20:55:00 981.1 22.4 94.1
2022-01-14T20:56:00 981.0 22.4 94.2
2022-01-14T20:57:00 981.0 22.4 94.3
2022-01-14T20:58:00 980.9 22.3 94.3
2022-01-14T20:59:00 980.9 22.4 94.4
2022-01-14T21:00:00 981.0 22.4 94.1
2022-01-14T21:01:00 981.0 22.5 94.1
2022-01-14T21:02:00 981.0 22.4 93.8
2022-01-14T21:03:00 980.9 22.5 93.8
2022-01-14T21:04:00 980.9 22.5 93.7
2022-01-14T21:05:00 980.9 22.5 93.6
2022-01-14T21:06:00 980.8 22.5 93.7
2022-01-14T21:07:00 980.7 22.5 93.8
2022-01-14T21:08:00 980.8 22.6 93.8
2022-01-14T21:09:00 980.8 22.6 93.9
2022-01-14T21:10:00 980.9 22.6 93.9
2022-01-14T21:11:00 981.0 22.6 94.0
2022-01-14T21:12:00 981.0 22.7 94.0
2022-01-14T21:13:00 981.0 22.8 93.9
2022-01-14T21:14:00 981.0 22.8 93.5
2022-01-14T21:15:00 981.0 22.8 92.8
2022-01-14T21:16:00 980.9 23.0 92.4
2022-01-14T21:17:00 980.9 22.9 90.6
2022-01-14T21:18:00 981.0 23.0 89.7
2022-01-14T21:19:00 981.0 22.9 88.9
2022-01-14T21:20:00 981.0 22.9 88.9
2022-01-14T21:21:00 981.0 22.9 89.2
2022-01-14T21:22:00 981.0 22.9 89.3
2022-01-14T21:23:00 981.0 22.9 89.6
2022-01-14T21:24:00 981.0 22.7 89.5
2022-01-14T21:25:00 981.0 22.7 89.9
2022-01-14T21:26:00 981.0 22.7 90.0
2022-01-14T21:27:00 981.0 22.7 90.1
2022-01-14T21:28:00 981.0 22.7 90.5
2022-01-14T21:29:00 981.0 22.7 90.6
2022-01-14T21:30:00 981.0 22.7 90.7
2022-01-14T21:31:00 981.0 22.7 90.8
2022-01-14T21:32:00 980.9 22.7 90.5
2022-01-14T21:33:00 980.9 22.7 90.6
2022-01-14T21:34:00 980.9 22.6 90.8
2022-01-14T21:35:00 980.9 22.6 91.0
2022-01-14T21:36:00 980.8 22.6 91.0
2022-01-14T21:37:00 980.8 22.7 91.4
2022-01-14T21:38:00 980.8 22.6 91.4
2022-01-14T21:39:00 980.9 22.6 90.9
2022-01-14T21:40:00 980.9 22.7 90.8
2022-01-14T21:41:00 980.9 22.7 90.5
2022-01-14T21:42:00 981.0 22.7 90.4
2022-01-14T21:43:00 981.0 22.7 90.1
2022-01-14T21:44:00 981.0 22.8 89.9
2022-01-14T21:45:00 981.0 22.8 89.9
2022-01-14T21:46:00 981.1 22.8 89.7
2022-01-14T21:47:00 981.1 22.9 89.4
2022-01-14T21:48:00 981.1 22.9 89.3
2022-01-14T21:49:00 981.2 23.0 89.2
2022-01-14T21:50:00 981.2 23.0 89.1
2022-01-14T21:51:00 981.3 23.1 89.3
2022-01-14T21:52:00 981.3 23.1 89.1
2022-01-14T21:53:00 981.3 23.1 89.8
2022-01-14T21:54:00 981.3 23.2 89.8
2022-01-14T21:55:00 981.3 23.2 90.2
2022-01-14T21:56:00 981.4 23.2 90.4
2022-01-14T21:57:00 981.5 23.2 90.5
2022-01-14T21:58:00 981.5 23.1 90.5
2022-01-14T21:59:00 981.5 23.1 90.1
2022-01-14T22:00:00 981.6 23.2 89.6
2022-01-14T22:01:00 981.6 23.2 89.9
2022-01-14T22:02:00 981.7 23.3 90.7
2022-01-14T22:03:00 981.7 23.3 91.2
2022-01-14T22:04:00 981.7 23.2 91.3
2022-01-14T22:05:00 981.6 23.2 91.4
2022-01-14T22:06:00 981.6 23.0 90.8
2022-01-14T22:07:00 981.6 23.0 91.0
2022-01-14T22:08:00 981.5 23.0 91.0
2022-01-14T22:09:00 981.5 22.9 91.0
2022-01-14T22:10:00 981.6 22.9 90.6
2022-01-14T22:11:00 981.6 22.9 90.9
2022-01-14T22:12:00 981.6 22.9 91.0
2022-01-14T22:13:00 981.7 22.9 90.8
2022-01-14T22:14:00 981.7 22.9 91.2
2022-01-14T22:15:00 981.7 22.9 91.3
2022-01-14T22:16:00 981.7 22.9 91.4
2022-01-14T22:17:00 981.6 22.9 91.5
2022-01-14T22:18:00 981.6 22.9 91.0
2022-01-14T22:19:00 981.6 22.9 91.2
2022-01-14T22:20:00 981.7 22.9 91.2
2022-01-14T22:21:00 981.7 22.9 91.6
2022-01-14T22:22:00 981.7 22.9 92.0
2022-01-14T22:23:00 981.7 22.9 92.2
2022-01-14T22:24:00 981.7 22.9 92.2
2022-01-14T22:25:00 981.7 22.9 92.4
2022-01-14T22:26:00 981.7 22.9 92.5
2022-01-14T22:27:00 981.7 22.9 92.3
2022-01-14T22:28:00 981.7 23.0 92.7
2022-01-14T22:29:00 981.7 23.0 92.8
2022-01-14T22:30:00 981.7 23.0 92.7
2022-01-14T22:31:00 981.6 23.1 92.6
2022-01-14T22:32:00 981.6 23.0 92.4
2022-01-14T22:33:00 981.6 23.1 92.5
2022-01-14T22:34:00 981.6 23.1 92.5
2022-01-14T22:35:00 981.6 23.1 92.3
2022-01-14T22:36:00 981.7 23.1 92.2
2022-01-14T22:37:00 981.7 23.0 92.0
2022-01-14T22:38:00 981.7 23.1 92.3
2022-01-14T22:39:00 981.7 23.1 92.3
2022-01-14T22:40:00 981.7 23.1 91.9
2022-01-14T22:41:00 981.7 23.1 91.3
2022-01-14T22:42:00 981.8 23.2 91.2
2022-01-14T22:43:00 981.8 23.3 91.4
2022-01-14T22:44:00 981.8 23.4 91.5
2022-01-14T22:45:00 981.9 23.4 91.7
2022-01-14T22:46:00 981.9 23.4 91.7
2022-01-14T22:47:00 981.9 23.4 91.7
2022-01-14T22:48:00 981.9 23.4 91.6
2022-01-14T22:49:00 982.0 23.4 91.4
2022-01-14T22:50:00 982.0 23.4 91.0
2022-01-14T22:51:00 982.0 23.5 90.5
2022-01-14T22:52:00 982.0 23.5 90.5
2022-01-14T22:53:00 981.9 23.5 90.5
2022-01-14T22:54:00 981.9 23.5 90.7
2022-01-14T22:55:00 981.9 23.5 91.0
2022-01-14T22:56:00 981.9 23.5 91.4
2022-01-14T22:57:00 981.9 23.5 91.6
2022-01-14T22:58:00 981.8 23.4 91.6
2022-01-14T22:59:00 981.8 23.4 91.8
2022-01-14T23:00:00 981.8 23.4 91.6
2022-01-14T23:01:00 981.9 23.4 91.2
2022-01-14T23:02:00 981.9 23.4 91.0
2022-01-14T23:03:00 981.9 23.5 91.6
2022-01-14T23:04:00 982.0 23.5 91.4
2022-01-14T23:05:00 982.0 23.6 92.0
2022-01-14T23:06:00 982.0 23.5 92.4
2022-01-14T23:07:00 982.0 23.5 92.4
2022-01-14T23:08:00 982.0 23.4 92.0
2022-01-14T23:09:00 982.0 23.4 92.1
2022-01-14T23:10:00 981.9 23.3 92.0
2022-01-14T23:11:00 981.9 23.4 92.4
2022-01-14T23:12:00 981.9 23.4 92.3
2022-01-14T23:13:00 981.8 23.3 91.5
2022-01-14T23:14:00 981.8 23.3 91.0
2022-01-14T23:15:00 981.8 23.4 91.5
2022-01-14T23:16:00 981.8 23.4 91.9
2022-01-14T23:17:00 981.8 23.4 92.1
2022-01-14T23:18:00 981.8 23.4 91.6
2022-01-14T23:19:00 981.8 23.4 91.4
2022-01-14T23:20:00 981.8 23.4 91.1
2022-01-14T23:21:00 981.9 23.4 91.0
2022-01-14T23:22:00 981.9 23.5 90.7
2022-01-14T23:23:00 982.0 23.4 90.0
2022-01-14T23:24:00 982.0 23.5 89.4
2022-01-14T23:25:00 982.0 23.5 89.0
2022-01-14T23:26:00 982.0 23.6 88.8
2022-01-14T23:27:00 982.1 23.6 88.8
2022-01-14T23:28:00 982.1 23.7 88.9
2022-01-14T23:29:00 982.2 23.7 88.9
2022-01-14T23:30:00 982.2 23.7 88.9
2022-01-14T23:31:00 982.2 23.7 89.2
2022-01-14T23:32:00 982.3 23.8 89.5
2022-01-14T23:33:00 982.3 23.8 89.9
2022-01-14T23:34:00 982.3 23.8 90.1
2022-01-14T23:35:00 982.3 23.9 90.1
2022-01-14T23:36:00 982.3 23.9 90.6
2022-01-14T23:37:00 982.4 23.9 90.8
2022-01-14T23:38:00 982.4 23.9 91.6
2022-01-14T23:39:00 982.4 23.8 91.7
2022-01-14T23:40:00 982.4 23.8 91.5
2022-01-14T23:41:00 982.4 23.8 91.5
2022-01-14T23:42:00 982.4 23.8 91.8
2022-01-14T23:43:00 982.5 23.8 92.0
2022-01-14T23:44:00 982.5 23.8 92.2
